1 0.462002 0.456790 0.027952 0.029700
1 0.462002 0.399138 0.020091 0.025041
1 0.613775 0.425926 0.017034 0.015723
1 0.527734 0.291696 0.023148 0.015141
1 0.630547 0.657058 0.010045 0.038435
1 0.623340 0.931633 0.025332 0.022711
1 0.657626 0.801479 0.015287 0.017470
1 0.580756 0.814873 0.017907 0.010482
1 0.593422 0.762462 0.010919 0.018635
1 0.560010 0.714128 0.006115 0.009317
1 0.709163 0.464594 0.009172 0.015723
1 0.682303 0.475949 0.009609 0.009317
0 0.891509 0.501532 0.017537 0.031850
1 0.767628 0.864578 0.010583 0.017739
0 0.763244 0.706418 0.013909 0.042332
0 0.769745 0.182511 0.021468 0.024996
1 0.760220 0.280277 0.009676 0.016530