0 0.458112 0.958333 0.025266 0.028369
0 0.773936 0.398936 0.013298 0.023050
0 0.839096 0.445035 0.013298 0.019504
0 0.992021 0.559397 0.010638 0.017730
0 0.918883 0.565603 0.010638 0.015957
1 0.607048 0.763298 0.014628 0.021277
1 0.684176 0.712766 0.009309 0.012411
1 0.767287 0.731383 0.013298 0.017730
1 0.682181 0.767730 0.007979 0.008865
1 0.769947 0.781028 0.005319 0.010638
1 0.935505 0.907801 0.017287 0.026596
1 0.666888 0.595745 0.019947 0.015957
1 0.423537 0.230496 0.009309 0.015957
1 0.541888 0.857270 0.017287 0.017730
1 0.546543 0.882979 0.015957 0.015957
1 0.337101 0.854610 0.019947 0.019504
1 0.281915 0.779255 0.015957 0.021277
1 0.622340 0.543440 0.010638 0.014184
1 0.585106 0.491135 0.010638 0.012411
1 0.612367 0.499113 0.014628 0.010638
1 0.526596 0.438830 0.007979 0.014184
1 0.530585 0.549645 0.010638 0.030142
1 0.895612 0.687943 0.011968 0.019504
1 0.462766 0.140071 0.013298 0.012411
1 0.248005 0.134752 0.009309 0.019504
1 0.168218 0.068262 0.011968 0.017730
1 0.209441 0.156915 0.017287 0.017730
1 0.200133 0.277482 0.014628 0.021277
1 0.239362 0.304078 0.015957 0.010638
1 0.186835 0.300532 0.017287 0.010638
1 0.224069 0.276596 0.003989 0.008865
1 0.200798 0.392730 0.010638 0.010638
1 0.117021 0.404255 0.013298 0.008865
2 0.137633 0.421986 0.022606 0.023050
2 0.066489 0.626773 0.018617 0.024823
2 0.077793 0.589539 0.011968 0.024823
2 0.009973 0.425532 0.011968 0.012411
2 0.006649 0.295213 0.013298 0.031915
2 0.140957 0.621454 0.021277 0.031915
2 0.139628 0.649823 0.018617 0.024823
2 0.182846 0.742908 0.017287 0.037234
3 0.182181 0.924645 0.029255 0.031915
2 0.131649 0.830674 0.015957 0.024823
2 0.396277 0.963652 0.018617 0.039007
2 0.228723 0.711879 0.015957 0.014184
1 0.266622 0.688830 0.011968 0.024823
1 0.315160 0.626773 0.007979 0.014184