0 0.425532 0.424645 0.031915 0.085106
0 0.527261 0.640957 0.054521 0.078014
0 0.826463 0.238475 0.035904 0.085106
0 0.079122 0.551418 0.059840 0.065603
0 0.819814 0.067376 0.011968 0.030142
0 0.615691 0.315603 0.037234 0.030142
0 0.501330 0.347518 0.015957 0.023050
0 0.603059 0.534574 0.017287 0.024823
0 0.775266 0.460993 0.031915 0.023050
0 0.791223 0.400709 0.015957 0.023050
0 0.944149 0.170213 0.015957 0.023050
0 0.896277 0.154255 0.007979 0.008865
0 0.902926 0.420213 0.018617 0.026596
0 0.699468 0.543440 0.013298 0.017730
0 0.653590 0.573582 0.014628 0.024823
0 0.645612 0.724291 0.019947 0.039007
0 0.702128 0.651596 0.013298 0.024823
0 0.694814 0.694149 0.014628 0.021277
0 0.701463 0.736702 0.025266 0.017730
0 0.671543 0.620567 0.010638 0.026596
0 0.322473 0.794326 0.022606 0.033688
0 0.269947 0.734043 0.015957 0.015957
0 0.443484 0.705674 0.009309 0.019504
0 0.474069 0.683511 0.014628 0.024823
0 0.452128 0.539007 0.010638 0.019504
0 0.505319 0.410461 0.007979 0.014184
0 0.796543 0.592199 0.018617 0.019504
0 0.839761 0.612589 0.009309 0.024823
0 0.861037 0.581560 0.014628 0.019504
0 0.862367 0.541667 0.011968 0.021277
0 0.809840 0.518617 0.005319 0.024823
0 0.827128 0.702128 0.015957 0.047872
0 0.972739 0.734043 0.019947 0.026596
0 0.927527 0.790780 0.014628 0.026596
0 0.767287 0.914007 0.015957 0.021277
0 0.791888 0.985816 0.011968 0.019504
0 0.676197 0.822695 0.017287 0.030142
0 0.521941 0.742021 0.011968 0.014184
0 0.549202 0.773936 0.021277 0.024823
0 0.609043 0.844858 0.007979 0.017730
0 0.878989 0.528369 0.021277 0.012411
0 0.956782 0.499113 0.011968 0.014184
0 0.946809 0.551418 0.007979 0.012411
0 0.334441 0.907801 0.006649 0.008865