0 0.842425 0.921037 0.055593 0.076574
1 0.774519 0.938495 0.012405 0.037981
1 0.739371 0.865903 0.014702 0.022666
1 0.661955 0.876623 0.011486 0.025729
1 0.525132 0.824553 0.042728 0.018378
1 0.477303 0.861309 0.017459 0.017153
1 0.231959 0.772482 0.016540 0.017153
1 0.316497 0.808013 0.011027 0.029405
1 0.080572 0.991607 0.025270 0.016785
1 0.588260 0.716736 0.017000 0.018378
1 0.662690 0.711713 0.016081 0.013477
1 0.682997 0.595442 0.008729 0.023279
1 0.577095 0.586560 0.018378 0.012864
1 0.577784 0.565731 0.013324 0.012864
1 0.725266 0.513477 0.017000 0.018378
1 0.697700 0.548089 0.018837 0.039819
1 0.812745 0.481561 0.009648 0.027567
1 0.718834 0.450931 0.007811 0.014090
1 0.818075 0.389059 0.009648 0.012864
1 0.844493 0.442967 0.009189 0.010414
1 0.906748 0.420914 0.005973 0.020216
1 0.901234 0.514947 0.009648 0.011027
1 0.930639 0.501470 0.007811 0.012252
1 0.911342 0.665278 0.008729 0.012252
1 0.733996 0.642612 0.010567 0.013477
1 0.746631 0.762742 0.008270 0.010414
1 0.782468 0.809115 0.011946 0.011027
1 0.780859 0.831169 0.006892 0.008576
1 0.872978 0.803296 0.014702 0.015315
1 0.970381 0.704362 0.007351 0.017153
1 0.341951 0.693335 0.008270 0.014702
1 0.039681 0.390039 0.009648 0.018990
1 0.232510 0.264090 0.010108 0.022666
1 0.160837 0.204055 0.008270 0.017765
1 0.419183 0.299314 0.014243 0.014702
1 0.572087 0.415217 0.015162 0.022053
1 0.543142 0.489892 0.017918 0.016540
1 0.609762 0.396349 0.011486 0.014702
1 0.597816 0.426979 0.014243 0.012252
1 0.575992 0.461590 0.008270 0.012864
1 0.580127 0.347158 0.006432 0.014090
1 0.609670 0.247856 0.008362 0.021563
1 0.534964 0.153271 0.010567 0.014702
1 0.681297 0.206567 0.020216 0.020828
1 0.707716 0.298763 0.015162 0.027567
1 0.713229 0.358184 0.011486 0.025116
1 0.738820 0.241056 0.018378 0.016540
1 0.813250 0.226660 0.010108 0.014702
1 0.791427 0.055746 0.019756 0.020828
1 0.878951 0.182247 0.012864 0.022666
1 0.763630 0.079637 0.007351 0.008576
1 0.986462 0.328045 0.008270 0.021441
1 0.535331 0.728865 0.010567 0.012252
1 0.430624 0.731928 0.009189 0.012252
1 0.552836 0.897635 0.012864 0.011639
1 0.745069 0.960120 0.011027 0.014090
1 0.781411 0.908356 0.011486 0.019603
1 0.344156 0.041350 0.007351 0.014090
1 0.364601 0.024810 0.008729 0.011639
2 0.895262 0.681451 0.007811 0.020828
2 0.885613 0.691865 0.008729 0.019603
2 0.904910 0.706261 0.009648 0.014090
2 0.924207 0.737197 0.005973 0.013477
2 0.909964 0.735972 0.007811 0.017153
2 0.900545 0.740566 0.007351 0.020216
2 0.957287 0.686351 0.012405 0.013477
2 0.940976 0.774810 0.011027 0.007351
2 0.933625 0.783693 0.013783 0.010414
2 0.946949 0.785530 0.011027 0.009189
2 0.988529 0.732235 0.010567 0.018990
2 0.969922 0.746937 0.009189 0.017765
2 0.925585 0.723658 0.010567 0.009189
2 0.861492 0.695908 0.017459 0.012252
2 0.938679 0.795332 0.013783 0.011639
2 0.958206 0.798701 0.017000 0.009802
2 0.977732 0.799926 0.013783 0.012252
2 0.960733 0.773585 0.010108 0.020828
2 0.979111 0.776954 0.015621 0.014090
2 0.964179 0.834538 0.016081 0.020216
2 0.906748 0.800539 0.013324 0.014702
2 0.909504 0.817692 0.011486 0.018378
2 0.922828 0.833007 0.014243 0.014702
2 0.922369 0.854754 0.015162 0.011639
2 0.885843 0.821980 0.007351 0.011027
2 0.866087 0.818304 0.010108 0.012252
2 0.844033 0.833926 0.015621 0.023891
2 0.860803 0.842808 0.008729 0.019603
2 0.862871 0.860880 0.016540 0.010414
2 0.901005 0.889059 0.010108 0.014090
2 0.902613 0.902536 0.009648 0.015315
2 0.915477 0.906518 0.005054 0.024504
2 0.880789 0.893347 0.005513 0.015315
2 0.892964 0.859348 0.009648 0.018378
2 0.828182 0.867312 0.013324 0.019603
2 0.791656 0.740811 0.008270 0.025116
2 0.779941 0.725802 0.013324 0.019603
2 0.763171 0.753063 0.010108 0.023891
2 0.730320 0.705893 0.016081 0.016540
2 0.679643 0.894572 0.014702 0.018990
2 0.644955 0.800539 0.027107 0.026954
2 0.598092 0.790125 0.013324 0.020828
2 0.541212 0.856592 0.012405 0.016540
2 0.513875 0.871600 0.014702 0.018378
2 0.521456 0.908356 0.006892 0.022053
2 0.499862 0.924590 0.013324 0.007964
2 0.497565 0.911725 0.010567 0.014090
2 0.459155 0.823818 0.009648 0.020828
2 0.412062 0.776035 0.012864 0.017153
2 0.389319 0.786756 0.019756 0.020216
2 0.350726 0.819223 0.014243 0.012864
2 0.354631 0.839439 0.017459 0.023891
2 0.345213 0.867006 0.017000 0.010414
2 0.337402 0.903149 0.009648 0.027567
2 0.323619 0.903149 0.011486 0.017765
2 0.294214 0.935923 0.009648 0.015927
2 0.277444 0.893347 0.015621 0.014090
2 0.285025 0.870069 0.010567 0.021441
2 0.230627 0.863636 0.007811 0.020828
2 0.217992 0.855366 0.009189 0.023891
2 0.179858 0.866393 0.008270 0.026342
2 0.069775 0.958282 0.013783 0.023891
2 0.141218 0.935004 0.011486 0.031242
2 0.117787 0.905599 0.014243 0.016540
2 0.195433 0.865168 0.010567 0.015315
2 0.209906 0.882933 0.011027 0.012864
2 0.213352 0.753676 0.008729 0.027567
2 0.131800 0.774504 0.011027 0.014090
2 0.146732 0.761027 0.013324 0.014090
2 0.122611 0.791350 0.014702 0.020828
2 0.267107 0.684146 0.017918 0.011027
2 0.262283 0.732541 0.009189 0.013477
2 0.275606 0.728559 0.011946 0.011639
2 0.296052 0.712632 0.019756 0.012864
2 0.169015 0.555930 0.011027 0.028792
2 0.114341 0.529282 0.009189 0.019603
2 0.023830 0.769113 0.015621 0.015315
2 0.352793 0.753982 0.010108 0.025729
2 0.420194 0.682002 0.020675 0.023891
2 0.450747 0.578473 0.013783 0.023891
2 0.549620 0.655905 0.010108 0.020216
2 0.545485 0.682860 0.014702 0.010414
2 0.533310 0.705832 0.020675 0.022053
2 0.616699 0.708282 0.006432 0.022053
2 0.638064 0.642122 0.009648 0.022053
2 0.638982 0.729601 0.009648 0.015927
2 0.644266 0.746753 0.011946 0.011027
2 0.633469 0.723168 0.006892 0.021441
2 0.629334 0.741546 0.009648 0.017765
2 0.582287 0.732664 0.010567 0.011027
2 0.549436 0.796067 0.017459 0.017765
2 0.505100 0.803112 0.008729 0.024504
2 0.432186 0.821061 0.031242 0.022666
2 0.408984 0.795332 0.015162 0.030017
2 0.738269 0.795638 0.012864 0.018378
2 0.803970 0.801152 0.011027 0.025729
2 0.821888 0.789206 0.011027 0.018990
2 0.838428 0.791656 0.007351 0.020216
2 0.795700 0.770216 0.011946 0.016540
2 0.814537 0.695785 0.007351 0.024504
2 0.903532 0.838214 0.016081 0.021441
2 0.803602 0.904068 0.007351 0.024504
2 0.956368 0.584477 0.009648 0.021441
2 0.955449 0.539757 0.020675 0.014090
2 0.957517 0.556604 0.014702 0.014702
2 0.965557 0.505207 0.012405 0.015315
2 0.917085 0.524504 0.010108 0.022053
2 0.643347 0.093727 0.012864 0.019603
2 0.721223 0.160806 0.008729 0.021441
2 0.601538 0.337846 0.013783 0.034918
2 0.372825 0.296496 0.010108 0.018378
2 0.352839 0.346729 0.017000 0.014702
1 0.245972 0.325778 0.005973 0.020828
2 0.178204 0.191742 0.011027 0.017153
2 0.342686 0.115474 0.007351 0.031242
2 0.246432 0.011946 0.026188 0.023891
2 0.292147 0.138140 0.011946 0.017765
2 0.528394 0.248897 0.016540 0.007964
2 0.655890 0.269726 0.013324 0.010414
2 0.532529 0.436658 0.008270 0.015927
2 0.526234 0.480458 0.011486 0.011639
2 0.498668 0.474026 0.007811 0.017153
2 0.493246 0.623744 0.010567 0.013477
2 0.585135 0.877420 0.006892 0.014090
2 0.653042 0.704913 0.012405 0.020216
2 0.608935 0.744425 0.009648 0.013477
2 0.595381 0.749939 0.005513 0.013477
2 0.942125 0.488422 0.013324 0.011639
2 0.871830 0.500980 0.007811 0.013477
2 0.706889 0.631157 0.012405 0.017765
2 0.302254 0.631157 0.015621 0.023891
2 0.324859 0.532896 0.012864 0.010414
2 0.198282 0.728314 0.013324 0.010414
2 0.115949 0.626930 0.016081 0.012252
1 0.006830 0.709017 0.010108 0.014702
1 0.268209 0.819162 0.008729 0.008576
1 0.232602 0.831414 0.013783 0.011027
1 0.273723 0.846729 0.007811 0.011027
1 0.260629 0.766785 0.010108 0.010414
1 0.369517 0.805379 0.010108 0.016540
1 0.547139 0.965327 0.005513 0.011027
1 0.671557 0.861063 0.011946 0.014702
1 0.619640 0.777138 0.008270 0.014702
1 0.614586 0.557033 0.007351 0.017765
1 0.649504 0.565609 0.007351 0.012864
1 0.921009 0.804157 0.005676 0.011099
1 0.929712 0.803148 0.009459 0.009081
1 0.996166 0.710070 0.007668 0.011603
1 0.812229 0.973918 0.006054 0.007567
1 0.667238 0.755020 0.006811 0.011099
1 0.791986 0.580718 0.006432 0.010594
1 0.857255 0.582232 0.009081 0.014630
1 0.864444 0.603673 0.008324 0.012108
1 0.920442 0.435829 0.005297 0.012612
1 0.926117 0.313490 0.007567 0.008072
1 0.751047 0.337453 0.007946 0.008576
1 0.671211 0.371506 0.007946 0.009081
1 0.574009 0.347392 0.006054 0.011099
1 0.602916 0.188225 0.004540 0.012612
1 0.796867 0.103370 0.006811 0.011603
1 0.988359 0.083745 0.007946 0.021189
1 0.189133 0.666229 0.006811 0.012108
1 0.165674 0.677076 0.005297 0.006558
1 0.078272 0.656140 0.009081 0.010090
1 0.047813 0.741398 0.006432 0.010090