1 0.459392 0.775560 0.006955 0.014514
1 0.457426 0.789671 0.027213 0.018545
1 0.478955 0.193195 0.023585 0.025399
1 0.495585 0.207910 0.025399 0.016126
2 0.401971 0.289389 0.006047 0.022174
1 0.866413 0.485365 0.008466 0.012095
1 0.823627 0.410982 0.014211 0.009273
2 0.788855 0.215449 0.008164 0.018142
2 0.685444 0.334986 0.011792 0.006451
2 0.710541 0.458152 0.005745 0.014111
1 0.465288 0.050395 0.006652 0.009273
1 0.202558 0.827246 0.009373 0.012095
1 0.186774 0.662151 0.014211 0.016530
1 0.107251 0.665981 0.017840 0.013707