0 0.644983 0.720412 0.183962 0.291595
1 0.735678 0.432247 0.028302 0.030875
1 0.845470 0.227117 0.017542 0.024170
1 0.858627 0.736317 0.023975 0.034305
1 0.834652 0.908623 0.018127 0.024949
1 0.559235 0.791283 0.018127 0.019492
1 0.512981 0.958522 0.010525 0.018712
1 0.830851 0.730859 0.014034 0.018712
1 0.971484 0.802978 0.009941 0.019492
1 0.364455 0.527288 0.017542 0.017932
1 0.331007 0.464603 0.010525 0.017932
1 0.394745 0.472400 0.012864 0.017932
1 0.125468 0.539061 0.011110 0.021831
1 0.032200 0.651723 0.010525 0.021051
1 0.215519 0.727741 0.008771 0.017153
1 0.033077 0.783097 0.008771 0.017153
1 0.839038 0.648215 0.007017 0.014034
1 0.487837 0.078278 0.010525 0.015593
1 0.161547 0.117262 0.010525 0.014034
1 0.577012 0.422189 0.009941 0.016373
1 0.660338 0.477935 0.011695 0.014034
1 0.565901 0.532122 0.013449 0.019492
1 0.603033 0.525105 0.009356 0.010136
1 0.357146 0.612740 0.013449 0.019492
1 0.561574 0.824809 0.009941 0.017932
2 0.423866 0.394277 0.012864 0.017932
2 0.464798 0.327616 0.015203 0.017153
2 0.479709 0.295260 0.013449 0.013254
2 0.214233 0.329955 0.015788 0.026509
2 0.746647 0.591533 0.026898 0.017932
2 0.847224 0.318650 0.012864 0.022610
2 0.897513 0.699283 0.017542 0.025729
2 0.879678 0.706300 0.012280 0.021051
2 0.931721 0.851863 0.015788 0.018712
2 0.846640 0.833151 0.018712 0.023390
2 0.747232 0.855762 0.012864 0.023390
2 0.738169 0.945423 0.011110 0.023390
2 0.870614 0.961407 0.014034 0.022610
2 0.673203 0.925932 0.011695 0.026509
2 0.301536 0.887182 0.016373 0.025729
2 0.283116 0.896148 0.012280 0.028068
2 0.276099 0.874708 0.019297 0.025729
2 0.269375 0.948386 0.018712 0.040543
2 0.153010 0.868470 0.014034 0.024170
2 0.228735 0.685872 0.018127 0.024170
2 0.393342 0.582957 0.014034 0.016373
2 0.065122 0.330501 0.015788 0.014814
2 0.251949 0.710588 0.011695 0.015593
2 0.379132 0.800639 0.014619 0.013254
2 0.067461 0.900826 0.012280 0.024949
2 0.017172 0.760487 0.018127 0.028068
2 0.952479 0.635350 0.009356 0.021051
2 0.776470 0.749961 0.011695 0.013254
2 0.811262 0.834555 0.016958 0.017153
2 0.877631 0.791673 0.009356 0.017153
2 0.908331 0.861063 0.008771 0.017153