2 0.596410 0.320035 0.019947 0.049645
2 0.698138 0.458333 0.007979 0.024823
2 0.783245 0.476064 0.010638 0.021277
2 0.728723 0.564716 0.010638 0.024823
2 0.738697 0.532801 0.014628 0.021277
2 0.854388 0.570035 0.017287 0.017730
2 0.456782 0.613475 0.009309 0.023050
2 0.557846 0.518617 0.014628 0.024823
2 0.517952 0.655142 0.022606 0.024823
2 0.603723 0.809397 0.018617 0.031915
2 0.397606 0.444149 0.015957 0.024823
2 0.408245 0.673759 0.023936 0.023050
2 0.117686 0.470745 0.014628 0.017730
2 0.186170 0.206560 0.018617 0.014184
2 0.101729 0.193262 0.025266 0.015957
2 0.111037 0.057624 0.011968 0.021277
2 0.144282 0.096631 0.009309 0.021277
2 0.103059 0.846631 0.025266 0.046099
2 0.065824 0.839539 0.014628 0.017730
2 0.058511 0.959220 0.023936 0.026596
2 0.108378 0.618794 0.014628 0.015957
2 0.151596 0.526596 0.010638 0.030142
2 0.149601 0.382092 0.014628 0.021277
2 0.099734 0.355496 0.010638 0.031915
2 0.059176 0.367908 0.006649 0.017730
2 0.230053 0.788121 0.007979 0.028369
2 0.440824 0.942376 0.019947 0.021277
2 0.472074 0.905142 0.018617 0.017730
2 0.560505 0.901596 0.014628 0.024823
2 0.809176 0.773050 0.014628 0.019504
2 0.622340 0.281915 0.007979 0.030142
2 0.829787 0.155142 0.007979 0.024823
2 0.899601 0.321809 0.022606 0.021277
2 0.968085 0.175532 0.007979 0.012411
2 0.945479 0.203014 0.013298 0.021277
2 0.949468 0.225177 0.018617 0.023050
2 0.862367 0.772163 0.014628 0.028369
2 0.849734 0.820922 0.015957 0.030142
2 0.765957 0.815603 0.023936 0.023050
2 0.761303 0.864362 0.022606 0.028369
2 0.796543 0.834220 0.018617 0.021277
2 0.777926 0.863475 0.018617 0.026596
2 0.813830 0.858156 0.018617 0.015957
2 0.827128 0.850177 0.021277 0.021277
2 0.910239 0.770390 0.009309 0.021277
2 0.878989 0.811170 0.013298 0.021277
2 0.982048 0.637411 0.011968 0.021277
2 0.934176 0.874113 0.017287 0.023050
2 0.981383 0.860816 0.005319 0.024823
0 0.476064 0.206560 0.015957 0.014184
0 0.575133 0.087766 0.014628 0.024823
0 0.599069 0.239362 0.019947 0.015957
0 0.568484 0.386525 0.014628 0.033688
0 0.469415 0.375887 0.018617 0.015957
3 0.603723 0.587766 0.015957 0.031915
0 0.873005 0.615248 0.011968 0.026596
0 0.615027 0.183511 0.019947 0.024823
0 0.830452 0.319149 0.019947 0.030142
0 0.827128 0.364362 0.013298 0.021277
0 0.430186 0.638298 0.019947 0.015957
0 0.609043 0.675532 0.015957 0.019504
0 0.667553 0.509752 0.010638 0.021277
0 0.688165 0.738475 0.014628 0.014184
0 0.687500 0.864362 0.013298 0.028369
3 0.638963 0.986702 0.011968 0.021277
0 0.990691 0.606383 0.018617 0.030142
0 0.971410 0.145390 0.014628 0.026596
0 0.129654 0.914007 0.014628 0.010638
0 0.428856 0.789007 0.011968 0.019504
0 0.465426 0.816489 0.010638 0.017730
1 0.612367 0.719858 0.006649 0.019504
1 0.511303 0.087766 0.006649 0.014184
1 0.709441 0.101950 0.006649 0.017730
1 0.958112 0.914894 0.006649 0.008865
1 0.289894 0.777482 0.007979 0.010638
1 0.712766 0.541667 0.005319 0.010638
1 0.912899 0.392730 0.003989 0.007092
1 0.719415 0.781915 0.005319 0.012411
1 0.815160 0.725177 0.005319 0.012411
1 0.979388 0.822695 0.009309 0.008865
3 0.782580 0.972518 0.006649 0.024823
2 0.706782 0.777482 0.006649 0.028369
2 0.803856 0.976950 0.014628 0.023050
2 0.988697 0.786348 0.022606 0.010638
2 0.952793 0.879433 0.017287 0.023050
0 0.914229 0.832447 0.022606 0.028369