1 0.777261 0.619681 0.011968 0.028369
1 0.728059 0.281915 0.014628 0.023050
1 0.854388 0.707447 0.030585 0.030142
1 0.773271 0.875000 0.014628 0.021277
1 0.653590 0.764184 0.014628 0.019504
1 0.537234 0.834220 0.013298 0.010638
1 0.829122 0.461879 0.006649 0.007092
1 0.870346 0.512411 0.011968 0.015957
1 0.840426 0.529255 0.015957 0.021277
1 0.874335 0.582447 0.014628 0.014184
1 0.859043 0.593085 0.010638 0.010638
1 0.905585 0.614362 0.013298 0.010638
1 0.973404 0.617908 0.010638 0.014184
1 0.888298 0.629433 0.010638 0.019504
1 0.867021 0.628546 0.007979 0.010638
1 0.897606 0.670213 0.013298 0.008865
1 0.968085 0.750887 0.015957 0.017730
1 0.846410 0.754433 0.009309 0.014184
1 0.829787 0.776596 0.021277 0.019504
1 0.976064 0.882092 0.021277 0.014184
1 0.923537 0.812943 0.009309 0.007092
1 0.857713 0.289007 0.010638 0.015957
1 0.882979 0.320922 0.010638 0.008865
1 0.781915 0.226950 0.018617 0.040780
1 0.480053 0.042553 0.021277 0.030142
1 0.588431 0.278369 0.011968 0.008865
1 0.384973 0.371454 0.017287 0.031915
1 0.308511 0.390957 0.031915 0.024823
1 0.482048 0.522163 0.019947 0.031915
1 0.652261 0.697695 0.011968 0.021277
1 0.728059 0.643617 0.017287 0.033688
1 0.763298 0.773050 0.015957 0.012411
1 0.384309 0.457447 0.013298 0.019504
1 0.417553 0.429078 0.015957 0.019504
1 0.207447 0.510638 0.013298 0.019504
0 0.069814 0.378546 0.035904 0.039007
0 0.354388 0.967199 0.014628 0.024823
0 0.192154 0.679078 0.017287 0.019504
0 0.154920 0.541667 0.006649 0.028369
0 0.033910 0.694149 0.006649 0.024823
0 0.065824 0.619681 0.017287 0.017730
0 0.011303 0.673759 0.009309 0.019504
0 0.006649 0.711879 0.013298 0.021277
1 0.299202 0.986702 0.018617 0.017730
1 0.684176 0.775709 0.003989 0.010638
1 0.515293 0.738475 0.006649 0.007092
1 0.414229 0.601064 0.019947 0.019504
1 0.686835 0.070035 0.011968 0.028369
1 0.385638 0.109929 0.018617 0.015957
1 0.220745 0.153369 0.013298 0.010638
1 0.167553 0.143617 0.021277 0.019504
1 0.178856 0.105496 0.011968 0.014184
1 0.067154 0.282801 0.033245 0.035461