0 0.551197 0.486702 0.022606 0.035461
0 0.813165 0.202128 0.019947 0.030142
0 0.728059 0.497340 0.017287 0.021277
0 0.747340 0.582447 0.023936 0.031915
0 0.714096 0.745567 0.021277 0.035461
0 0.634973 0.849291 0.019947 0.019504
0 0.640957 0.938830 0.015957 0.042553
0 0.349069 0.769504 0.019947 0.026596
0 0.138298 0.643617 0.015957 0.015957
0 0.586436 0.634752 0.018617 0.019504
0 0.546543 0.654255 0.021277 0.019504
0 0.630984 0.731383 0.014628 0.017730
0 0.670878 0.785461 0.017287 0.026596
0 0.880984 0.931738 0.011968 0.024823
0 0.971410 0.930851 0.014628 0.023050
0 0.996011 0.797872 0.007978 0.030142
1 0.794548 0.676418 0.014628 0.021277
1 0.465426 0.132979 0.015957 0.015957
1 0.678191 0.413121 0.010638 0.008865
1 0.650266 0.419326 0.007979 0.010638
1 0.506649 0.431738 0.005319 0.010638
1 0.483378 0.851064 0.006649 0.008865
1 0.398271 0.631206 0.006649 0.008865
1 0.756649 0.326241 0.013298 0.012411