0 0.692154 0.100177 0.022606 0.021277
0 0.465426 0.515071 0.015957 0.024823
0 0.748670 0.573582 0.015957 0.021277
0 0.767287 0.741135 0.021277 0.026596
0 0.858378 0.843972 0.017287 0.030142
0 0.976729 0.804078 0.017287 0.014184
0 0.726064 0.892730 0.015957 0.024823
0 0.676862 0.873227 0.015957 0.021277
0 0.625000 0.873227 0.015957 0.014184
2 0.651596 0.927305 0.013298 0.030142
0 0.605718 0.207447 0.014628 0.012411
0 0.533245 0.604610 0.010638 0.026596
0 0.300532 0.945922 0.018617 0.028369
0 0.313830 0.918440 0.015957 0.023050
0 0.027261 0.823582 0.017287 0.028369
0 0.004654 0.752660 0.009308 0.021277
0 0.341755 0.531028 0.015957 0.014184
0 0.613032 0.654255 0.013298 0.023050
1 0.625000 0.760638 0.013298 0.030142
1 0.353059 0.625887 0.014628 0.026596
1 0.890957 0.043440 0.015957 0.021277
1 0.103059 0.753546 0.009309 0.008865
1 0.434840 0.723404 0.007979 0.008865
1 0.380319 0.804965 0.013298 0.012411
1 0.448138 0.623227 0.005319 0.007092
1 0.560505 0.505319 0.006649 0.008865
1 0.515293 0.721631 0.006649 0.012411
1 0.494016 0.781028 0.011968 0.010638
3 0.438165 0.279255 0.025266 0.028369
1 0.394947 0.148936 0.013298 0.019504
1 0.912899 0.520390 0.009309 0.010638
1 0.996676 0.523936 0.006648 0.028369
1 0.246676 0.725177 0.009309 0.008865
1 0.130319 0.615248 0.013298 0.012411
1 0.238032 0.552305 0.010638 0.014184
1 0.199468 0.624113 0.005319 0.008865