1 0.609043 0.299645 0.021277 0.023050
1 0.744681 0.112589 0.023936 0.028369
1 0.857713 0.569149 0.021277 0.015957
1 0.928856 0.585993 0.014628 0.021277
1 0.507314 0.736702 0.022606 0.031915
1 0.517287 0.484043 0.018617 0.019504
1 0.597739 0.476950 0.017287 0.023050
1 0.589096 0.377660 0.013298 0.015957
1 0.473404 0.469858 0.010638 0.012411
1 0.457447 0.353723 0.018617 0.021277
1 0.442819 0.401596 0.010638 0.010638
1 0.287234 0.493794 0.013298 0.028369
1 0.376330 0.725177 0.018617 0.019504
1 0.343750 0.683511 0.009309 0.007092
1 0.325798 0.974291 0.023936 0.028369
1 0.492686 0.611702 0.017287 0.033688
2 0.604388 0.567376 0.022606 0.026596
2 0.753989 0.819149 0.015957 0.015957
2 0.514628 0.796099 0.029255 0.026596
2 0.529255 0.833333 0.026596 0.033688
2 0.559840 0.788121 0.010638 0.014184
2 0.572473 0.833333 0.009309 0.023050
2 0.564495 0.868794 0.011968 0.019504
2 0.535904 0.879433 0.015957 0.019504
2 0.535239 0.948582 0.025266 0.030142
2 0.488697 0.924645 0.014628 0.021277
2 0.474069 0.984043 0.014628 0.012411
2 0.666888 0.944149 0.011968 0.021277
2 0.702793 0.939716 0.014628 0.023050
2 0.589096 0.958333 0.013298 0.021277
2 0.559176 0.911348 0.033245 0.019504
2 0.585106 0.777482 0.026596 0.021277
2 0.661569 0.807624 0.017287 0.031915
2 0.636968 0.838652 0.010638 0.019504
2 0.714761 0.680851 0.017287 0.033688
2 0.714761 0.593085 0.022606 0.021277
2 0.859043 0.350177 0.007979 0.014184
2 0.802527 0.220745 0.017287 0.017730
2 0.718085 0.281028 0.015957 0.031915
2 0.347074 0.176418 0.015957 0.021277
2 0.281250 0.083333 0.025266 0.015957
2 0.373005 0.242908 0.011968 0.037234
2 0.351064 0.899823 0.021277 0.053191
2 0.438830 0.807624 0.023936 0.031915
2 0.424202 0.846631 0.023936 0.017730
2 0.414894 0.809397 0.018617 0.017730
2 0.275931 0.935284 0.025266 0.014184
2 0.198138 0.887411 0.021277 0.017730