0 0.597739 0.169326 0.022606 0.021277
0 0.641622 0.186170 0.017287 0.030142
1 0.914229 0.023936 0.022606 0.017730
0 0.684176 0.431738 0.017287 0.031915
0 0.632979 0.496454 0.026596 0.023050
1 0.597739 0.446809 0.009309 0.019504
1 0.640293 0.378546 0.014628 0.024823
1 0.708112 0.512411 0.017287 0.015957
2 0.907580 0.218085 0.019947 0.008865
2 0.668218 0.125000 0.009309 0.028369
2 0.368351 0.262411 0.010638 0.026596
2 0.804521 0.687057 0.021277 0.035461
1 0.300532 0.926418 0.010638 0.017730
1 0.326463 0.950355 0.019947 0.015957
1 0.652261 0.979610 0.017287 0.024823