1 0.743325 0.074950 0.028526 0.024610
1 0.671172 0.213662 0.030763 0.018644
1 0.771571 0.232307 0.012305 0.018644
1 0.752554 0.292714 0.014542 0.026102
1 0.710884 0.330002 0.018458 0.018644
1 0.619714 0.438511 0.016220 0.014915
1 0.754232 0.136476 0.012305 0.016407
1 0.899042 0.420240 0.012864 0.024610
1 0.631181 0.525617 0.013424 0.028339
1 0.543087 0.599821 0.019576 0.017153
1 0.627545 0.643076 0.012864 0.030576
1 0.714240 0.805280 0.017339 0.023865
1 0.851275 0.771720 0.016220 0.025356
1 0.733649 0.991013 0.013424 0.017973
1 0.438157 0.871653 0.017339 0.019390
1 0.387818 0.711313 0.013983 0.026848
1 0.411030 0.313148 0.011187 0.027593
2 0.684205 0.635692 0.022373 0.011932
2 0.324558 0.603624 0.014542 0.023865
2 0.790868 0.533448 0.018458 0.011187
2 0.504661 0.614662 0.026848 0.014915
2 0.542136 0.514580 0.017898 0.008949
2 0.645667 0.570512 0.015102 0.011932