0 0.561835 0.128842 0.014628 0.030733
0 0.494681 0.013002 0.013298 0.026004
0 0.581117 0.585106 0.013298 0.026005
0 0.570479 0.699764 0.015957 0.023641
0 0.587766 0.670213 0.015957 0.021277
1 0.760638 0.648936 0.015957 0.016548
1 0.718085 0.690307 0.015957 0.014184
0 0.680186 0.810875 0.011968 0.028369
0 0.541888 0.390071 0.011968 0.023641
0 0.428856 0.648936 0.014628 0.049645
1 0.596410 0.853428 0.006649 0.018913
1 0.516622 0.836879 0.009309 0.028369
1 0.464761 0.854610 0.006649 0.016548
1 0.497340 0.625296 0.013298 0.021277
1 0.484707 0.673759 0.006649 0.018913
1 0.105053 0.892435 0.007979 0.016548
1 0.084441 0.379433 0.014628 0.026005
1 0.894947 0.609929 0.015957 0.028369