2 0.868825 0.407376 0.024443 0.056604
2 0.728602 0.157804 0.016724 0.030875
1 0.780060 0.223842 0.016724 0.022298
2 0.863679 0.237564 0.021870 0.015437
2 0.754123 0.412998 0.019713 0.013341
2 0.839880 0.390223 0.020583 0.015437
2 0.751115 0.642367 0.020583 0.015437
2 0.777487 0.665523 0.016724 0.030875
2 0.733105 0.676672 0.023156 0.018868
2 0.497684 0.629503 0.010292 0.027444
2 0.545926 0.763293 0.019297 0.020583
2 0.466166 0.783019 0.019297 0.022298
2 0.700943 0.836192 0.020583 0.018868
1 0.675214 0.842196 0.020583 0.027444
1 0.666209 0.906518 0.012864 0.015437
1 0.193439 0.792453 0.009005 0.024014
2 0.890969 0.401182 0.015723 0.015882