0 0.496398 0.862779 0.218696 0.274442
2 0.553002 0.343053 0.059177 0.078902
2 0.569551 0.566757 0.008300 0.026006
2 0.927848 0.871189 0.009130 0.027112
2 0.629184 0.279146 0.009545 0.023792
2 0.766129 0.136668 0.019504 0.026559
2 0.693590 0.026559 0.007055 0.021026
2 0.925358 0.176230 0.014109 0.023792
2 0.863816 0.909368 0.009545 0.013833
2 0.862779 0.926244 0.007470 0.013279
2 0.850952 0.924030 0.011205 0.015493
2 0.776670 0.850993 0.007055 0.019919
2 0.795759 0.848503 0.012035 0.014939
2 0.784762 0.880872 0.019089 0.019919
2 0.800739 0.919880 0.012035 0.013833
2 0.632172 0.716538 0.012864 0.023239
2 0.600717 0.840923 0.017014 0.022132
2 0.142284 0.792895 0.018259 0.012173
2 0.042480 0.862336 0.007885 0.027112
2 0.319897 0.701046 0.011620 0.023239
2 0.494273 0.597466 0.030709 0.009960
2 0.686826 0.611575 0.012450 0.016046
2 0.711517 0.640458 0.013694 0.019366
2 0.631342 0.802302 0.007055 0.014386
2 0.861243 0.786532 0.017014 0.013833
2 0.948597 0.859016 0.009130 0.018259
2 0.994840 0.785426 0.010319 0.014939
2 0.987398 0.579539 0.012864 0.015493
2 0.854604 0.076910 0.014524 0.014386
2 0.599140 0.320865 0.009545 0.024899
2 0.510126 0.117191 0.008300 0.026559
2 0.551209 0.222874 0.014109 0.009960
2 0.232543 0.301112 0.011205 0.011066
2 0.149754 0.583190 0.016599 0.014386
2 0.118215 0.610303 0.009960 0.015493
2 0.136059 0.591767 0.014939 0.016046
2 0.189800 0.526753 0.010375 0.007746
2 0.005160 0.681127 0.010319 0.027666
2 0.180048 0.397831 0.009130 0.017706
2 0.949220 0.234881 0.007055 0.014939
2 0.949012 0.250097 0.009960 0.012173
2 0.971836 0.455320 0.010790 0.019366
2 0.841532 0.504012 0.014109 0.011620
2 0.689648 0.861451 0.014109 0.009406
2 0.629890 0.971892 0.014109 0.013833
1 0.812483 0.833287 0.014109 0.016599
1 0.800656 0.836054 0.011205 0.017706
1 0.777624 0.808942 0.011620 0.019919
1 0.773682 0.797045 0.010375 0.011620
1 0.734466 0.818071 0.007470 0.016046
1 0.776670 0.707630 0.014524 0.013833
1 0.857176 0.694904 0.011205 0.016046
1 0.909049 0.691584 0.012864 0.018259
2 0.934571 0.672218 0.014939 0.016046
1 0.723178 0.645161 0.009130 0.015493
1 0.782521 0.649311 0.009960 0.011620
1 0.651801 0.705196 0.014109 0.021579
1 0.552371 0.628285 0.014109 0.028219
1 0.371438 0.683063 0.015769 0.023792
1 0.312510 0.534388 0.013279 0.014386
1 0.403807 0.479887 0.007470 0.012726
1 0.329193 0.693742 0.007470 0.011066
1 0.310103 0.824434 0.008300 0.015493
1 0.265908 0.953632 0.007885 0.013833
1 0.308029 0.978532 0.009130 0.010513
1 0.510167 0.973828 0.012864 0.018813
2 0.490455 0.950866 0.009960 0.018259
2 0.664417 0.872572 0.008300 0.015493
1 0.792646 0.025176 0.020749 0.020473
1 0.856761 0.240137 0.010375 0.014386
1 0.765133 0.362142 0.008715 0.020473
1 0.859334 0.442926 0.016184 0.011620
1 0.851242 0.462292 0.019919 0.019366
1 0.762021 0.521219 0.007470 0.018813
1 0.323715 0.426216 0.009960 0.010513
1 0.349236 0.527195 0.012864 0.009960
1 0.280557 0.738007 0.009960 0.011066
1 0.467839 0.701488 0.009545 0.009960
1 0.657403 0.613235 0.008715 0.009406
1 0.040613 0.927904 0.012450 0.021026
1 0.070907 0.877829 0.011620 0.017153
1 0.119418 0.524429 0.009545 0.013279
1 0.094519 0.467714 0.007885 0.013833
1 0.556521 0.386488 0.009130 0.009406
1 0.274954 0.885022 0.006225 0.012726