1 0.516338 0.322470 0.024443 0.020583
1 0.454588 0.475986 0.011578 0.025729
1 0.488036 0.548885 0.019297 0.017153
1 0.781346 0.510292 0.024443 0.025729
1 0.671355 0.403087 0.023156 0.020583
1 0.651415 0.746141 0.019297 0.027444
1 0.554288 0.758148 0.020583 0.037736
1 0.547213 0.659520 0.024443 0.018868
3 0.589022 0.860206 0.023156 0.029160
1 0.967882 0.407376 0.021870 0.022298
1 0.816081 0.431389 0.016724 0.029160
1 0.311792 0.528302 0.027015 0.027444
1 0.061578 0.266724 0.028302 0.029160
1 0.706089 0.584906 0.015437 0.034305