2 0.551197 0.516844 0.038564 0.056738
2 0.675532 0.362589 0.015957 0.028369
2 0.737367 0.153369 0.017287 0.024823
2 0.851064 0.039007 0.013298 0.015957
2 0.807846 0.014628 0.009309 0.029255
2 0.625665 0.035461 0.022606 0.023050
2 0.391622 0.323582 0.014628 0.014184
2 0.333112 0.726064 0.019947 0.021277
2 0.260638 0.765957 0.018617 0.023050
2 0.291223 0.488475 0.010638 0.014184
2 0.465426 0.436170 0.015957 0.030142
2 0.279255 0.362589 0.010638 0.021277
2 0.296543 0.341312 0.021277 0.017730
2 0.344415 0.321809 0.013298 0.021277
2 0.374335 0.313830 0.014628 0.026596
2 0.317819 0.226950 0.018617 0.026596
2 0.553856 0.139184 0.009309 0.014184
2 0.603059 0.097518 0.009309 0.008865
2 0.798537 0.301418 0.017287 0.015957
2 0.909574 0.246454 0.013298 0.019504
2 0.928191 0.292553 0.010638 0.015957
2 0.924202 0.343972 0.010638 0.026596
2 0.909574 0.325355 0.026596 0.014184
2 0.968085 0.486702 0.018617 0.028369
2 0.986037 0.436170 0.014628 0.023050
2 0.987367 0.353723 0.009309 0.010638
2 0.852394 0.578901 0.013298 0.017730
2 0.852394 0.461879 0.013298 0.024823
2 0.781250 0.329787 0.011968 0.023050
2 0.674202 0.293440 0.005319 0.010638
2 0.495346 0.660461 0.009309 0.024823
2 0.402926 0.770390 0.015957 0.017730
2 0.390293 0.820035 0.011968 0.007092
2 0.433511 0.822695 0.010638 0.023050
2 0.386303 0.628546 0.017287 0.021277
2 0.329787 0.695922 0.013298 0.010638
2 0.353723 0.758865 0.010638 0.012411
2 0.345745 0.829787 0.005319 0.005319
2 0.577128 0.967199 0.021277 0.017730
2 0.589761 0.820922 0.011968 0.019504
2 0.599734 0.876773 0.018617 0.010638
2 0.816489 0.601950 0.015957 0.024823
2 0.757979 0.884752 0.013298 0.030142
2 0.738697 0.882979 0.001330 0.005319
2 0.969415 0.865248 0.013298 0.012411