1 0.544640 0.439108 0.019297 0.017153
1 0.623978 0.426395 0.020432 0.020180
1 0.699274 0.231662 0.018162 0.024216
1 0.697155 0.527192 0.021189 0.015135
1 0.569266 0.609424 0.018162 0.020180
1 0.566996 0.663404 0.021189 0.017153
1 0.671047 0.734537 0.012864 0.030269
1 0.676723 0.805670 0.013621 0.025224
1 0.668777 0.916658 0.017405 0.017153
1 0.650615 0.989809 0.015891 0.020180
1 0.902987 0.917667 0.015135 0.019171
1 0.504187 0.848552 0.021189 0.018162
1 0.348376 0.971143 0.011351 0.017153
1 0.075194 0.728484 0.014378 0.018162
2 0.273837 0.466149 0.013621 0.022198
2 0.758526 0.274947 0.011351 0.035314
2 0.711230 0.507012 0.022702 0.023207
2 0.584855 0.890425 0.021189 0.015135
2 0.544673 0.225003 0.011351 0.024216