1 0.683938 0.913474 0.013579 0.019059
1 0.703593 0.827711 0.017153 0.022870
1 0.738255 0.627597 0.015009 0.019059
1 0.660354 0.679531 0.012150 0.014294
1 0.801792 0.418239 0.012864 0.020011
1 0.618115 0.287212 0.012864 0.015247
1 0.253264 0.399657 0.015009 0.017153
1 0.436083 0.780541 0.010720 0.014294
1 0.457881 0.703354 0.010006 0.012388
1 0.272918 0.740042 0.012864 0.015247
1 0.281494 0.789118 0.007147 0.014294
1 0.127478 0.948733 0.013579 0.024776
1 0.194659 0.713360 0.006432 0.011435
1 0.390485 0.730989 0.009291 0.018106
1 0.133195 0.448733 0.009291 0.016200
2 0.366471 0.712407 0.037879 0.015247
2 0.478321 0.647608 0.010006 0.026682
2 0.403993 0.703831 0.008576 0.020964
2 0.589384 0.786164 0.014294 0.013341
2 0.661211 0.626549 0.029302 0.025729
2 0.721584 0.350889 0.008254 0.019865
2 0.188227 0.396417 0.020726 0.032399
2 0.175648 0.601391 0.015009 0.014294
2 0.845245 0.312560 0.018582 0.013341
1 0.277610 0.846290 0.008715 0.013833
1 0.195858 0.771040 0.008715 0.010513
1 0.188181 0.842140 0.008300 0.009960
1 0.737412 0.764013 0.012035 0.018813
1 0.689737 0.134248 0.006003 0.010292
1 0.683519 0.166552 0.006432 0.009720
1 0.688451 0.238879 0.010292 0.011435
1 0.933305 0.107947 0.008576 0.013722
1 0.865895 0.581189 0.007719 0.010863
1 0.754360 0.695312 0.007290 0.009720
1 0.743639 0.669869 0.006432 0.008005
1 0.634720 0.550372 0.008148 0.014866
1 0.627001 0.518639 0.011578 0.021155
1 0.587979 0.469468 0.009005 0.014294
1 0.598485 0.533219 0.008576 0.017153
1 0.632790 0.588393 0.016295 0.014294
1 0.592824 0.566667 0.007719 0.016581
1 0.323679 0.778511 0.009236 0.009236
1 0.467168 0.775872 0.003958 0.007477
1 0.506751 0.843823 0.004618 0.008796
1 0.479208 0.904957 0.004948 0.007037
1 0.659212 0.894137 0.005278 0.009676
1 0.691439 0.827990 0.008246 0.015833
1 0.627611 0.638827 0.008576 0.010116
1 0.567181 0.589392 0.005937 0.010116
1 0.833333 0.437445 0.009356 0.012475
2 0.517421 0.783233 0.020101 0.016081
2 0.576956 0.840150 0.014844 0.009896
2 0.272589 0.436839 0.013279 0.011620