0 0.770255 0.436787 0.040864 0.041368
1 0.518911 0.421955 0.014151 0.030875
1 0.678796 0.631626 0.014702 0.023687
1 0.901781 0.940374 0.009802 0.017153
1 0.521298 0.693703 0.010414 0.015519
1 0.329188 0.193580 0.009189 0.021237
1 0.387630 0.018378 0.018990 0.012252
1 0.420465 0.319775 0.006739 0.022053
1 0.585559 0.411255 0.017153 0.012252
1 0.493976 0.808380 0.012864 0.028588
1 0.739443 0.616842 0.015927 0.017969
1 0.740056 0.635629 0.019603 0.013069
3 0.478110 0.602875 0.017153 0.023687
3 0.844503 0.828065 0.012864 0.021237
1 0.940680 0.726374 0.010414 0.023687
1 0.948338 0.819489 0.012252 0.013885
1 0.714633 0.724741 0.010414 0.013885
1 0.444111 0.823573 0.014090 0.013885
1 0.518786 0.035531 0.007351 0.013885
1 0.755983 0.347954 0.014702 0.016336
1 0.827044 0.562607 0.009802 0.014702
1 0.512048 0.563832 0.013477 0.018786
2 0.819080 0.585804 0.019603 0.034305
2 0.956993 0.723270 0.015545 0.037164
2 0.970394 0.790809 0.011256 0.023585
2 0.969858 0.891938 0.008040 0.024300
2 0.857561 0.889794 0.023585 0.020011
2 0.836121 0.867996 0.011792 0.027873
2 0.802244 0.815109 0.011792 0.020726
2 0.775711 0.785091 0.013401 0.019297
2 0.820201 0.740780 0.012328 0.015009
2 0.814573 0.723985 0.006432 0.014294
2 0.806264 0.737564 0.008040 0.024300
2 0.828241 0.698613 0.012328 0.020726
2 0.817253 0.633576 0.006432 0.016438
2 0.902319 0.698971 0.016617 0.020011
2 0.931532 0.743639 0.011792 0.025014
2 0.909555 0.784377 0.011792 0.020726
2 0.963962 0.761864 0.011256 0.017153
2 0.979774 0.689322 0.007504 0.022156
2 0.988082 0.775086 0.010184 0.017867
2 0.718196 0.851915 0.013937 0.020011
2 0.729345 0.792953 0.013937 0.016438
2 0.699596 0.904445 0.008040 0.020726
2 0.727201 0.893368 0.010720 0.012864
2 0.721841 0.958047 0.008576 0.017867
2 0.678691 0.925172 0.014473 0.012150
2 0.678691 0.909091 0.015545 0.010006
2 0.691556 0.867639 0.013401 0.018582
2 0.685124 0.799385 0.009112 0.017867
2 0.670383 0.838694 0.016081 0.012150
2 0.669311 0.826901 0.009648 0.008576
2 0.308248 0.943754 0.012864 0.025014
2 0.284663 0.916238 0.017153 0.008576
2 0.288415 0.796169 0.017153 0.015723
2 0.298867 0.780089 0.015545 0.010720
2 0.315216 0.766152 0.019297 0.012864
2 0.392242 0.860849 0.009112 0.025014
2 0.382326 0.882647 0.015009 0.028588
2 0.351236 0.874786 0.007504 0.024300
2 0.386346 0.759005 0.010184 0.027158
2 0.451151 0.895869 0.017153 0.022156
2 0.462139 0.875143 0.009112 0.013579
2 0.513972 0.901944 0.010720 0.027158
2 0.501108 0.909091 0.011792 0.015723
2 0.468411 0.940180 0.009648 0.019297
2 0.534073 0.839766 0.010184 0.017153
2 0.522013 0.867996 0.016081 0.010720
2 0.531929 0.820469 0.025193 0.010006
2 0.553638 0.784734 0.020369 0.010006
2 0.547206 0.804388 0.012864 0.013579
2 0.475111 0.711478 0.018761 0.012150
2 0.451794 0.728273 0.012864 0.010006
2 0.436249 0.737207 0.009648 0.015009
2 0.448578 0.751501 0.008576 0.020726
2 0.423653 0.731132 0.008040 0.014294
2 0.441609 0.686464 0.019297 0.010720
2 0.370051 0.731132 0.014473 0.011435
2 0.403016 0.835120 0.020369 0.013579
2 0.631843 0.576901 0.013401 0.020011
2 0.421187 0.009648 0.023049 0.019296
2 0.518528 0.109920 0.006968 0.032876
2 0.891331 0.165809 0.009648 0.018582
2 0.832637 0.271226 0.013401 0.010720
2 0.652748 0.169383 0.010184 0.015723
2 0.587568 0.265437 0.010184 0.018582
2 0.552191 0.294383 0.011256 0.017867
2 0.533001 0.345126 0.017689 0.015009
2 0.604828 0.679317 0.015545 0.023585
2 0.590891 0.774514 0.016617 0.020726
2 0.572935 0.783805 0.008576 0.020726
2 0.592231 0.801315 0.017153 0.014294
2 0.603756 0.820254 0.011256 0.023585
2 0.620372 0.812393 0.015545 0.009291
2 0.630825 0.847770 0.016081 0.011435
2 0.657358 0.780946 0.008040 0.026444
2 0.531661 0.755575 0.017153 0.027158
2 0.338854 0.555246 0.014473 0.035020
2 0.281232 0.526301 0.008576 0.024300
2 0.229881 0.971269 0.012864 0.022870
2 0.182444 0.777945 0.011256 0.022156
2 0.036110 0.819039 0.008040 0.027158
2 0.016277 0.800100 0.010184 0.025014
2 0.059963 0.931604 0.016081 0.022156
2 0.053531 0.603845 0.010720 0.020726
2 0.063715 0.617067 0.016081 0.014294
2 0.145994 0.382862 0.010184 0.026444
2 0.466213 0.130074 0.011256 0.015723
2 0.565645 0.136149 0.007504 0.017867
2 0.582261 0.207261 0.015009 0.010006
2 0.817360 0.096484 0.012864 0.024300
2 0.752769 0.259005 0.009112 0.021441
2 0.821648 0.247570 0.008576 0.014294
2 0.680675 0.471984 0.009648 0.018582
2 0.865066 0.343339 0.007504 0.018582
2 0.881414 0.626286 0.011256 0.017867
2 0.992639 0.817181 0.008576 0.014294
2 0.839069 0.729989 0.013401 0.015723
2 0.764294 0.726772 0.013937 0.010720
2 0.795115 0.702830 0.010184 0.024300
2 0.828080 0.787521 0.009648 0.017867
2 0.724628 0.677101 0.013937 0.014294
2 0.728649 0.656732 0.006968 0.016438
2 0.665345 0.723556 0.008576 0.018582
2 0.543721 0.621355 0.006968 0.022870
2 0.482615 0.639222 0.015545 0.012864
2 0.430085 0.623142 0.006968 0.013579
2 0.567253 0.561035 0.011792 0.014294
2 0.504538 0.531375 0.018225 0.013579
2 0.487922 0.567824 0.018225 0.010720
2 0.454956 0.552101 0.013401 0.007862
2 0.284663 0.628216 0.020369 0.015723
2 0.163522 0.714694 0.010720 0.012864
2 0.347163 0.183891 0.010720 0.019297
2 0.276462 0.149014 0.010184 0.015009
2 0.459030 0.246712 0.016617 0.012864
2 0.652909 0.276015 0.010720 0.022870
1 0.931104 0.088622 0.007504 0.010006
1 0.780482 0.188322 0.008576 0.012150
1 0.846680 0.370569 0.008040 0.015009
1 0.921723 0.339122 0.008040 0.012150
1 0.610349 0.242424 0.011792 0.011435
1 0.553799 0.348914 0.008040 0.014294
1 0.345501 0.246712 0.009112 0.015723
1 0.281179 0.360420 0.008040 0.009291
1 0.374285 0.370069 0.007504 0.012864
1 0.119140 0.520512 0.010720 0.012150
1 0.057229 0.683533 0.009112 0.015723
1 0.096895 0.693897 0.009112 0.015009
1 0.066609 0.739280 0.011792 0.012864
1 0.040612 0.785735 0.014473 0.008576
1 0.128252 0.782161 0.005360 0.010006
1 0.208655 0.748571 0.006432 0.014294
1 0.242156 0.659234 0.009112 0.010006
1 0.360885 0.667810 0.006432 0.012864
1 0.337836 0.681389 0.007504 0.011435
1 0.434909 0.770655 0.011256 0.012150
1 0.458869 0.690609 0.005360 0.009291
1 0.508451 0.687393 0.005896 0.014294
1 0.609545 0.729917 0.009112 0.010720
1 0.797206 0.770226 0.007504 0.012150
1 0.811946 0.790237 0.008040 0.010720
1 0.861528 0.625500 0.008576 0.012864
1 0.447613 0.849414 0.007504 0.013579
2 0.026033 0.925529 0.016617 0.012864
2 0.010488 0.968768 0.010184 0.020726
2 0.404517 0.871927 0.011792 0.021441
2 0.379056 0.855846 0.010184 0.020726
2 0.366727 0.873714 0.011256 0.019297
2 0.628949 0.757933 0.012328 0.026444
2 0.635649 0.751501 0.010720 0.033591
1 0.640473 0.820469 0.015009 0.024300
1 0.749285 0.835763 0.010720 0.012864
1 0.411700 0.921955 0.008576 0.014294
1 0.258666 0.908376 0.006968 0.011435
1 0.438233 0.594911 0.008040 0.008576
1 0.466642 0.536306 0.010184 0.010006
1 0.369890 0.669954 0.008576 0.007147
1 0.555353 0.748070 0.008576 0.010720
1 0.500143 0.784162 0.005360 0.010006
1 0.501483 0.716266 0.008040 0.008576
1 0.591910 0.679102 0.007504 0.008576
1 0.706672 0.818253 0.005896 0.010720
1 0.569879 0.966624 0.010184 0.009291