0 0.618351 0.072695 0.015957 0.030142
0 0.664229 0.259752 0.019947 0.035461
0 0.514628 0.531028 0.021277 0.035461
0 0.445479 0.984929 0.018617 0.017730
0 0.535904 0.938830 0.018617 0.014184
0 0.206782 0.897163 0.014628 0.023050
2 0.494016 0.109929 0.014628 0.026596
2 0.461436 0.222518 0.018617 0.024823
2 0.442819 0.474291 0.013298 0.024823
2 0.318484 0.747340 0.017287 0.028369
2 0.462101 0.713652 0.017287 0.014184
2 0.517287 0.756206 0.015957 0.024823
2 0.408245 0.681738 0.010638 0.014184
2 0.416888 0.697695 0.014628 0.031915
2 0.601064 0.307624 0.015957 0.024823
2 0.636303 0.306738 0.014628 0.012411
2 0.471410 0.579787 0.019947 0.015957
2 0.633644 0.889184 0.011968 0.024823
2 0.735372 0.215426 0.023936 0.028369
2 0.551197 0.391844 0.019947 0.023050