3 0.324468 0.044326 0.026596 0.030142
0 0.429521 0.289894 0.015957 0.024823
0 0.541888 0.584220 0.019947 0.017730
0 0.599069 0.775709 0.022606 0.028369
0 0.564495 0.942376 0.019947 0.046099
0 0.728723 0.866135 0.010638 0.028369
0 0.831117 0.513298 0.015957 0.021277
0 0.941489 0.824468 0.010638 0.019504
2 0.895612 0.500887 0.022606 0.017730
1 0.319149 0.357270 0.010638 0.010638
1 0.559840 0.375000 0.007979 0.017730
1 0.670878 0.369681 0.014628 0.017730
1 0.745346 0.547872 0.011968 0.023050
2 0.388298 0.711879 0.018617 0.024823
2 0.546543 0.836879 0.015957 0.030142
1 0.956782 0.812057 0.017287 0.026596
1 0.617021 0.183511 0.007979 0.014184
1 0.506649 0.806738 0.013298 0.012411
1 0.535239 0.799645 0.006649 0.008865
1 0.436835 0.452128 0.011968 0.008865
1 0.424867 0.490248 0.009309 0.010638
1 0.440160 0.496454 0.013298 0.008865
1 0.453457 0.472518 0.010638 0.007092
1 0.433511 0.593085 0.005319 0.007092