2 0.691295 0.042882 0.032161 0.024014
2 0.758190 0.030875 0.014151 0.034305
2 0.687436 0.097770 0.029588 0.034305
2 0.781990 0.156947 0.018010 0.018868
0 0.855961 0.235849 0.016724 0.025729
0 0.980103 0.237760 0.012864 0.026121
0 0.681003 0.230703 0.021870 0.029160
2 0.607676 0.242710 0.021870 0.018868
2 0.529202 0.283019 0.021870 0.020583
0 0.639194 0.331046 0.018010 0.024014
2 0.795497 0.372213 0.016724 0.020583
0 0.841166 0.438250 0.018010 0.018868
2 0.517624 0.774443 0.016724 0.036021
1 0.354888 0.478559 0.015437 0.024014
2 0.264837 0.192967 0.020583 0.022298
2 0.275772 0.269297 0.011578 0.027444
2 0.280274 0.340480 0.012864 0.032590
1 0.207524 0.586621 0.011445 0.020583
2 0.450086 0.659520 0.018010 0.022298
2 0.389623 0.601201 0.018010 0.015437
1 0.354888 0.735849 0.012864 0.017153
2 0.470669 0.929674 0.018010 0.027444
1 0.641767 0.971698 0.010292 0.015437
2 0.677144 0.969983 0.021870 0.018868
2 0.702230 0.861063 0.012864 0.030875
2 0.751758 0.960549 0.016724 0.024014
1 0.850815 0.824185 0.014151 0.022298