2 0.873328 0.779588 0.023156 0.032590
2 0.655918 0.181818 0.036021 0.030875
1 0.738250 0.229846 0.015437 0.024014
1 0.585806 0.438250 0.016724 0.025729
2 0.720883 0.409949 0.019297 0.027444
1 0.464237 0.746141 0.012864 0.027444
1 0.257762 0.764151 0.016724 0.015437
1 0.152273 0.919383 0.021870 0.020583
1 0.387693 0.972556 0.011578 0.020583
1 0.322084 0.640652 0.014151 0.022298
1 0.653988 0.927959 0.014151 0.020583
1 0.473885 0.899657 0.011578 0.025729
3 0.270626 0.237564 0.024443 0.025729
1 0.728602 0.506861 0.014151 0.025729
3 0.547213 0.299314 0.019297 0.025729
1 0.170926 0.487993 0.018010 0.032590
1 0.785849 0.847341 0.015437 0.030875
1 0.723456 0.872213 0.014151 0.018868
1 0.718954 0.831904 0.012864 0.020583
1 0.656518 0.419928 0.015203 0.023390
1 0.618509 0.427725 0.018712 0.020271
1 0.762942 0.687354 0.017542 0.031187
1 0.676399 0.616404 0.012864 0.014034
1 0.944215 0.226571 0.015203 0.017153
1 0.660026 0.074536 0.012864 0.018712
1 0.543661 0.125994 0.009356 0.015593
1 0.612077 0.164977 0.012864 0.018712
1 0.619094 0.227351 0.010525 0.009356
1 0.357711 0.366911 0.016373 0.026509