0 0.607713 0.455674 0.026596 0.030142
0 0.662899 0.421986 0.011968 0.023050
0 0.743351 0.333333 0.021277 0.033688
0 0.704787 0.259752 0.010638 0.024823
0 0.667553 0.272163 0.015957 0.028369
0 0.741356 0.089539 0.017287 0.014184
0 0.798537 0.502660 0.022606 0.024823
0 0.751330 0.453014 0.026596 0.017730
0 0.710106 0.446809 0.013298 0.015957
0 0.750665 0.779255 0.030585 0.028369
0 0.941489 0.851950 0.015957 0.017730
0 0.549202 0.597518 0.015957 0.015957
0 0.646277 0.555851 0.074468 0.085106
2 0.811170 0.971631 0.015957 0.033688
2 0.154255 0.331560 0.013298 0.012411
2 0.170213 0.377660 0.015957 0.019504
2 0.621676 0.148050 0.019947 0.024823
2 0.727394 0.152482 0.021277 0.023050
2 0.445479 0.193262 0.023936 0.012411
2 0.527261 0.356383 0.017287 0.026596
2 0.300532 0.531915 0.026596 0.030142
2 0.265293 0.434397 0.014628 0.023050
2 0.232713 0.360816 0.015957 0.021277
2 0.178856 0.227837 0.009309 0.017730
2 0.460771 0.218972 0.014628 0.021277
2 0.333777 0.285461 0.021277 0.023050
2 0.783245 0.329787 0.018617 0.033688
2 0.833777 0.492908 0.015957 0.023050
2 0.848404 0.596631 0.018617 0.017730
2 0.790559 0.629433 0.027926 0.023050
2 0.942819 0.614362 0.010638 0.024823
2 0.957447 0.668440 0.007979 0.019504
2 0.648271 0.851950 0.019947 0.021277
2 0.674867 0.648936 0.022606 0.015957