0 0.829787 0.178487 0.013298 0.026005
0 0.678191 0.179669 0.010638 0.023641
0 0.124335 0.508274 0.009309 0.033097
0 0.154255 0.341608 0.010638 0.030733
0 0.415559 0.203310 0.019947 0.014184
1 0.257314 0.452719 0.009309 0.011820
1 0.133644 0.742317 0.011968 0.018913
1 0.160904 0.758865 0.018617 0.023641
1 0.678191 0.912530 0.007979 0.018913
1 0.692154 0.979905 0.006649 0.011820
1 0.795213 0.371158 0.013298 0.018913
1 0.805186 0.812057 0.003989 0.011820
1 0.806516 0.431442 0.011968 0.016548
1 0.634309 0.392435 0.007979 0.018913
1 0.552527 0.514184 0.009309 0.021277
1 0.513298 0.749409 0.007979 0.009456
1 0.539229 0.672577 0.009309 0.016548
1 0.550532 0.712766 0.007979 0.011820
1 0.582447 0.767139 0.010638 0.021277