0 0.594415 0.109929 0.023936 0.019504
0 0.584441 0.179078 0.017287 0.026596
0 0.592420 0.028369 0.017287 0.015957
0 0.244016 0.109043 0.014628 0.017730
0 0.389628 0.380319 0.015957 0.024823
0 0.619016 0.291667 0.014628 0.028369
0 0.591755 0.331560 0.015957 0.030142
0 0.607048 0.434397 0.014628 0.030142
0 0.603059 0.384752 0.009309 0.019504
0 0.801197 0.417553 0.014628 0.021277
0 0.718750 0.328901 0.014628 0.031915
0 0.649601 0.297872 0.009309 0.015957
0 0.283910 0.551418 0.014628 0.023050
0 0.127660 0.398050 0.015957 0.014184
0 0.022606 0.296099 0.013298 0.012411
2 0.414894 0.194149 0.021277 0.014184
2 0.251330 0.289894 0.015957 0.021277
2 0.095745 0.991578 0.010638 0.016844
2 0.312500 0.609929 0.018617 0.023050
2 0.405585 0.565603 0.013298 0.030142
0 0.454787 0.642730 0.010638 0.024823
0 0.440824 0.598404 0.017287 0.014184
0 0.620346 0.630319 0.014628 0.014184
0 0.660904 0.645390 0.021277 0.019504
0 0.714096 0.573582 0.018617 0.017730
0 0.789229 0.323582 0.014628 0.017730
0 0.808511 0.207447 0.013298 0.015957
0 0.906250 0.196809 0.009309 0.030142
0 0.460771 0.696809 0.014628 0.023050
0 0.569814 0.831560 0.022606 0.026596
0 0.509309 0.761525 0.015957 0.021277
0 0.384973 0.683511 0.017287 0.021277
0 0.341090 0.588652 0.022606 0.012411
0 0.162234 0.531915 0.021277 0.019504
0 0.743351 0.868794 0.018617 0.019504
0 0.876330 0.771277 0.010638 0.015957
0 0.779255 0.756206 0.010638 0.014184
0 0.664894 0.811170 0.007979 0.021277
0 0.478723 0.820035 0.015957 0.017730
1 0.216755 0.664894 0.013298 0.012411
1 0.180851 0.632092 0.007979 0.010638
1 0.220745 0.627660 0.007979 0.012411
1 0.374335 0.639184 0.011968 0.014184
1 0.516622 0.469858 0.009309 0.015957
1 0.570479 0.432624 0.007979 0.012411
1 0.671543 0.440603 0.010638 0.014184
1 0.804521 0.528369 0.005319 0.008865
1 0.886303 0.509752 0.009309 0.010638
1 0.841755 0.218085 0.015957 0.019504
1 0.976729 0.273936 0.011968 0.014184
1 0.492686 0.625000 0.011968 0.017730
1 0.055851 0.828901 0.018617 0.021277