1 0.592420 0.279255 0.017287 0.017730
1 0.318484 0.470745 0.019947 0.014184
1 0.305851 0.501773 0.021277 0.012411
1 0.223404 0.497340 0.023936 0.021277
1 0.178856 0.791667 0.030585 0.024823
1 0.198803 0.843085 0.011968 0.024823
1 0.191489 0.907801 0.015957 0.026596
1 0.265293 0.884752 0.009309 0.008865
1 0.517287 0.654255 0.021277 0.015957
1 0.589761 0.597518 0.022606 0.015957
1 0.444814 0.553191 0.009309 0.012411
1 0.779920 0.675532 0.011968 0.023050
1 0.833112 0.644504 0.014628 0.024823
1 0.891622 0.574468 0.011968 0.019504
1 0.893617 0.046986 0.013298 0.021277
1 0.382314 0.038121 0.025266 0.014184
1 0.601064 0.060284 0.013298 0.012411
1 0.664229 0.033688 0.009309 0.015957
1 0.724069 0.065603 0.006649 0.019504
1 0.571809 0.102837 0.026596 0.019504
1 0.384973 0.358156 0.009309 0.015957
1 0.404920 0.333333 0.009309 0.015957
1 0.466755 0.324468 0.013298 0.015957
1 0.528590 0.317376 0.006649 0.005319
1 0.491356 0.377660 0.019947 0.019504
1 0.640293 0.370567 0.022606 0.008865
1 0.603059 0.372340 0.017287 0.008865
1 0.565824 0.382092 0.025266 0.010638
1 0.515293 0.404255 0.022606 0.015957
1 0.471410 0.427305 0.017287 0.012411
1 0.350399 0.936170 0.017287 0.019504
1 0.375000 0.933511 0.013298 0.024823
1 0.632314 0.905142 0.011968 0.028369
1 0.599734 0.901596 0.007979 0.017730
2 0.963431 0.100177 0.019947 0.046099
2 0.298537 0.942376 0.022606 0.017730
2 0.355718 0.984929 0.022606 0.028369
2 0.377660 0.994238 0.010638 0.011524
2 0.283245 0.811170 0.018617 0.021277
2 0.376330 0.776596 0.015957 0.015957
2 0.379654 0.293440 0.017287 0.017730
1 0.287899 0.195922 0.017287 0.017730
1 0.236702 0.363475 0.013298 0.015957
1 0.218085 0.427305 0.010638 0.012411
1 0.286569 0.432624 0.011968 0.015957
1 0.811170 0.496454 0.013298 0.019504
1 0.782580 0.519504 0.009309 0.008865
1 0.750000 0.679965 0.013298 0.021277
1 0.668218 0.443262 0.014628 0.012411
1 0.655585 0.271277 0.007979 0.012411