2 0.595455 0.855918 0.159520 0.288164
0 0.968525 0.136364 0.056604 0.070326
0 0.145197 0.484563 0.054031 0.080617
1 0.500257 0.338765 0.030875 0.029160
1 0.634407 0.424314 0.017689 0.027873
1 0.713457 0.379820 0.010627 0.030576
1 0.631964 0.660527 0.021254 0.017153
1 0.856533 0.495712 0.013983 0.029085
1 0.502200 0.439033 0.013424 0.017153
1 0.209393 0.640018 0.015102 0.022373
2 0.545212 0.017153 0.018458 0.011932
1 0.657357 0.230815 0.013424 0.023119
2 0.628608 0.531136 0.015661 0.019390
1 0.842270 0.796629 0.012305 0.014915
2 0.552260 0.114699 0.007271 0.020881