1 0.513758 0.392224 0.030017 0.022870
1 0.707208 0.493282 0.014473 0.021441
1 0.546938 0.542596 0.012328 0.022870
1 0.818164 0.498285 0.016617 0.012864
1 0.801547 0.631575 0.017689 0.015009
1 0.782519 0.651229 0.015009 0.027158
1 0.954849 0.624786 0.011256 0.022870
1 0.737600 0.566752 0.008576 0.014294
1 0.756629 0.578545 0.009112 0.010720
1 0.749125 0.597484 0.014473 0.012864
1 0.861957 0.733991 0.015009 0.017153
1 0.766813 0.712193 0.010184 0.013579
1 0.698256 0.761864 0.010720 0.011435
1 0.611903 0.834048 0.010184 0.028588
1 0.611099 0.947684 0.008576 0.021441
1 0.498803 0.681461 0.013401 0.015009
1 0.406875 0.772942 0.008576 0.025014
1 0.408751 0.809748 0.010184 0.021441
1 0.053691 0.806532 0.014473 0.025014
1 0.299242 0.550100 0.025729 0.035020
1 0.796187 0.249786 0.016617 0.017867
1 0.969590 0.177387 0.016081 0.020011
1 0.845501 0.733276 0.009112 0.012864
1 0.853005 0.779374 0.006968 0.010720
1 0.846573 0.836192 0.009112 0.012864
1 0.765366 0.768296 0.007504 0.012864
1 0.995855 0.762221 0.007504 0.016438
1 0.562161 0.940895 0.010184 0.016438
1 0.481221 0.529374 0.009112 0.015009
1 0.639615 0.624786 0.005360 0.010006
1 0.598878 0.601201 0.007504 0.010006
1 0.571487 0.687321 0.008040 0.010720
1 0.202008 0.873356 0.010720 0.014294
1 0.222377 0.622642 0.011792 0.018582
1 0.538844 0.956046 0.021441 0.020726
1 0.377019 0.583691 0.017689 0.012150
2 0.025658 0.143654 0.022513 0.024300
2 0.093196 0.061464 0.013937 0.027158
1 0.377662 0.104560 0.019833 0.019297
2 0.491888 0.131718 0.021441 0.017867
2 0.500733 0.089909 0.012328 0.015723
2 0.713908 0.105060 0.015009 0.015723
2 0.925100 0.337693 0.017153 0.020726
2 0.973878 0.691038 0.010720 0.017867
2 0.928048 0.926244 0.013401 0.018582
2 0.614744 0.906947 0.008576 0.020011
2 0.479077 0.968411 0.008040 0.022870
2 0.289755 0.904088 0.013401 0.021441
2 0.256254 0.933748 0.015009 0.027873
2 0.270726 0.921955 0.008576 0.022870
2 0.255074 0.740780 0.005360 0.025014
2 0.136614 0.712907 0.017153 0.013579
2 0.152962 0.736135 0.015545 0.017153
2 0.126697 0.743282 0.009112 0.018582
2 0.112225 0.723270 0.008040 0.018582
2 0.132326 0.772942 0.006432 0.026444
2 0.142778 0.795812 0.010184 0.012150
2 0.126161 0.820469 0.010184 0.024300
2 0.095876 0.799028 0.009648 0.027158
2 0.084084 0.863350 0.011792 0.032876
2 0.064519 0.841552 0.016617 0.013579
2 0.046830 0.856918 0.012328 0.031447
2 0.062911 0.713050 0.015545 0.023585
2 0.081404 0.666595 0.019297 0.019297
2 0.086496 0.617281 0.015545 0.019297
2 0.144654 0.608348 0.013937 0.012864
2 0.130450 0.626572 0.013401 0.009291
2 0.118121 0.520798 0.012328 0.013579
2 0.077383 0.421169 0.009112 0.010720
2 0.083280 0.430103 0.010184 0.020011
2 0.096948 0.432962 0.008576 0.018582
2 0.110617 0.394368 0.009112 0.015723
2 0.132326 0.395083 0.009648 0.018582
2 0.067735 0.342196 0.006968 0.020011
2 0.017617 0.356132 0.015009 0.026444
2 0.081404 0.305317 0.009648 0.015723
2 0.076043 0.289237 0.016081 0.009291
2 0.011721 0.290309 0.011792 0.040023
2 0.107401 0.293525 0.014473 0.012150
2 0.132594 0.306389 0.014473 0.023585
2 0.278659 0.276944 0.007504 0.025014
2 0.211657 0.423385 0.011792 0.024300
2 0.202973 0.581404 0.016081 0.016438
2 0.152855 0.589980 0.009112 0.020726
2 0.289219 0.674671 0.016617 0.015723
2 0.309052 0.712907 0.014473 0.013579
2 0.315216 0.695755 0.013937 0.015009
2 0.331296 0.703616 0.016081 0.026444
2 0.349521 0.697541 0.010720 0.022870
2 0.384899 0.618925 0.013937 0.012864
2 0.378037 0.567467 0.006432 0.015723
2 0.233312 0.752573 0.017153 0.014294
2 0.229560 0.726844 0.022513 0.014294
2 0.215355 0.654660 0.011256 0.020011
2 0.413468 0.946255 0.014473 0.014294
2 0.351022 0.879788 0.015009 0.011435
2 0.330385 0.938393 0.012328 0.011435
2 0.277855 0.814037 0.009112 0.017153
2 0.239530 0.785091 0.013937 0.015009
2 0.303316 0.746855 0.013937 0.012864
2 0.706940 0.544740 0.006432 0.017153
2 0.528177 0.218339 0.009112 0.022156
2 0.578027 0.212621 0.011256 0.020726
2 0.315805 0.303745 0.014473 0.010006
2 0.288736 0.156875 0.009648 0.027873
2 0.168668 0.181532 0.011792 0.024300
2 0.029946 0.758862 0.009648 0.024300
2 0.005592 0.804388 0.011184 0.019297
2 0.222323 0.845840 0.013401 0.012150
2 0.170061 0.857990 0.010720 0.017867
2 0.855953 0.223628 0.002144 0.005003
2 0.361957 0.780803 0.010720 0.022156
2 0.301118 0.590266 0.015545 0.020726
2 0.265205 0.565609 0.014473 0.027158
2 0.122409 0.761650 0.012328 0.012150
2 0.105793 0.760577 0.012328 0.010006
2 0.118389 0.735921 0.008576 0.013579
2 0.004520 0.757004 0.009040 0.041452
2 0.017081 0.713050 0.031089 0.029302
2 0.024853 0.844197 0.019833 0.020011
2 0.043882 0.906232 0.011792 0.022870
2 0.066931 0.885506 0.012864 0.028588
2 0.326311 0.537450 0.023049 0.014294
2 0.030482 0.414380 0.017153 0.015723
0 0.054335 0.421884 0.038057 0.049314
1 0.931264 0.247999 0.025193 0.022870
1 0.993639 0.560892 0.012722 0.027158
1 0.862654 0.394368 0.020905 0.025729
2 0.762418 0.386507 0.019833 0.035735
2 0.246766 0.066109 0.011256 0.020726
2 0.037986 0.265866 0.010720 0.021441