2 0.424867 0.370567 0.022606 0.023050
2 0.819814 0.716312 0.014628 0.033688
1 0.436835 0.460106 0.011968 0.017730
1 0.136303 0.399823 0.019947 0.024823
1 0.189495 0.379433 0.019947 0.026596
1 0.364362 0.376773 0.013298 0.021277
1 0.453457 0.523936 0.015957 0.021277
1 0.723404 0.424645 0.013298 0.028369
1 0.617686 0.579787 0.014628 0.019504
1 0.505319 0.440603 0.018617 0.021277
1 0.578457 0.256206 0.015957 0.017730
1 0.809176 0.365248 0.011968 0.015957
1 0.752660 0.407801 0.013298 0.019504
1 0.948138 0.828901 0.015957 0.021277
1 0.798537 0.971631 0.014628 0.008865
1 0.171543 0.798759 0.018617 0.028369
1 0.065160 0.700355 0.007979 0.012411
1 0.005319 0.718085 0.010638 0.026596
1 0.041223 0.727837 0.010638 0.014184
1 0.071809 0.745567 0.007979 0.014184
1 0.083777 0.717199 0.018617 0.014184
1 0.051862 0.334220 0.010638 0.014184
1 0.283910 0.366135 0.009309 0.014184
1 0.329787 0.445035 0.010638 0.019504
1 0.394947 0.490248 0.010638 0.017730
1 0.426862 0.545213 0.007979 0.010638
1 0.603723 0.468085 0.010638 0.008865