2 0.735034 0.710120 0.034734 0.030875
2 0.944082 0.912521 0.023156 0.024014
2 0.893911 0.837907 0.030875 0.029160
1 0.600509 0.865352 0.015620 0.036021
2 0.124614 0.868782 0.015437 0.029160
2 0.121398 0.938250 0.021870 0.041166
2 0.587106 0.592662 0.029085 0.018644
2 0.683310 0.322917 0.020136 0.020881
2 0.940600 0.079424 0.014542 0.012678
2 0.781192 0.030576 0.008949 0.022373
2 0.643262 0.221120 0.015661 0.012678
2 0.383623 0.363562 0.006712 0.020136
2 0.266724 0.397867 0.010068 0.015661
2 0.867216 0.847043 0.012305 0.026848
2 0.872250 0.878365 0.021254 0.014915
2 0.781080 0.860840 0.011187 0.015661
2 0.691867 0.840704 0.015102 0.024610
2 0.582799 0.951451 0.013983 0.017898
2 0.617477 0.754568 0.015102 0.011932
2 0.945522 0.787009 0.010068 0.018644
1 0.823309 0.814602 0.007271 0.017153
1 0.991107 0.688567 0.012864 0.018644
1 0.943284 0.690059 0.008949 0.017153
1 0.864699 0.704601 0.012864 0.019390
1 0.862182 0.788873 0.007831 0.008949
1 0.868335 0.805280 0.015661 0.017898
1 0.674808 0.737415 0.017898 0.013424
1 0.717037 0.970468 0.009509 0.015661
1 0.814080 0.643598 0.007831 0.014915
1 0.800936 0.640615 0.007271 0.017898
1 0.871691 0.645835 0.008949 0.010441
1 0.881479 0.676784 0.005034 0.011187
1 0.929861 0.503766 0.012305 0.012678
1 0.896021 0.472817 0.009509 0.008949
1 0.848479 0.370274 0.007271 0.009695
1 0.810724 0.410545 0.008949 0.015661
1 0.648799 0.385562 0.008390 0.008949
1 0.748080 0.614513 0.007831 0.013424
1 0.706969 0.552614 0.009509 0.014915
1 0.550358 0.709225 0.006153 0.010441
1 0.573570 0.694310 0.011187 0.017898
1 0.722910 0.799612 0.008949 0.017898
1 0.755631 0.867850 0.007271 0.017153
1 0.599019 0.766053 0.006153 0.016407
1 0.591189 0.783578 0.009509 0.008203
1 0.618596 0.785816 0.006153 0.006712
1 0.630342 0.785070 0.012864 0.009695
2 0.586546 0.860467 0.007831 0.022373
1 0.402909 0.535377 0.010720 0.017867
1 0.442038 0.526801 0.007504 0.016438
1 0.353059 0.956975 0.006432 0.015723
1 0.398085 0.982704 0.010720 0.012864
1 0.399693 0.825472 0.008576 0.012864
1 0.414916 0.425029 0.011792 0.012150
1 0.177995 0.465409 0.007504 0.014294
1 0.879002 0.028945 0.018225 0.020726
1 0.497248 0.482061 0.008576 0.010720
1 0.409341 0.702187 0.006432 0.010720
1 0.420329 0.693611 0.009112 0.010720