1 0.186835 0.554965 0.017287 0.019504
1 0.373005 0.260638 0.009309 0.015957
1 0.467420 0.200355 0.014628 0.015957
2 0.483378 0.247340 0.019947 0.024823
2 0.535904 0.286348 0.007979 0.024823
0 0.696809 0.400709 0.015957 0.030142
3 0.589096 0.254433 0.045213 0.049645
0 0.755984 0.406915 0.014628 0.028369
0 0.835106 0.427305 0.013298 0.026596
0 0.874335 0.360816 0.017287 0.021277
0 0.788564 0.367021 0.015957 0.019504
0 0.803856 0.517730 0.014628 0.015957
0 0.577128 0.725177 0.018617 0.015957
0 0.545213 0.930851 0.018617 0.023050
0 0.644282 0.875887 0.009309 0.015957
0 0.272606 0.648936 0.018617 0.019504
0 0.381649 0.974291 0.013298 0.021277
0 0.476729 0.971631 0.009309 0.012411
0 0.620346 0.754433 0.022606 0.024823
0 0.920878 0.560284 0.014628 0.019504
2 0.902926 0.485816 0.015957 0.026596
2 0.740691 0.513298 0.023936 0.010638
2 0.585106 0.445922 0.007979 0.017730
2 0.652926 0.467199 0.013298 0.014184
2 0.389628 0.376773 0.015957 0.021277
2 0.416223 0.324468 0.018617 0.008865
2 0.385638 0.294326 0.013298 0.030142
2 0.132979 0.611702 0.013298 0.019504
2 0.200133 0.765957 0.014628 0.026596
2 0.552527 0.475177 0.006649 0.012411
2 0.615027 0.643617 0.017287 0.030142
2 0.664229 0.623227 0.011968 0.031915
2 0.538564 0.585106 0.018617 0.012411
2 0.549202 0.597518 0.018617 0.030142
1 0.605053 0.567376 0.005319 0.012411
1 0.663564 0.238475 0.013298 0.017730
1 0.688830 0.234929 0.010638 0.007092
1 0.688165 0.263298 0.014628 0.010638
1 0.729388 0.210993 0.003989 0.008865
1 0.761303 0.140071 0.014628 0.015957
3 0.726729 0.083333 0.009309 0.019504
3 0.361702 0.064716 0.010638 0.014184
3 0.357048 0.111702 0.009309 0.008865
3 0.488697 0.632092 0.019947 0.014184
1 0.454787 0.900709 0.013298 0.015957
1 0.466090 0.873227 0.009309 0.021277
1 0.513963 0.758865 0.006649 0.015957
1 0.633644 0.668440 0.017287 0.023050
1 0.678856 0.687057 0.009309 0.031915
1 0.467420 0.461879 0.014628 0.010638
1 0.496011 0.450355 0.010638 0.005319
1 0.367686 0.472518 0.014628 0.010638
1 0.288564 0.483156 0.013298 0.014184
1 0.095745 0.613475 0.013298 0.026596
1 0.338431 0.561170 0.009309 0.010638
1 0.335106 0.584220 0.013298 0.014184
1 0.400266 0.470745 0.007979 0.010638
1 0.432846 0.516844 0.009309 0.010638
1 0.517287 0.468085 0.007979 0.008865
1 0.496011 0.391844 0.005319 0.008865
1 0.611037 0.365248 0.003989 0.012411
1 0.593085 0.392730 0.021277 0.028369
1 0.538564 0.461879 0.007979 0.017730
1 0.515957 0.546099 0.007979 0.015957
1 0.510638 0.572695 0.013298 0.012411
1 0.636303 0.532801 0.014628 0.010638
1 0.710771 0.477837 0.006649 0.010638
1 0.971410 0.492021 0.006649 0.007092
1 0.912899 0.398936 0.011968 0.033688
1 0.579122 0.205674 0.014628 0.012411
1 0.590426 0.156028 0.005319 0.012411
1 0.862367 0.626773 0.027926 0.010638