1 0.563293 0.533448 0.020583 0.041166
1 0.703473 0.813379 0.030875 0.025729
1 0.743032 0.906003 0.023799 0.044597
1 0.323456 0.385763 0.014151 0.027444
1 0.111835 0.454374 0.021870 0.039451
1 0.978774 0.960034 0.014151 0.017153
3 0.719876 0.959177 0.010935 0.018868
1 0.555532 0.814237 0.011578 0.022298
1 0.307054 0.805660 0.012221 0.030875
1 0.916702 0.313036 0.009648 0.015437
1 0.754610 0.082762 0.009648 0.012864
1 0.335678 0.042453 0.012864 0.016295
1 0.153323 0.201544 0.013508 0.020583
2 0.136278 0.929160 0.014151 0.030875
2 0.109906 0.907719 0.018010 0.017153
2 0.201887 0.883705 0.014151 0.027444
2 0.223435 0.865266 0.009648 0.028302
2 0.205103 0.861407 0.018010 0.017153
2 0.218611 0.902573 0.014151 0.008576
2 0.267496 0.890995 0.014151 0.030017
2 0.277144 0.874271 0.012864 0.022298
2 0.265244 0.748628 0.014794 0.031732
2 0.249485 0.736621 0.012864 0.023156
2 0.203495 0.753774 0.014794 0.033448
2 0.141102 0.762779 0.018654 0.013722
2 0.125665 0.780789 0.023799 0.018868
2 0.105081 0.626844 0.017367 0.012864
2 0.160720 0.561492 0.009005 0.019726
2 0.150429 0.546484 0.019297 0.020583
2 0.104760 0.531475 0.007719 0.024871
2 0.452230 0.525986 0.030875 0.030017
2 0.440973 0.577444 0.018654 0.024871
2 0.410163 0.678559 0.025729 0.027444
2 0.444575 0.759177 0.018654 0.034305
2 0.401158 0.775472 0.012864 0.018868
2 0.382504 0.782762 0.011578 0.019726
2 0.344232 0.819640 0.019940 0.009434
2 0.345197 0.842367 0.014151 0.024014
2 0.337157 0.866381 0.021226 0.006861
2 0.326865 0.902401 0.010935 0.030875
2 0.316895 0.903259 0.010292 0.018868
2 0.415309 0.824357 0.014151 0.022298
2 0.450686 0.821784 0.014151 0.027444
2 0.440073 0.849228 0.016081 0.017153
2 0.495069 0.802058 0.010292 0.024014
2 0.513208 0.905832 0.009005 0.024014
2 0.587307 0.789194 0.012864 0.027444
2 0.632333 0.820069 0.021870 0.018868
2 0.635227 0.746312 0.018654 0.018868
2 0.773842 0.719726 0.014151 0.024014
2 0.778666 0.738593 0.018654 0.022298
2 0.753902 0.754460 0.015437 0.024871
2 0.720776 0.704717 0.016081 0.019726
2 0.641660 0.703002 0.013508 0.024871
2 0.608533 0.706861 0.010292 0.024014
2 0.795712 0.802916 0.010292 0.030875
2 0.813401 0.787479 0.010935 0.024014
2 0.828838 0.792624 0.005789 0.024014
2 0.835270 0.837221 0.017367 0.030875
2 0.860356 0.821355 0.018654 0.018010
2 0.845240 0.901115 0.016724 0.023156
2 0.794425 0.904545 0.011578 0.028302
2 0.770948 0.914837 0.013508 0.019726
2 0.888722 0.678988 0.009005 0.030017
2 0.872642 0.693139 0.007719 0.024014
2 0.895154 0.703859 0.011578 0.018010
2 0.947899 0.684991 0.025729 0.018010
2 0.892260 0.740738 0.014794 0.021441
2 0.960120 0.748027 0.015437 0.022298
2 0.983276 0.735592 0.011578 0.024871
2 0.971377 0.780618 0.017367 0.013722
2 0.949828 0.773756 0.014151 0.013722
2 0.929567 0.776758 0.023799 0.019726
2 0.928280 0.793482 0.016081 0.006861
2 0.948542 0.801201 0.015437 0.013722
2 0.968160 0.799914 0.014794 0.012864
2 0.993568 0.844511 0.012864 0.011149
2 0.994211 0.898542 0.011578 0.024871
2 0.906089 0.851372 0.021870 0.028302
2 0.903516 0.818782 0.024443 0.035163
2 0.947899 0.543825 0.027015 0.018010
2 0.917024 0.561407 0.018010 0.024014
2 0.946612 0.587564 0.012864 0.021441
2 0.906089 0.523671 0.009005 0.017153
2 0.709262 0.161235 0.011578 0.029160
2 0.535849 0.683448 0.011578 0.019726
2 0.544533 0.659434 0.021226 0.018010
2 0.669318 0.896741 0.016081 0.020583
2 0.805167 0.697770 0.013508 0.024014
2 0.891359 0.893739 0.012221 0.021441
2 0.905832 0.912178 0.007719 0.020583
2 0.784906 0.771527 0.014151 0.018868
2 0.852444 0.696055 0.018010 0.018868
2 0.932783 0.486621 0.016081 0.013722
2 0.255596 0.685077 0.021226 0.012007
2 0.286792 0.711235 0.019297 0.016295
2 0.336192 0.120326 0.012864 0.023156
2 0.650729 0.875557 0.012864 0.028302
2 0.531089 0.855832 0.011578 0.019726
1 0.332461 0.692024 0.010292 0.016295
1 0.566467 0.348714 0.016724 0.017153
1 0.586085 0.426758 0.010935 0.017153
1 0.565823 0.461921 0.012864 0.010292
2 0.344683 0.347513 0.019297 0.017153
2 0.489730 0.916295 0.014794 0.030875
2 0.729846 0.793654 0.014151 0.022298
2 0.642045 0.790652 0.013508 0.021441
2 0.990673 0.510892 0.016081 0.023156
2 0.986171 0.566209 0.010935 0.022298
2 0.916059 0.730360 0.008362 0.018868
2 0.994533 0.797256 0.010934 0.018868
2 0.956261 0.836707 0.015437 0.025729
2 0.883190 0.859606 0.009005 0.018010
2 0.870648 0.894340 0.010935 0.018868
2 0.855532 0.885763 0.018010 0.022298