1 0.436798 0.429093 0.012035 0.013833
1 0.416671 0.350523 0.013279 0.014939
1 0.416256 0.465612 0.010790 0.011620
1 0.667321 0.466718 0.009960 0.013833
1 0.489293 0.567698 0.007470 0.013279
1 0.624163 0.836607 0.009960 0.011066
1 0.914569 0.690809 0.010790 0.013833
1 0.906684 0.628562 0.008300 0.012173
1 0.918802 0.921817 0.008300 0.011066
1 0.507221 0.937863 0.014109 0.017706
1 0.575901 0.954739 0.012035 0.016046
1 0.167349 0.802855 0.013279 0.029879
1 0.190381 0.689814 0.009545 0.012726
1 0.376459 0.727439 0.012035 0.013833
1 0.898177 0.456925 0.011205 0.016599
1 0.445803 0.190561 0.009130 0.014386
1 0.196854 0.052288 0.009545 0.011620
1 0.022769 0.212140 0.010790 0.019919
1 0.481323 0.821041 0.018582 0.017153
1 0.053330 0.551458 0.015866 0.015437
2 0.023099 0.545798 0.014580 0.013722
2 0.029960 0.562093 0.009434 0.017724
2 0.050758 0.663293 0.013293 0.012007
2 0.056761 0.723042 0.013293 0.013722
2 0.070483 0.746484 0.009863 0.028588
2 0.008948 0.753917 0.014580 0.011435
2 0.086349 0.823099 0.016724 0.012579
2 0.115080 0.730475 0.009863 0.017153
2 0.128373 0.721612 0.010720 0.013150
2 0.146384 0.707033 0.017581 0.013722
2 0.118082 0.681589 0.016724 0.010863
2 0.086778 0.856547 0.009005 0.022298
2 0.074986 0.847684 0.006861 0.022870
2 0.068125 0.874557 0.015437 0.020583
2 0.055475 0.856261 0.010720 0.016009
2 0.037035 0.859405 0.010720 0.024585
2 0.007447 0.920583 0.014151 0.032590
2 0.131804 0.885420 0.013293 0.018296
2 0.139523 0.867410 0.009863 0.020011
2 0.177130 0.897999 0.011149 0.016009
2 0.186993 0.896284 0.006861 0.030875
2 0.194711 0.860263 0.016295 0.013722
2 0.203288 0.833105 0.012007 0.020011
2 0.202001 0.815952 0.018010 0.014294
2 0.216152 0.800800 0.010292 0.018296
2 0.199857 0.752201 0.016295 0.024014
2 0.239866 0.781361 0.011578 0.020583
2 0.255732 0.772784 0.015009 0.020583
2 0.254231 0.799657 0.017153 0.014866
2 0.265166 0.681589 0.020154 0.023442
2 0.294325 0.756489 0.011578 0.029160
2 0.269025 0.819382 0.011578 0.021155
2 0.285963 0.813951 0.018868 0.010292
2 0.303545 0.821384 0.011149 0.018296
2 0.297113 0.846541 0.017153 0.014866
2 0.332490 0.834820 0.009005 0.025729
2 0.347670 0.800457 0.009520 0.018754
2 0.356246 0.869411 0.014151 0.018296
2 0.364180 0.906289 0.008576 0.022298
2 0.383519 0.855689 0.015009 0.020583
2 0.389737 0.796226 0.015437 0.013722
2 0.439265 0.791652 0.014151 0.022870
2 0.456847 0.708176 0.007290 0.024014
2 0.479788 0.734191 0.010292 0.014294
2 0.472927 0.729903 0.005146 0.022870
2 0.470140 0.745340 0.011578 0.021727
2 0.485149 0.748771 0.015866 0.012579
2 0.491795 0.706175 0.012007 0.020011
2 0.479574 0.640137 0.006432 0.017153
2 0.392095 0.661006 0.009863 0.021155
2 0.385878 0.683019 0.018010 0.011435
2 0.414608 0.887421 0.012864 0.014294
2 0.521598 0.899142 0.015009 0.019440
2 0.605775 0.756489 0.011149 0.024585
2 0.581975 0.797656 0.015009 0.020011
2 0.493639 0.796512 0.012436 0.020011
2 0.570826 0.708462 0.017581 0.021155
2 0.635149 0.742481 0.010720 0.020583
2 0.621641 0.731332 0.017153 0.020011
2 0.658948 0.701887 0.007719 0.024014
2 0.640294 0.775643 0.010720 0.018296
2 0.651015 0.796798 0.010720 0.011435
2 0.649943 0.812521 0.008576 0.017724
2 0.651186 0.910863 0.009863 0.022298
2 0.626529 0.922584 0.012864 0.014866
2 0.690209 0.841967 0.017581 0.027444
2 0.721427 0.825100 0.009005 0.018868
2 0.711349 0.853688 0.011149 0.017724
2 0.699128 0.906575 0.011578 0.021727
2 0.749085 0.899142 0.012864 0.013722
2 0.729360 0.903431 0.005146 0.017724
2 0.765595 0.918582 0.006432 0.025157
2 0.753588 0.915723 0.009005 0.016009
2 0.772670 0.863408 0.014580 0.012007
2 0.756589 0.807376 0.017581 0.020011
2 0.759377 0.825386 0.012007 0.019440
2 0.770955 0.839394 0.014580 0.009720
2 0.759377 0.851973 0.012007 0.018868
2 0.866109 0.915152 0.021012 0.013722
2 0.873399 0.896284 0.012436 0.018296
2 0.887336 0.861407 0.015437 0.014866
2 0.856890 0.853402 0.012007 0.013722
2 0.862893 0.874271 0.016295 0.010863
2 0.925586 0.837050 0.012864 0.017153
2 0.943382 0.890795 0.009005 0.021727
2 0.965252 0.883362 0.010720 0.020583
2 0.971898 0.813322 0.012864 0.017724
2 0.915080 0.817324 0.015009 0.012007
2 0.876272 0.844483 0.012007 0.016009
2 0.865552 0.804746 0.017153 0.014294
2 0.876058 0.784448 0.013293 0.012579
2 0.831675 0.807318 0.016295 0.014866
2 0.837250 0.787307 0.012864 0.014866
2 0.823528 0.755860 0.012007 0.022870
2 0.813879 0.784734 0.009863 0.018868
2 0.814308 0.808462 0.016724 0.012579
2 0.792439 0.803030 0.018439 0.010863
2 0.786006 0.789022 0.017581 0.012579
2 0.787507 0.769011 0.012007 0.009148
2 0.742396 0.869640 0.010292 0.020583
2 0.734248 0.831618 0.006003 0.015437
2 0.669068 0.793882 0.011149 0.021155
2 0.749343 0.748485 0.010292 0.023442
2 0.758562 0.742767 0.005575 0.021155
2 0.753416 0.711321 0.011578 0.017724
2 0.744197 0.687021 0.007719 0.021727
2 0.731975 0.698170 0.009005 0.023442
2 0.775715 0.737278 0.009863 0.016581
2 0.708391 0.698685 0.018439 0.012579
2 0.807018 0.680961 0.021012 0.027444
2 0.845183 0.741567 0.010720 0.020583
2 0.850758 0.721841 0.005575 0.015437
2 0.879488 0.648027 0.013293 0.018296
2 0.897284 0.758605 0.011149 0.020583
2 0.893425 0.725901 0.014580 0.012579
2 0.936735 0.763922 0.010292 0.021155
2 0.910149 0.788222 0.013722 0.018296
2 0.953674 0.783934 0.005575 0.020011
2 0.946812 0.787936 0.008148 0.029160
2 0.969325 0.693025 0.011149 0.021155
2 0.982619 0.722756 0.012007 0.014294
2 0.988836 0.746770 0.009863 0.010863
2 0.984977 0.692453 0.012436 0.014294
2 0.964394 0.589823 0.010720 0.025157
2 0.948313 0.590680 0.019726 0.014294
2 0.954746 0.670726 0.014580 0.013150
2 0.974900 0.663293 0.012864 0.010863
2 0.901572 0.551973 0.013722 0.012579
2 0.911435 0.496798 0.015437 0.022298
2 0.933519 0.516810 0.010720 0.017724
2 0.962679 0.507662 0.008148 0.022298
2 0.970397 0.506804 0.008148 0.021727
2 0.853330 0.509949 0.014151 0.021155
2 0.851830 0.566266 0.019726 0.012579
2 0.808734 0.586564 0.010720 0.020011
2 0.808519 0.542824 0.022298 0.012579
2 0.807662 0.558834 0.016295 0.013722
2 0.816667 0.509377 0.015437 0.015437
2 0.792010 0.489365 0.015009 0.012007
2 0.765209 0.526244 0.011149 0.018296
2 0.935020 0.414465 0.015437 0.014294
2 0.975114 0.485935 0.010720 0.014294
2 0.966752 0.389823 0.013722 0.011435
2 0.897284 0.288908 0.008576 0.026872
2 0.896641 0.380961 0.014151 0.016581
2 0.883133 0.414408 0.009434 0.026301
2 0.984120 0.192567 0.012436 0.012579
2 0.718425 0.503602 0.009863 0.012579
2 0.549857 0.635963 0.012007 0.018868
2 0.498828 0.583076 0.010292 0.016009
2 0.564394 0.160549 0.009005 0.021727
2 0.486349 0.095369 0.013293 0.019440
2 0.487850 0.244997 0.006861 0.018868
2 0.531289 0.344368 0.010720 0.015437
2 0.583305 0.734877 0.009434 0.016581
2 0.503288 0.739451 0.013722 0.020011
2 0.343682 0.911149 0.009434 0.016009
2 0.146169 0.928302 0.010292 0.019440
1 0.123013 0.815380 0.011149 0.014294
1 0.113794 0.761921 0.010720 0.009148
1 0.222713 0.745054 0.008148 0.009720
1 0.274171 0.730189 0.009005 0.013150
1 0.514008 0.861978 0.009434 0.016009
1 0.462336 0.779360 0.007290 0.012007
1 0.476915 0.798513 0.008148 0.013722
1 0.525157 0.632933 0.009434 0.011435
1 0.713236 0.800743 0.012865 0.016581
1 0.885706 0.748656 0.008576 0.014866
1 0.882061 0.203087 0.009005 0.012579
1 0.776144 0.312864 0.009863 0.011435
1 0.941452 0.370612 0.007719 0.009148
1 0.592953 0.338593 0.010720 0.011435
1 0.655989 0.338879 0.008148 0.012007
1 0.510835 0.373471 0.010292 0.012579
1 0.497756 0.271412 0.011578 0.013150
1 0.290981 0.530246 0.010720 0.014866
2 0.341366 0.476501 0.010292 0.017153
2 0.292053 0.579417 0.012864 0.018296
2 0.154403 0.638022 0.017153 0.010863
1 0.181332 0.564151 0.012007 0.018868
1 0.160320 0.568439 0.014580 0.013722
1 0.138236 0.538422 0.009005 0.009720
1 0.134806 0.685192 0.006432 0.010292
1 0.102644 0.725786 0.009863 0.013722
1 0.126229 0.839851 0.005575 0.013150
1 0.251444 0.726358 0.008148 0.010292
1 0.308262 0.803545 0.006003 0.010292
1 0.369497 0.821269 0.008576 0.011435
1 0.348270 0.823842 0.009005 0.013150
1 0.389651 0.965638 0.008576 0.012007
1 0.434891 0.730360 0.007290 0.009148
1 0.427601 0.714351 0.007290 0.009148
1 0.609205 0.078330 0.009434 0.010292