0 0.355718 0.421986 0.017287 0.016548
0 0.465426 0.421986 0.013298 0.026005
0 0.386303 0.821513 0.011968 0.026005
0 0.488032 0.958629 0.007979 0.016548
1 0.299867 0.704492 0.009309 0.009456
1 0.254654 0.622931 0.009309 0.016548
1 0.255319 0.533097 0.007979 0.011820
1 0.223404 0.438534 0.007979 0.016548
1 0.386968 0.230496 0.007979 0.007092
1 0.533245 0.193853 0.007979 0.014184
1 0.626330 0.120567 0.010638 0.023641
1 0.570479 0.491726 0.000000 0.000000
1 0.462766 0.659574 0.007979 0.023641
1 0.468085 0.874704 0.010638 0.009456
1 0.549867 0.686761 0.006649 0.011820
1 0.572473 0.631206 0.006649 0.018913
1 0.575798 0.716312 0.005319 0.014184
1 0.573138 0.893617 0.007979 0.009456
1 0.315160 0.839243 0.005319 0.023641