0 0.276415 0.420240 0.036021 0.041166
1 0.626973 0.776158 0.021870 0.036021
1 0.320309 0.045191 0.012370 0.021771
1 0.522727 0.271474 0.009896 0.021771
1 0.655383 0.770356 0.010594 0.023207
1 0.859550 0.573403 0.016648 0.013117
1 0.959061 0.613762 0.015891 0.017153
1 0.995006 0.699728 0.009081 0.013117
1 0.728635 0.525174 0.009081 0.013117
1 0.663177 0.851579 0.015891 0.020180
1 0.655988 0.612955 0.015135 0.017153
1 0.162975 0.804661 0.014378 0.025224
1 0.007139 0.630612 0.014277 0.024216
1 0.096004 0.426092 0.012108 0.017153
1 0.111139 0.472505 0.010594 0.015135
2 0.781629 0.944151 0.022127 0.024014
2 0.736278 0.131095 0.022053 0.022053
2 0.944448 0.112876 0.014109 0.018813
2 0.742765 0.088253 0.010790 0.013833
2 0.530460 0.148011 0.010790 0.021579
2 0.404844 0.175344 0.013694 0.012726
2 0.310435 0.293366 0.009960 0.017706
2 0.303796 0.278703 0.014939 0.007193
2 0.259185 0.254911 0.007885 0.016046
2 0.367703 0.298788 0.007470 0.021026
2 0.233871 0.269739 0.007885 0.021579
2 0.228061 0.280529 0.007885 0.023239
2 0.238436 0.296298 0.011205 0.014939
2 0.365628 0.390915 0.007470 0.021579
2 0.342597 0.390638 0.008715 0.023239
2 0.314793 0.426327 0.007885 0.018259
2 0.327450 0.428540 0.008300 0.019366
2 0.254413 0.407237 0.014109 0.007746
2 0.235531 0.351630 0.008715 0.026006
2 0.227231 0.315111 0.013694 0.007193
2 0.248312 0.130194 0.014524 0.021579
2 0.237730 0.501024 0.009960 0.016046
2 0.218849 0.463952 0.014524 0.008300
2 0.147264 0.426603 0.012450 0.008853
2 0.111575 0.392851 0.011620 0.009960
2 0.099126 0.399214 0.008300 0.016046
2 0.181791 0.399214 0.011620 0.009406
2 0.318445 0.583080 0.008715 0.015493
2 0.214699 0.527195 0.008715 0.023239
2 0.189592 0.497593 0.012450 0.012726
2 0.183160 0.518342 0.007885 0.025452
2 0.177558 0.518896 0.006640 0.019919
2 0.124025 0.509489 0.011620 0.016599
2 0.144566 0.528855 0.007055 0.017706
2 0.122572 0.586400 0.021164 0.014386
2 0.096013 0.658717 0.012035 0.013833
2 0.220923 0.581530 0.016184 0.011066
2 0.110745 0.735351 0.014109 0.011066
2 0.113235 0.767720 0.013279 0.022686
2 0.063022 0.744204 0.012450 0.024346
2 0.135022 0.827201 0.012864 0.008853
2 0.223206 0.808112 0.014109 0.017153
2 0.195194 0.832181 0.007885 0.016599
2 0.144566 0.847397 0.009545 0.017153
2 0.153904 0.776573 0.009130 0.017153
2 0.165938 0.684170 0.017429 0.009406
2 0.168843 0.740331 0.024899 0.012173
2 0.225281 0.752227 0.009130 0.033752
2 0.253500 0.765507 0.008300 0.021579
2 0.275701 0.767443 0.009545 0.015493
2 0.290848 0.717645 0.013279 0.019919
2 0.277361 0.698833 0.014524 0.013279
2 0.323424 0.662867 0.005395 0.015493
2 0.344796 0.726498 0.008300 0.015493
2 0.352473 0.738948 0.009545 0.013833
2 0.376127 0.715709 0.011205 0.014939
2 0.383182 0.737011 0.007055 0.022132
2 0.374052 0.747524 0.006225 0.013279
2 0.359736 0.748354 0.011620 0.019366
2 0.355586 0.768550 0.010790 0.014386
2 0.366998 0.763293 0.006225 0.019366
2 0.361603 0.787639 0.013694 0.014939
2 0.405384 0.864273 0.006640 0.021026
2 0.324462 0.806728 0.006640 0.018813
2 0.286906 0.850993 0.013694 0.013279
2 0.306203 0.886682 0.011620 0.010513
2 0.290018 0.886682 0.005810 0.023792
2 0.280059 0.894151 0.006640 0.021026
2 0.277776 0.865656 0.007055 0.018259
2 0.268024 0.856250 0.004150 0.016046
2 0.270722 0.871189 0.003735 0.014939
2 0.264497 0.917944 0.013694 0.017706
2 0.301845 0.899961 0.014524 0.012726
2 0.266987 0.895811 0.007885 0.015493
2 0.250387 0.857080 0.017014 0.011066
2 0.257235 0.871466 0.011620 0.008853
2 0.247897 0.903004 0.009545 0.019919
2 0.234825 0.877275 0.010790 0.009406
2 0.245408 0.883085 0.011205 0.009960
2 0.190630 0.901898 0.009545 0.021026
2 0.169258 0.905494 0.011620 0.020473
2 0.085431 0.810269 0.015769 0.014386
2 0.094976 0.790904 0.014109 0.012173
2 0.091449 0.918995 0.016184 0.014939
2 0.083771 0.866984 0.008300 0.018259
2 0.108048 0.868644 0.016184 0.011620
2 0.084186 0.883860 0.016599 0.013279
2 0.043518 0.844021 0.010790 0.017706
2 0.006820 0.857024 0.013639 0.012726
2 0.027956 0.694074 0.018674 0.011066
2 0.055760 0.790627 0.018674 0.013833
2 0.047045 0.757982 0.009545 0.020473
2 0.054308 0.814973 0.018259 0.009406
2 0.010319 0.808610 0.013279 0.009960
2 0.015299 0.801970 0.016599 0.008853
2 0.013224 0.782327 0.024069 0.012726
2 0.096013 0.847895 0.007885 0.016599
2 0.200382 0.738228 0.019089 0.014386
2 0.203702 0.763404 0.019089 0.010513
2 0.312842 0.618160 0.009130 0.025452
2 0.319067 0.631992 0.010790 0.008853
2 0.310145 0.671001 0.013694 0.014939
2 0.389614 0.589111 0.007470 0.019366
2 0.381107 0.609583 0.014524 0.012726
2 0.363885 0.628119 0.014939 0.009960
2 0.378202 0.637249 0.004565 0.013833
2 0.277361 0.610967 0.004565 0.015493
2 0.221131 0.541249 0.007470 0.008853
2 0.067380 0.575001 0.014524 0.012173
2 0.114895 0.565042 0.013279 0.012173
2 0.069454 0.521607 0.020334 0.017153
2 0.026504 0.594644 0.006640 0.021579
2 0.481741 0.053948 0.009960 0.016046
2 0.562455 0.297682 0.014524 0.013279
2 0.539216 0.428650 0.008715 0.013833
2 0.454974 0.417584 0.013694 0.026006
2 0.626985 0.564488 0.008300 0.019919
2 0.633625 0.614895 0.013279 0.013833
2 0.597936 0.698998 0.015769 0.017153
2 0.562663 0.692359 0.012450 0.024899
2 0.555608 0.711448 0.014109 0.011066
2 0.547516 0.746860 0.013694 0.014386
2 0.498299 0.740774 0.007055 0.023239
2 0.535232 0.676036 0.018674 0.017706
2 0.507428 0.636474 0.012864 0.011620
2 0.457423 0.654180 0.014109 0.024899
2 0.422357 0.602224 0.012035 0.023239
2 0.721311 0.962209 0.007055 0.022132
2 0.574199 0.937863 0.010790 0.006640
2 0.509669 0.925967 0.008715 0.024899
2 0.499710 0.937033 0.007885 0.028219
2 0.522949 0.811708 0.013694 0.007746
2 0.483318 0.787362 0.013279 0.013279
2 0.473815 0.750788 0.018674 0.013833
2 0.458377 0.727217 0.007055 0.010513
2 0.473483 0.505837 0.009545 0.012173
2 0.980551 0.587838 0.012450 0.014386
2 0.942580 0.540419 0.006225 0.014939
2 0.326205 0.198030 0.008300 0.012726
2 0.320395 0.460245 0.009960 0.022132
2 0.128756 0.798982 0.012450 0.021026
2 0.110549 0.993948 0.030507 0.012104
1 0.297268 0.992698 0.009924 0.008821
1 0.357584 0.827297 0.008821 0.021073
1 0.437895 0.879098 0.009924 0.013722
1 0.529233 0.911443 0.006616 0.011762
1 0.609728 0.775202 0.008821 0.017643
3 0.465278 0.621269 0.013967 0.019113
1 0.354202 0.517765 0.007351 0.017153
1 0.641889 0.534820 0.006984 0.008331
1 0.666883 0.530164 0.006248 0.008821
1 0.505673 0.603185 0.006984 0.010782
1 0.518170 0.631855 0.004778 0.009311
1 0.128780 0.700907 0.007719 0.009802
1 0.225815 0.776378 0.007719 0.009802
1 0.341558 0.283117 0.011027 0.010292
1 0.525815 0.387258 0.007719 0.011762
1 0.576721 0.400490 0.008086 0.008821
1 0.524528 0.526048 0.006616 0.009802
1 0.440542 0.580936 0.007719 0.007841
1 0.449914 0.580446 0.005881 0.012742
1 0.796741 0.731389 0.010292 0.008821
1 0.678388 0.714972 0.005881 0.010292
1 0.813832 0.681059 0.006248 0.011272
1 0.880544 0.618574 0.004411 0.007841
1 0.841215 0.595785 0.006616 0.010292
1 0.802438 0.623475 0.005513 0.005881
1 0.993715 0.752855 0.006248 0.009802
2 0.788140 0.142857 0.012497 0.011272
2 0.771600 0.213134 0.005881 0.013232
2 0.594732 0.878853 0.010292 0.005391
2 0.464433 0.848714 0.011394 0.009802
1 0.971845 0.720069 0.003676 0.006371
1 0.939316 0.440676 0.008454 0.011762
2 0.641713 0.351991 0.023698 0.015347
2 0.574005 0.539316 0.020989 0.012639
1 0.512391 0.220276 0.008802 0.012639
2 0.990747 0.386657 0.012187 0.029791
2 0.658369 0.942493 0.014219 0.012639
2 0.102149 0.893744 0.020312 0.021667
2 0.029024 0.556107 0.018958 0.016250
2 0.016160 0.564232 0.020312 0.021667
2 0.159416 0.603182 0.019075 0.013012
2 0.174721 0.604661 0.007985 0.019519
2 0.166514 0.617377 0.010203 0.010646
2 0.207104 0.684095 0.016857 0.014195
2 0.207991 0.705684 0.013308 0.018336
2 0.225957 0.719584 0.007541 0.028391
2 0.236381 0.711303 0.009759 0.010646
2 0.251020 0.714556 0.011534 0.013604
2 0.514875 0.559886 0.010646 0.022476
2 0.547480 0.585024 0.014639 0.014787
0 0.620834 0.334722 0.024810 0.018378