0 0.462766 0.660461 0.031915 0.028369
0 0.363697 0.178191 0.019947 0.035461
0 0.236037 0.029255 0.019947 0.031915
0 0.279255 0.136525 0.018617 0.015957
0 0.336436 0.159574 0.021277 0.019504
0 0.292553 0.245567 0.018617 0.024823
0 0.406250 0.152482 0.019947 0.026596
0 0.471410 0.048759 0.017287 0.028369
0 0.777926 0.270390 0.018617 0.024823
0 0.783910 0.390957 0.022606 0.021277
0 0.854388 0.390957 0.017287 0.024823
0 0.684176 0.593972 0.014628 0.026596
0 0.694149 0.538121 0.015957 0.024823
0 0.598404 0.608156 0.018617 0.015957
0 0.744681 0.769504 0.013298 0.026596
0 0.818484 0.855496 0.017287 0.014184
0 0.910904 0.719858 0.010638 0.026596
0 0.469415 0.726064 0.015957 0.024823
0 0.197473 0.732270 0.009309 0.012411
0 0.266622 0.793440 0.009309 0.017730
0 0.608378 0.398050 0.014628 0.035461
0 0.779920 0.603723 0.017287 0.021277
0 0.941489 0.423759 0.018617 0.023050
0 0.541223 0.520390 0.018617 0.017730
0 0.288564 0.337766 0.015957 0.017730
2 0.470080 0.347518 0.011968 0.023050
0 0.877660 0.949468 0.018617 0.021277
0 0.977394 0.864362 0.013298 0.021277
0 0.733378 0.961879 0.017287 0.021277
0 0.274601 0.852837 0.017287 0.015957
0 0.293883 0.710993 0.007979 0.015957
0 0.337766 0.697695 0.013298 0.024823
2 0.581782 0.872340 0.022606 0.026596
2 0.588431 0.833333 0.009309 0.030142
2 0.418883 0.578014 0.010638 0.019504
2 0.730718 0.594858 0.014628 0.021277
2 0.730053 0.682624 0.013298 0.023050
2 0.521941 0.741135 0.017287 0.023050
2 0.454122 0.810284 0.014628 0.040780
2 0.442154 0.847518 0.022606 0.012411
2 0.435505 0.807624 0.017287 0.024823
2 0.364362 0.679078 0.015957 0.023050
2 0.533245 0.804078 0.026596 0.031915
2 0.579122 0.790780 0.017287 0.023050
2 0.607048 0.961879 0.019947 0.024823
2 0.503324 0.928191 0.017287 0.024823
2 0.557181 0.949468 0.021277 0.028369
2 0.293883 0.932624 0.026596 0.023050
2 0.364362 0.891844 0.013298 0.030142
2 0.493351 0.986702 0.015957 0.021277
1 0.644947 0.979610 0.018617 0.021277
1 0.686170 0.937057 0.013298 0.014184
1 0.668218 0.984043 0.014628 0.012411
1 0.902261 0.955674 0.017287 0.026596
1 0.978723 0.918440 0.010638 0.030142
1 0.954122 0.892730 0.011968 0.014184
1 0.966755 0.774823 0.015957 0.019504
1 0.980718 0.757092 0.022606 0.023050
1 0.995346 0.737589 0.009308 0.019504
1 0.965426 0.516844 0.021277 0.021277
1 0.966090 0.615248 0.014628 0.015957
1 0.216755 0.883865 0.026596 0.021277
1 0.386968 0.876773 0.005319 0.024823
1 0.556516 0.834220 0.014628 0.024823
1 0.590426 0.910461 0.023936 0.021277
1 0.678191 0.804078 0.010638 0.028369
1 0.719415 0.937057 0.007979 0.021277
1 0.708777 0.784574 0.015957 0.014184
1 0.705452 0.828901 0.011968 0.028369
1 0.865027 0.764184 0.017287 0.019504
1 0.619681 0.562943 0.021277 0.021277