0 0.874335 0.626773 0.059840 0.067376
0 0.525266 0.468085 0.021277 0.023050
0 0.565160 0.437943 0.015957 0.026596
0 0.533910 0.367908 0.014628 0.014184
0 0.566489 0.319149 0.015957 0.023050
0 0.622340 0.288121 0.013298 0.024823
0 0.716090 0.067376 0.006649 0.019504
0 0.661569 0.132979 0.006649 0.019504
0 0.813165 0.251773 0.017287 0.026596
0 0.454122 0.704787 0.022606 0.031915
0 0.492021 0.621454 0.010638 0.017730
0 0.584441 0.572695 0.009309 0.015957
0 0.678191 0.591312 0.005319 0.017730
0 0.819149 0.451241 0.013298 0.021277
0 0.726729 0.647163 0.011968 0.023050
0 0.749335 0.480496 0.009309 0.015957
0 0.795213 0.840426 0.015957 0.019504
0 0.872340 0.831560 0.021277 0.012411
0 0.800532 0.766844 0.005319 0.007092
0 0.170878 0.718085 0.017287 0.015957
0 0.104388 0.623227 0.014628 0.017730
0 0.112367 0.551418 0.011968 0.019504
0 0.009973 0.204787 0.019946 0.028369
0 0.061170 0.307624 0.015957 0.017730
0 0.153590 0.472518 0.011968 0.017730
0 0.232713 0.705674 0.018617 0.026596
0 0.791223 0.576241 0.007979 0.026596
2 0.371011 0.443262 0.010638 0.033688
2 0.281915 0.358156 0.010638 0.019504
2 0.302527 0.323582 0.019947 0.007092
2 0.225399 0.226950 0.009309 0.008865
2 0.580452 0.357270 0.019947 0.031915
2 0.661569 0.359929 0.017287 0.023050
2 0.984707 0.614362 0.009309 0.021277
2 0.554521 0.490248 0.018617 0.017730
2 0.880319 0.491135 0.021277 0.023050
2 0.709441 0.305851 0.009309 0.010638
1 0.960106 0.787234 0.015957 0.015957
1 0.924867 0.524823 0.006649 0.008865
1 0.959441 0.446809 0.006649 0.012411
1 0.827793 0.324468 0.014628 0.015957
1 0.768617 0.323582 0.013298 0.014184
1 0.748005 0.343972 0.006649 0.012411
1 0.696144 0.269504 0.011968 0.015957
1 0.841090 0.079787 0.009309 0.015957
1 0.805186 0.083333 0.011968 0.008865
1 0.758644 0.033688 0.011968 0.012411
1 0.812500 0.162234 0.007979 0.024823
1 0.556516 0.522163 0.011968 0.021277
1 0.535239 0.538121 0.009309 0.014184
1 0.531250 0.575355 0.006649 0.007092
1 0.617021 0.504433 0.010638 0.014184
1 0.606383 0.374113 0.013298 0.026596
1 0.640293 0.363475 0.014628 0.026596
1 0.296543 0.631206 0.010638 0.012411
1 0.232713 0.620567 0.031915 0.037234
1 0.191489 0.591312 0.013298 0.014184
1 0.191489 0.522163 0.010638 0.017730
1 0.162899 0.537234 0.009309 0.012411
1 0.171543 0.764184 0.010638 0.008865
1 0.128324 0.662234 0.017287 0.007092
1 0.222074 0.680851 0.010638 0.015957
1 0.297872 0.764184 0.015957 0.012411
1 0.255984 0.828014 0.011968 0.012411
1 0.494681 0.821809 0.010638 0.010638
1 0.503989 0.875887 0.007979 0.019504
1 0.575798 0.729610 0.013298 0.017730
1 0.570479 0.874113 0.018617 0.015957
1 0.630319 0.948582 0.018617 0.030142
1 0.628989 0.991578 0.013298 0.016844
1 0.430851 0.613475 0.007979 0.015957
1 0.410239 0.316489 0.017287 0.017730
1 0.404920 0.425532 0.014628 0.019504
1 0.357713 0.311170 0.005319 0.014184
1 0.795878 0.384752 0.025266 0.023050