2 0.416888 0.125887 0.011968 0.026596
2 0.365027 0.298759 0.011968 0.010638
2 0.382979 0.271277 0.007979 0.012411
2 0.424867 0.257979 0.006649 0.007092
2 0.456117 0.215426 0.015957 0.024823
2 0.446809 0.154255 0.010638 0.023050
2 0.402926 0.086879 0.010638 0.015957
0 0.678191 0.161348 0.013298 0.026596
2 0.790559 0.387411 0.019947 0.035461
2 0.603059 0.500000 0.019947 0.023050
2 0.680851 0.489362 0.015957 0.012411
2 0.786569 0.289007 0.009309 0.026596
2 0.700798 0.199468 0.013298 0.010638
2 0.899601 0.112589 0.011968 0.010638
2 0.926197 0.009752 0.009309 0.007092
2 0.977394 0.101950 0.021277 0.028369
2 0.898936 0.198582 0.013298 0.023050
2 0.886303 0.248227 0.019947 0.023050
2 0.914229 0.299645 0.017287 0.030142
2 0.925532 0.245567 0.007979 0.017730
2 0.896941 0.309397 0.009309 0.017730
2 0.177527 0.577128 0.014628 0.017730
2 0.211436 0.626773 0.021277 0.021277
2 0.226729 0.478723 0.006649 0.015957
2 0.275931 0.454787 0.014628 0.014184
2 0.263298 0.496454 0.007979 0.015957
2 0.297872 0.515957 0.007979 0.012411
2 0.301197 0.349291 0.011968 0.023050
2 0.326463 0.321809 0.011968 0.021277
2 0.480053 0.416667 0.013298 0.015957
2 0.575798 0.379433 0.010638 0.019504
2 0.557846 0.415780 0.011968 0.014184
2 0.726064 0.262411 0.015957 0.019504
2 0.816489 0.267730 0.013298 0.019504
2 0.842420 0.294326 0.014628 0.023050
2 0.972739 0.273936 0.011968 0.014184
2 0.899601 0.453014 0.017287 0.021277
2 0.889628 0.400709 0.015957 0.023050
2 0.907580 0.348404 0.014628 0.010638
2 0.928191 0.398050 0.026596 0.021277
2 0.918883 0.488475 0.013298 0.017730
2 0.865027 0.485816 0.019947 0.023050
2 0.889628 0.511525 0.018617 0.028369
2 0.950798 0.606383 0.018617 0.026596
2 0.942154 0.541667 0.009309 0.031915
2 0.957447 0.383865 0.026596 0.014184
2 0.952128 0.513298 0.007979 0.017730
2 0.991356 0.452128 0.017287 0.030142
2 0.987367 0.412234 0.025266 0.035461
2 0.986037 0.561170 0.017287 0.024823
2 0.986037 0.611702 0.022606 0.008865
2 0.990027 0.641844 0.011968 0.030142
2 0.964761 0.693262 0.022606 0.037234
2 0.992686 0.783688 0.011968 0.037234
2 0.953457 0.827128 0.013298 0.014184
2 0.694149 0.935284 0.013298 0.024823
2 0.754654 0.929078 0.017287 0.019504
2 0.815160 0.844858 0.015957 0.021277
2 0.835771 0.897163 0.011968 0.023050
2 0.861702 0.890071 0.013298 0.026596
2 0.932846 0.901596 0.011968 0.028369
2 0.798537 0.498227 0.017287 0.030142
2 0.648936 0.528369 0.015957 0.026596
2 0.624335 0.567376 0.017287 0.033688
2 0.565160 0.628546 0.021277 0.021277
2 0.569149 0.658688 0.018617 0.014184
2 0.626330 0.692376 0.018617 0.035461
2 0.738032 0.566489 0.026596 0.017730
2 0.689495 0.548759 0.027926 0.024823
2 0.739362 0.508865 0.026596 0.019504
2 0.791888 0.546986 0.022606 0.046099
2 0.824468 0.515957 0.005319 0.015957
2 0.812500 0.634752 0.018617 0.030142
2 0.841755 0.675532 0.026596 0.037234
2 0.898936 0.570035 0.013298 0.017730
2 0.867686 0.554078 0.014628 0.017730
2 0.929521 0.666667 0.018617 0.030142
2 0.918883 0.609929 0.015957 0.023050
2 0.947473 0.745567 0.011968 0.021277
2 0.825798 0.769504 0.018617 0.026596
2 0.697473 0.648050 0.017287 0.024823
2 0.728059 0.676418 0.014628 0.017730
2 0.778590 0.737589 0.014628 0.023050
2 0.511303 0.736702 0.025266 0.042553
2 0.487367 0.762411 0.019947 0.023050
2 0.524601 0.779255 0.019947 0.028369
2 0.535904 0.810284 0.021277 0.030142
2 0.506649 0.845745 0.018617 0.033688
2 0.539894 0.702128 0.010638 0.023050
2 0.589761 0.700355 0.019947 0.012411
2 0.632979 0.717199 0.023936 0.017730
2 0.634973 0.754433 0.027926 0.017730
2 0.658910 0.790780 0.011968 0.019504
2 0.690824 0.695035 0.019947 0.015957
2 0.738697 0.723404 0.014628 0.008865
2 0.733378 0.746454 0.017287 0.033688
2 0.708112 0.760638 0.017287 0.030142
2 0.678191 0.754433 0.010638 0.028369
2 0.781250 0.765071 0.014628 0.039007
2 0.844415 0.742908 0.021277 0.026596
2 0.877660 0.731383 0.021277 0.024823
2 0.839096 0.566489 0.021277 0.021277
2 0.868351 0.626773 0.034574 0.021277
2 0.925532 0.747340 0.010638 0.024823
2 0.912234 0.848404 0.013298 0.021277
2 0.976729 0.847518 0.019947 0.023050
2 0.966090 0.888298 0.017287 0.015957
2 0.802527 0.804965 0.009309 0.015957
2 0.702793 0.852837 0.022606 0.023050
2 0.352394 0.484929 0.018617 0.031915
2 0.468750 0.497340 0.017287 0.021277
2 0.508644 0.550532 0.019947 0.024823
2 0.359043 0.539894 0.010638 0.024823
2 0.547207 0.532801 0.011968 0.010638
2 0.359707 0.650709 0.017287 0.030142
0 0.755984 0.298759 0.019947 0.017730
2 0.267287 0.677305 0.015957 0.030142
2 0.234707 0.795213 0.014628 0.024823
2 0.216755 0.827128 0.005319 0.010638
2 0.385638 0.874113 0.013298 0.030142
2 0.340426 0.704787 0.007979 0.028369
2 0.376995 0.708333 0.014628 0.021277
2 0.400931 0.607270 0.014628 0.031915
2 0.453457 0.709220 0.018617 0.030142
2 0.343750 0.803191 0.006649 0.012411
2 0.325133 0.789007 0.011968 0.026596
2 0.272606 0.793440 0.013298 0.021277
2 0.270612 0.850177 0.017287 0.017730
2 0.282580 0.898936 0.014628 0.023050
2 0.158245 0.682624 0.015957 0.023050
2 0.186170 0.752660 0.021277 0.046099
2 0.156250 0.820922 0.025266 0.030142
2 0.093750 0.750000 0.014628 0.012411
2 0.060505 0.792553 0.011968 0.026596
2 0.617021 0.918440 0.021277 0.030142
2 0.577793 0.914894 0.025266 0.026596
2 0.638298 0.812943 0.010638 0.014184
2 0.654920 0.842199 0.019947 0.037234
2 0.597074 0.805851 0.015957 0.014184
2 0.573138 0.836879 0.015957 0.023050
2 0.615027 0.834220 0.009309 0.024823
2 0.768617 0.652482 0.015957 0.019504
2 0.753989 0.704787 0.015957 0.021277
2 0.880319 0.676418 0.023936 0.017730
2 0.920213 0.697695 0.015957 0.024823
2 0.652926 0.926418 0.023936 0.028369
2 0.628989 0.874113 0.018617 0.015957
2 0.594415 0.861702 0.013298 0.026596
2 0.410239 0.899823 0.022606 0.021277
2 0.420878 0.768617 0.014628 0.021277
2 0.454122 0.757092 0.011968 0.023050