1 0.753045 0.554889 0.019297 0.032590
1 0.794211 0.232419 0.016724 0.032590
1 0.652702 0.106346 0.016724 0.020583
1 0.525986 0.240995 0.020583 0.022298
1 0.378045 0.642367 0.012864 0.022298
1 0.443653 0.976844 0.012864 0.018868
1 0.361964 0.644940 0.009005 0.017153
1 0.162564 0.728988 0.014151 0.020583
1 0.129117 0.831904 0.011578 0.020583
1 0.025557 0.584906 0.015437 0.020583
1 0.642410 0.436535 0.024443 0.025729
1 0.714451 0.420240 0.016724 0.020583
1 0.699657 0.633791 0.012864 0.015437
1 0.711235 0.926244 0.010292 0.017153
1 0.838593 0.843911 0.018010 0.027444
1 0.761406 0.845626 0.012864 0.030875
1 0.874614 0.478559 0.012864 0.027444
1 0.985249 0.770154 0.007719 0.017153
1 0.790352 0.845626 0.011578 0.020583
3 0.520197 0.746141 0.016724 0.027444