1 0.802573 0.750429 0.018010 0.032590
2 0.619991 0.599797 0.017542 0.027288
2 0.662736 0.727741 0.012280 0.018712
2 0.655134 0.843911 0.018127 0.012475
2 0.839038 0.307968 0.021051 0.012475
2 0.913301 0.246764 0.019881 0.011695
2 0.725012 0.145798 0.021051 0.014034
2 0.631452 0.245205 0.017542 0.021051
2 0.249610 0.512787 0.016373 0.025729
2 0.425269 0.516295 0.009356 0.021831
2 0.389307 0.577109 0.012280 0.023390
1 0.320657 0.899267 0.019297 0.015593
1 0.765359 0.636909 0.010525 0.014814
1 0.659683 0.950176 0.014702 0.022053
1 0.496427 0.483787 0.011639 0.018786
2 0.133464 0.728825 0.011027 0.025321
1 0.195826 0.901576 0.014702 0.019603