0 0.421777 0.411164 0.042882 0.052173
1 0.870712 0.135506 0.020583 0.020583
1 0.877144 0.439280 0.011578 0.024014
1 0.664558 0.270583 0.010935 0.026587
1 0.456797 0.040309 0.014794 0.025729
1 0.226651 0.423413 0.009648 0.028302
1 0.241445 0.466724 0.012221 0.017153
1 0.069704 0.799228 0.013508 0.018010
1 0.053623 0.833105 0.013508 0.029160
1 0.794297 0.762350 0.011578 0.026587
1 0.913615 0.935592 0.019940 0.023156
1 0.750236 0.770497 0.009648 0.020583
1 0.867174 0.521612 0.008362 0.017153
1 0.279717 0.529846 0.012864 0.017153
1 0.260420 0.701029 0.010292 0.013722
1 0.801951 0.845540 0.014794 0.019726
1 0.497127 0.515780 0.010292 0.020583
2 0.485099 0.387564 0.009648 0.024871
2 0.508255 0.388422 0.005789 0.026587
2 0.509541 0.294082 0.009648 0.023156
2 0.482847 0.277787 0.012864 0.012864
2 0.450043 0.292796 0.011578 0.025729
2 0.443289 0.273928 0.013508 0.010292
2 0.396977 0.249914 0.009648 0.018868
2 0.387328 0.115695 0.021226 0.012864
2 0.389901 0.131561 0.009648 0.022298
2 0.670991 0.144425 0.010935 0.022298
2 0.771334 0.272642 0.018654 0.019726
2 0.597341 0.412864 0.014151 0.024014
2 0.376329 0.289794 0.011578 0.012864
2 0.369897 0.259348 0.010292 0.022298
2 0.362822 0.270069 0.014151 0.038593
2 0.245755 0.296226 0.007719 0.027444
2 0.374721 0.339966 0.018654 0.024014
2 0.392072 0.405017 0.019297 0.011792
2 0.317338 0.395369 0.013267 0.011792
2 0.242362 0.388401 0.014473 0.015009
2 0.281759 0.422974 0.012864 0.013401
2 0.257437 0.506111 0.012462 0.019297
2 0.310503 0.518171 0.009246 0.020905
2 0.318142 0.517367 0.007638 0.019297
2 0.325981 0.494318 0.011256 0.012864
2 0.351710 0.526747 0.008040 0.021977
2 0.375228 0.498070 0.009246 0.024657
2 0.355931 0.459477 0.018895 0.011792
2 0.357338 0.582333 0.018493 0.013937
2 0.197788 0.519903 0.015970 0.018927
2 0.160969 0.516946 0.013308 0.013012
2 0.151653 0.552138 0.018631 0.010055
2 0.152762 0.564855 0.016413 0.014195
2 0.195792 0.573609 0.017301 0.013012
2 0.153871 0.593719 0.011534 0.014195
2 0.095981 0.689537 0.009316 0.022476
2 0.087331 0.693973 0.008872 0.017153
2 0.064263 0.699000 0.016857 0.016561
2 0.021234 0.697226 0.009759 0.024842
2 0.005072 0.736263 0.010144 0.022476
2 0.007926 0.767907 0.013308 0.017153
2 0.017685 0.798072 0.011534 0.024250
2 0.023230 0.898030 0.010203 0.025433
2 0.004185 0.902466 0.008369 0.015378
2 0.038756 0.786538 0.021737 0.022476
2 0.061602 0.898030 0.012421 0.024250
2 0.072248 0.889454 0.015970 0.027208
2 0.073135 0.864612 0.010646 0.016561
2 0.070474 0.850121 0.012421 0.012421
2 0.073579 0.824097 0.013308 0.017153
2 0.107736 0.806057 0.015970 0.017744
2 0.120823 0.832081 0.021737 0.029574
2 0.123928 0.856923 0.019962 0.020110
2 0.109067 0.903354 0.014195 0.032531
2 0.089327 0.898326 0.004880 0.020110
2 0.099308 0.865204 0.011534 0.017744
2 0.105297 0.751346 0.017301 0.015970
2 0.103966 0.713491 0.015526 0.015970
2 0.154093 0.697817 0.020849 0.014195
2 0.126368 0.741586 0.010646 0.018927
2 0.138345 0.770568 0.010646 0.013012
2 0.140119 0.785947 0.021293 0.013012
2 0.140341 0.807240 0.018188 0.009464
2 0.135683 0.814337 0.014195 0.011829
2 0.150101 0.796002 0.015526 0.005915
2 0.164739 0.786538 0.009316 0.011829
2 0.170284 0.760513 0.010646 0.026025
2 0.190690 0.745727 0.012421 0.017744
2 0.199341 0.732123 0.010203 0.016561
2 0.182217 0.794523 0.019075 0.013604
2 0.170240 0.849530 0.014639 0.017153
2 0.213935 0.813332 0.016857 0.013604
2 0.225025 0.795292 0.015970 0.014195
2 0.226356 0.852960 0.011534 0.012421
2 0.209277 0.870113 0.013752 0.025433
2 0.239886 0.874253 0.009316 0.011238
2 0.211052 0.887857 0.015526 0.013604
2 0.223694 0.892885 0.025729 0.014195
2 0.227243 0.907376 0.015083 0.015970
2 0.221033 0.925416 0.013308 0.013012
2 0.244278 0.770154 0.012421 0.021884
2 0.240285 0.735553 0.014195 0.008281
2 0.228086 0.760099 0.018188 0.014787
2 0.262687 0.803573 0.016413 0.016561
2 0.265349 0.831963 0.011090 0.009464
2 0.278213 0.852665 0.010203 0.011829
2 0.302390 0.909446 0.010646 0.020110
2 0.322795 0.906488 0.013308 0.022476
2 0.358505 0.810256 0.017301 0.019519
2 0.224315 0.659431 0.014195 0.017153
2 0.302390 0.683386 0.015083 0.011829
2 0.299728 0.746082 0.018631 0.009464
2 0.317916 0.740463 0.007985 0.012421
2 0.320577 0.709410 0.007098 0.021293
2 0.325013 0.678950 0.011534 0.006506
2 0.362720 0.725972 0.009759 0.030756
2 0.370039 0.704383 0.011090 0.021884
2 0.389336 0.716508 0.010646 0.016561
2 0.390888 0.767374 0.007541 0.020110
2 0.363163 0.768262 0.008872 0.031348
2 0.335438 0.741350 0.016413 0.014195
2 0.343201 0.765600 0.014195 0.013012
2 0.455965 0.423079 0.009759 0.023067
2 0.470382 0.423671 0.010203 0.018336
2 0.461954 0.455610 0.011090 0.021884
2 0.524191 0.606199 0.016857 0.013604
2 0.531289 0.589046 0.010646 0.024250
2 0.463861 0.635181 0.014195 0.024250
2 0.487150 0.725676 0.011090 0.021884
2 0.492695 0.738392 0.007985 0.015378
2 0.495801 0.767670 0.010646 0.011238
2 0.502011 0.748152 0.012421 0.018336
2 0.451440 0.669486 0.014195 0.015970
2 0.507334 0.625421 0.015970 0.014195
2 0.601156 0.650855 0.012864 0.023659
2 0.600047 0.720944 0.007985 0.015970
2 0.530180 0.737801 0.014639 0.015378
2 0.517981 0.714142 0.011534 0.016561
2 0.507556 0.763234 0.005767 0.023659
2 0.503120 0.782161 0.014639 0.016561
2 0.429704 0.717099 0.015083 0.018927
2 0.464083 0.807417 0.008428 0.020701
2 0.415331 0.766783 0.010646 0.017744
2 0.416662 0.895132 0.007098 0.018927
2 0.428195 0.892471 0.007098 0.028982
2 0.385388 0.906962 0.014639 0.022476
2 0.385610 0.890992 0.014195 0.021293
2 0.404463 0.858757 0.006654 0.015970
2 0.409564 0.875022 0.006210 0.016561
2 0.416884 0.867629 0.007541 0.019519
2 0.424425 0.850772 0.012864 0.013012
2 0.401801 0.920565 0.016413 0.020110
2 0.402023 0.895724 0.011534 0.010646
2 0.497309 0.822381 0.009759 0.027208
2 0.517271 0.799314 0.013308 0.021293
2 0.546549 0.863193 0.007985 0.021293
2 0.664015 0.810138 0.014195 0.014787
2 0.604572 0.845330 0.011534 0.010646
2 0.637399 0.933755 0.017744 0.028982
2 0.651372 0.921334 0.010203 0.019519
2 0.856849 0.954812 0.009316 0.025433
2 0.688058 0.742474 0.013308 0.014787
2 0.641036 0.738333 0.007985 0.024250
2 0.617303 0.748684 0.018188 0.011829
2 0.676081 0.674159 0.017744 0.021293
2 0.775448 0.611758 0.014195 0.018336
2 0.698926 0.709943 0.018188 0.014787
2 0.713344 0.931803 0.012421 0.007098
2 0.624401 0.784527 0.013752 0.013012
2 0.703274 0.691193 0.013752 0.020110
2 0.739649 0.692672 0.012864 0.015970
2 0.876190 0.094162 0.011977 0.017744
2 0.905468 0.218371 0.006654 0.020110
2 0.546016 0.172710 0.012421 0.010646
2 0.623203 0.053528 0.014195 0.019519
2 0.583945 0.127107 0.010203 0.014787
2 0.036982 0.435145 0.011090 0.021884
2 0.113503 0.535104 0.012421 0.019519
2 0.245697 0.564086 0.012421 0.013604
2 0.312238 0.603419 0.007985 0.021293
2 0.295159 0.601940 0.017301 0.014787
2 0.329538 0.611995 0.014195 0.012421
2 0.417815 0.612113 0.007985 0.020701
2 0.458848 0.581357 0.008428 0.017153
2 0.566112 0.600935 0.011090 0.016561
2 0.519977 0.634234 0.004880 0.014787