0 0.117021 0.053191 0.018617 0.019504
0 0.317154 0.335106 0.011968 0.026596
0 0.355053 0.553191 0.013298 0.030142
0 0.320479 0.585993 0.018617 0.021277
0 0.326463 0.676418 0.017287 0.014184
0 0.410239 0.681738 0.011968 0.021277
0 0.447473 0.674645 0.017287 0.024823
0 0.422872 0.874113 0.007979 0.023050
0 0.762633 0.498227 0.019947 0.026596
0 0.775266 0.538121 0.013298 0.031915
0 0.553191 0.703901 0.015957 0.023050
0 0.060505 0.763298 0.014628 0.017730
0 0.739362 0.125000 0.021277 0.031915
0 0.862367 0.428191 0.011968 0.024823
0 0.624335 0.469858 0.011968 0.026596
0 0.683511 0.412234 0.015957 0.021277
0 0.712766 0.876773 0.015957 0.014184
0 0.716755 0.993351 0.021277 0.013298
0 0.589096 0.636525 0.015957 0.019504
0 0.346410 0.754433 0.011968 0.035461
0 0.859707 0.492021 0.017287 0.021277
0 0.277261 0.349291 0.019947 0.023050
0 0.563830 0.295213 0.010638 0.017730
0 0.976064 0.429965 0.026596 0.021277
2 0.586436 0.338652 0.015957 0.015957
2 0.682846 0.329787 0.011968 0.030142
2 0.759973 0.430851 0.011968 0.026596
2 0.813830 0.360816 0.007979 0.021277
2 0.876995 0.318262 0.011968 0.014184
2 0.668218 0.303191 0.014628 0.012411
2 0.638298 0.323582 0.010638 0.014184
2 0.440160 0.750887 0.013298 0.035461
2 0.494016 0.445035 0.011968 0.026596
2 0.285904 0.423759 0.015957 0.012411
2 0.952128 0.362589 0.023936 0.017730
2 0.470745 0.750887 0.021277 0.024823
2 0.466755 0.666667 0.021277 0.012411
2 0.725399 0.607270 0.017287 0.021277
1 0.382314 0.099291 0.014628 0.023050
1 0.486702 0.785461 0.007979 0.019504
1 0.496011 0.900709 0.007979 0.012411
1 0.484707 0.897163 0.006649 0.019504
1 0.574468 0.472518 0.010638 0.014184
1 0.644947 0.297872 0.013298 0.015957
1 0.631649 0.350177 0.007979 0.017730
1 0.605718 0.413121 0.003989 0.005319
1 0.884309 0.865248 0.015957 0.015957
3 0.841755 0.834220 0.026596 0.028369
2 0.208777 0.460993 0.013298 0.023050
2 0.123670 0.662234 0.015957 0.021277