0 0.527261 0.396277 0.025266 0.021277
0 0.612367 0.379433 0.022606 0.030142
0 0.688830 0.378546 0.021277 0.035461
0 0.556516 0.734929 0.011968 0.042553
0 0.574468 0.906028 0.013298 0.026596
0 0.369681 0.908688 0.018617 0.014184
0 0.102394 0.445035 0.013298 0.033688
0 0.222074 0.538121 0.015957 0.024823
0 0.174867 0.588652 0.017287 0.019504
2 0.330452 0.096631 0.022606 0.017730
2 0.589096 0.066489 0.018617 0.017730
2 0.724069 0.017730 0.019947 0.015957
2 0.981383 0.230496 0.018617 0.026596
2 0.928856 0.303191 0.017287 0.023050
2 0.839096 0.493794 0.018617 0.014184
2 0.570479 0.128546 0.013298 0.024823
2 0.541888 0.093972 0.006649 0.008865
2 0.685505 0.182624 0.011968 0.023050
2 0.550532 0.355496 0.021277 0.021277
2 0.425532 0.601064 0.023936 0.019504
2 0.496676 0.670213 0.014628 0.030142
2 0.474734 0.525709 0.010638 0.024823
2 0.527261 0.500000 0.009309 0.019504
2 0.543883 0.549645 0.018617 0.026596
3 0.728059 0.600177 0.022606 0.031915
3 0.931516 0.586879 0.014628 0.026596
1 0.799867 0.804078 0.022606 0.017730
1 0.714096 0.903369 0.013298 0.028369
1 0.648936 0.838652 0.018617 0.015957
1 0.933511 0.776596 0.007979 0.019504
1 0.902261 0.673759 0.014628 0.019504
1 0.488697 0.607270 0.011968 0.010638
1 0.493351 0.590426 0.018617 0.023050
1 0.587766 0.544326 0.013298 0.019504
1 0.685505 0.526596 0.014628 0.012411
1 0.419548 0.431738 0.017287 0.017730
1 0.459441 0.606383 0.017287 0.012411
1 0.371011 0.984929 0.023936 0.024823
1 0.623005 0.759752 0.011968 0.014184
1 0.646941 0.617021 0.003989 0.005319
1 0.547207 0.573582 0.011968 0.017730
1 0.596410 0.492021 0.006649 0.010638
1 0.819814 0.398050 0.038564 0.017730
1 0.474069 0.195035 0.011968 0.023050
1 0.855053 0.194149 0.007979 0.017730