1 0.526092 0.261842 0.014844 0.021771
1 0.656469 0.240599 0.012370 0.020451
1 0.554542 0.282491 0.017318 0.017153
1 0.756911 0.300633 0.019297 0.016493
1 0.711390 0.136693 0.014349 0.018472
1 0.642862 0.322404 0.011875 0.027048
1 0.796741 0.444584 0.016823 0.015174
1 0.748252 0.572569 0.022760 0.016493
1 0.748252 0.679311 0.011875 0.024410
1 0.716091 0.705370 0.017812 0.014514
1 0.609513 0.759665 0.011875 0.027048
1 0.571167 0.804526 0.021276 0.023090
1 0.743155 0.829199 0.020286 0.015174
1 0.918360 0.792255 0.015833 0.016493
1 0.919844 0.987531 0.013854 0.017812
1 0.631482 0.853609 0.008906 0.015174
1 0.489478 0.873070 0.009896 0.023750
1 0.616501 0.515403 0.020583 0.017839
1 0.524134 0.745523 0.010806 0.021955
2 0.464185 0.846381 0.012350 0.020583
2 0.649177 0.669365 0.008748 0.020583
2 0.605026 0.199657 0.009777 0.017839
2 0.579039 0.309434 0.007204 0.021955
2 0.391990 0.315472 0.014923 0.010978
1 0.312487 0.052144 0.011321 0.012350
1 0.080542 0.788316 0.010594 0.014126