1 0.848404 0.702128 0.015957 0.047872
0 0.763298 0.048759 0.013298 0.021277
0 0.807181 0.169326 0.021277 0.021277
0 0.564495 0.288121 0.014628 0.014184
0 0.428191 0.431738 0.015957 0.021277
0 0.446809 0.443262 0.015957 0.019504
0 0.591755 0.444149 0.021277 0.024823
0 0.454122 0.313830 0.011968 0.015957
0 0.598404 0.323582 0.005319 0.014184
0 0.678856 0.745567 0.019947 0.014184
0 0.559176 0.721631 0.011968 0.019504
0 0.375665 0.779255 0.014628 0.021277
1 0.648936 0.457447 0.007979 0.019504
1 0.689495 0.519504 0.006649 0.015957
1 0.712766 0.350177 0.010638 0.017730
1 0.785904 0.293440 0.005319 0.010638
1 0.883644 0.429965 0.014628 0.021277
1 0.826463 0.454787 0.009309 0.010638
1 0.809176 0.374113 0.006649 0.005319
1 0.525931 0.402482 0.014628 0.012411
1 0.371676 0.634752 0.006649 0.019504
1 0.337766 0.620567 0.007979 0.012411
1 0.363032 0.656915 0.015957 0.021277
1 0.251330 0.516844 0.015957 0.021277
1 0.263298 0.483156 0.005319 0.010638
1 0.405585 0.615248 0.007979 0.012411
1 0.321144 0.788121 0.011968 0.021277
1 0.331117 0.896277 0.007979 0.010638
1 0.497340 0.676418 0.018617 0.028369
1 0.636968 0.582447 0.007979 0.017730
1 0.840426 0.512411 0.010638 0.015957
2 0.918883 0.388298 0.013298 0.033688
2 0.905585 0.683511 0.010638 0.028369
2 0.709441 0.492908 0.030585 0.019504
2 0.750000 0.728723 0.013298 0.008865
1 0.587101 0.703014 0.017287 0.021277
1 0.711436 0.868794 0.007979 0.012411
1 0.147606 0.133865 0.010638 0.014184
1 0.492686 0.054078 0.006649 0.010638
1 0.702128 0.204787 0.005319 0.007092
1 0.855718 0.093085 0.009309 0.021277
1 0.945479 0.513298 0.018617 0.028369
1 0.938165 0.571809 0.009309 0.014184
1 0.984707 0.395390 0.009309 0.019504
1 0.964761 0.623227 0.009309 0.010638
1 0.966755 0.670213 0.010638 0.023050
1 0.927527 0.679965 0.014628 0.010638
1 0.795878 0.678191 0.017287 0.024823
1 0.859707 0.917553 0.009309 0.014184
0 0.410239 0.562943 0.038564 0.031915