2 0.684176 0.542553 0.019947 0.012411
0 0.679521 0.093085 0.010638 0.021277
2 0.507979 0.641844 0.026596 0.026596
2 0.662899 0.751773 0.009309 0.023050
2 0.811835 0.632979 0.006649 0.023050
1 0.624335 0.513298 0.019947 0.021277
1 0.611037 0.421099 0.011968 0.017730
1 0.560505 0.413121 0.009309 0.015957
1 0.553856 0.384752 0.006649 0.008865
1 0.575798 0.471631 0.010638 0.012411
1 0.541888 0.446809 0.009309 0.015957
1 0.500665 0.418440 0.009309 0.019504
1 0.509973 0.470745 0.006649 0.014184
1 0.708777 0.443262 0.007979 0.008865
1 0.674202 0.482270 0.005319 0.008865
1 0.780585 0.410461 0.007979 0.007092
1 0.460106 0.651596 0.013298 0.014184
1 0.446809 0.708333 0.013298 0.014184
1 0.478723 0.699468 0.007979 0.010638
1 0.473404 0.816489 0.010638 0.014184
1 0.462101 0.914007 0.009309 0.014184
1 0.674867 0.872340 0.014628 0.008865
1 0.468085 0.848404 0.010638 0.017730
1 0.488032 0.880319 0.007979 0.014184
1 0.555851 0.502660 0.023936 0.017730
1 0.628324 0.337766 0.009309 0.010638
1 0.269947 0.623227 0.018617 0.021277
1 0.263963 0.668440 0.009309 0.019504
1 0.241356 0.644504 0.009309 0.007092
1 0.168218 0.440603 0.009309 0.017730
0 0.555186 0.612589 0.022606 0.031915
0 0.613032 0.618794 0.031915 0.040780
0 0.571144 0.644504 0.019947 0.039007
0 0.626995 0.554078 0.009309 0.014184
0 0.706782 0.507092 0.006649 0.012411
0 0.846410 0.970745 0.022606 0.017730
0 0.847074 0.265071 0.018617 0.021277