2 0.588431 0.354610 0.038564 0.037234
2 0.642287 0.287234 0.013298 0.023050
2 0.645612 0.335993 0.019947 0.028369
2 0.579787 0.486702 0.021277 0.014184
2 0.492021 0.495567 0.023936 0.017730
2 0.419548 0.808511 0.017287 0.030142
2 0.453457 0.828014 0.026596 0.015957
2 0.640293 0.910461 0.011968 0.028369
2 0.478723 0.430851 0.013298 0.015957
2 0.529920 0.288121 0.025266 0.017730
2 0.768617 0.066489 0.013298 0.017730
2 0.608378 0.456560 0.014628 0.024823
2 0.314495 0.307624 0.030585 0.014184
2 0.327128 0.396277 0.015957 0.021277
2 0.643617 0.569149 0.013298 0.015957
2 0.662899 0.708333 0.011968 0.017730
2 0.674202 0.380319 0.029255 0.017730
2 0.642952 0.366135 0.022606 0.010638
1 0.872340 0.288121 0.013298 0.024823
1 0.891622 0.659574 0.014628 0.019504
1 0.731383 0.549645 0.015957 0.026596
1 0.867021 0.378546 0.018617 0.021277
1 0.784574 0.541667 0.007979 0.028369
1 0.976064 0.538121 0.015957 0.014184
1 0.758644 0.678191 0.019947 0.021277
1 0.664229 0.846631 0.014628 0.021277
1 0.382314 0.620567 0.011968 0.015957
1 0.117686 0.609043 0.025266 0.021277
1 0.279920 0.724291 0.014628 0.024823