0 0.742021 0.019504 0.018617 0.026596
0 0.810505 0.235816 0.022606 0.023050
0 0.806516 0.332447 0.014628 0.024823
0 0.690824 0.159574 0.009309 0.015957
0 0.440160 0.673759 0.018617 0.026596
0 0.592420 0.705674 0.017287 0.023050
0 0.714096 0.734043 0.010638 0.015957
0 0.740691 0.742908 0.010638 0.023050
0 0.795878 0.857270 0.009309 0.028369
0 0.974069 0.645390 0.019947 0.026596
0 0.875665 0.174645 0.025266 0.031915
1 0.790559 0.129433 0.022606 0.019504
1 0.638963 0.020390 0.009309 0.017730
1 0.787234 0.501773 0.010638 0.012411
1 0.833777 0.431738 0.007979 0.014184
1 0.726064 0.649823 0.010638 0.010638
1 0.652261 0.640071 0.014628 0.015957
1 0.811170 0.703014 0.010638 0.010638
1 0.857048 0.695922 0.017287 0.014184
1 0.878989 0.671099 0.010638 0.014184
1 0.914229 0.567376 0.017287 0.019504
1 0.926197 0.515957 0.009309 0.015957
1 0.874335 0.874113 0.014628 0.026596
1 0.963431 0.792553 0.011968 0.040780
2 0.806516 0.923759 0.019947 0.026596
2 0.732048 0.880319 0.027926 0.024823
2 0.720745 0.849291 0.013298 0.019504
1 0.725399 0.810284 0.019947 0.026596
1 0.400931 0.904255 0.011968 0.012411
1 0.439495 0.861702 0.011968 0.019504
1 0.433511 0.948582 0.010638 0.015957
1 0.576463 0.802305 0.011968 0.014184
1 0.254654 0.532801 0.009309 0.010638
2 0.305186 0.609043 0.019947 0.021277
2 0.940160 0.788121 0.018617 0.021277
2 0.542553 0.842199 0.021277 0.026596
2 0.364362 0.929965 0.007979 0.014184
2 0.438830 0.593972 0.029255 0.015957
2 0.543218 0.317376 0.017287 0.023050