0 0.074468 0.046099 0.021277 0.019504
0 0.190824 0.184397 0.019947 0.033688
0 0.294548 0.447695 0.014628 0.014184
0 0.286569 0.659574 0.022606 0.030142
0 0.417553 0.607270 0.021277 0.021277
0 0.321809 0.400709 0.013298 0.023050
0 0.121676 0.251773 0.019947 0.026596
0 0.120346 0.340426 0.011968 0.023050
0 0.112367 0.142730 0.017287 0.014184
0 0.341755 0.739362 0.018617 0.033688
0 0.218085 0.579787 0.013298 0.019504
0 0.230718 0.523936 0.009309 0.014184
0 0.914894 0.411348 0.015957 0.026596
0 0.990027 0.786348 0.011968 0.042553
1 0.689495 0.092199 0.011968 0.023050
1 0.253989 0.804965 0.010638 0.019504
1 0.315824 0.984929 0.019947 0.024823
1 0.327128 0.893617 0.005319 0.005319
1 0.350399 0.808511 0.017287 0.033688
1 0.398936 0.792553 0.018617 0.026596
1 0.408245 0.833333 0.010638 0.019504
1 0.400931 0.865248 0.014628 0.023050
1 0.372340 0.833333 0.013298 0.030142
1 0.428191 0.967199 0.023936 0.031915
1 0.466090 0.983156 0.011968 0.017730
1 0.489362 0.988475 0.021277 0.014184
1 0.506649 0.941489 0.010638 0.019504
1 0.543883 0.944149 0.015957 0.024823
1 0.522606 0.832447 0.013298 0.028369
1 0.496011 0.806738 0.015957 0.033688
1 0.559176 0.739362 0.014628 0.015957
1 0.624335 0.641844 0.014628 0.026596
1 0.434176 0.566489 0.019947 0.028369
1 0.355053 0.513298 0.015957 0.028369
1 0.436170 0.661348 0.013298 0.033688
1 0.793218 0.514184 0.011968 0.023050
1 0.853059 0.546986 0.017287 0.031915
1 0.797207 0.789894 0.017287 0.024823
1 0.808511 0.768617 0.013298 0.021277
1 0.892287 0.742021 0.013298 0.024823
1 0.937500 0.750887 0.010638 0.010638
1 0.959441 0.849291 0.017287 0.026596
1 0.353723 0.954787 0.013298 0.021277
1 0.369681 0.903369 0.013298 0.017730
1 0.408245 0.914007 0.013298 0.014184
1 0.377660 0.953901 0.010638 0.023050
1 0.187500 0.680851 0.015957 0.015957
1 0.289894 0.346631 0.010638 0.028369