1 0.556175 0.530083 0.019792 0.017812
0 0.587347 0.455205 0.022760 0.038264
3 0.676656 0.376501 0.018307 0.021771
0 0.649937 0.306901 0.034140 0.031666
1 0.614065 0.309210 0.022760 0.016493
2 0.669679 0.086687 0.010885 0.027708
2 0.506944 0.257554 0.020286 0.014514
2 0.494277 0.128909 0.017318 0.013194
2 0.831673 0.482452 0.018802 0.016493
0 0.640932 0.808484 0.021276 0.033646
2 0.512089 0.813300 0.016328 0.022430
0 0.386413 0.929212 0.029193 0.028368
0 0.388392 0.695013 0.033151 0.025729
1 0.334460 0.650152 0.013359 0.020451
2 0.235948 0.788033 0.015833 0.019132
1 0.078853 0.610173 0.018307 0.016493