2 0.770279 0.600786 0.015354 0.016599
2 0.819330 0.506169 0.011205 0.009960
2 0.840494 0.912853 0.010375 0.015493
2 0.840494 0.930283 0.009545 0.017153
2 0.827630 0.927240 0.011205 0.019919
2 0.904609 0.872462 0.008300 0.024346
2 0.910834 0.896254 0.009960 0.017706
2 0.973496 0.789188 0.012450 0.016046
2 0.980344 0.823770 0.015354 0.012173
2 0.752310 0.850163 0.011620 0.023792
2 0.715792 0.798152 0.008300 0.017153
2 0.575527 0.843911 0.015769 0.025452
2 0.471657 0.863719 0.008715 0.024346
2 0.396752 0.929010 0.009130 0.023239
2 0.467966 0.951591 0.015723 0.019694
2 0.686186 0.957944 0.013817 0.014612
2 0.669748 0.027317 0.009529 0.024141
2 0.135956 0.796655 0.012221 0.028302
2 0.241123 0.499057 0.012864 0.023156
2 0.359798 0.625986 0.008362 0.028302
2 0.296441 0.706175 0.012864 0.022298
2 0.754610 0.808662 0.013508 0.023156
2 0.573542 0.322642 0.012864 0.027444
1 0.936860 0.710068 0.017802 0.015074
1 0.886835 0.694683 0.011578 0.020583
1 0.558899 0.739582 0.017405 0.016144
1 0.628140 0.707295 0.018162 0.024216
1 0.758904 0.650288 0.009081 0.013117
1 0.698365 0.647160 0.009081 0.014126
1 0.769877 0.022198 0.017405 0.018162
3 0.603774 0.974170 0.012108 0.021189
3 0.833821 0.236606 0.010594 0.015135
2 0.788795 0.834931 0.014378 0.017153
2 0.837601 0.791350 0.011946 0.014702
2 0.903740 0.175777 0.013983 0.021627
2 0.467815 0.597580 0.025014 0.018106
2 0.146417 0.055270 0.011435 0.017153
2 0.607895 0.717648 0.015009 0.023823