2 0.955017 0.079760 0.014151 0.029160
2 0.807075 0.319897 0.027015 0.029160
2 0.691295 0.277015 0.014151 0.022298
2 0.574871 0.358491 0.023156 0.020583
0 0.740180 0.408233 0.024443 0.024014
0 0.668782 0.437393 0.020583 0.027444
2 0.865609 0.408233 0.010292 0.024014
0 0.843096 0.578045 0.014151 0.024014
2 0.941509 0.667238 0.023156 0.020583
0 0.786492 0.632075 0.024443 0.025729
2 0.727316 0.623499 0.014151 0.032590
1 0.649485 0.536878 0.018010 0.020583
2 0.672641 0.590909 0.015437 0.029160
2 0.676501 0.697256 0.028302 0.022298
0 0.979460 0.807890 0.021870 0.024014
0 0.329159 0.454545 0.018010 0.034305
0 0.076372 0.429674 0.014151 0.029160
2 0.345240 0.553173 0.011578 0.025729
2 0.272556 0.713551 0.018010 0.027444
2 0.309863 0.772727 0.028302 0.022298
0 0.298285 0.918525 0.015437 0.032590
2 0.444940 0.766724 0.010292 0.027444
2 0.518268 0.735849 0.025729 0.030875
0 0.589665 0.824185 0.014151 0.025729
2 0.577444 0.912521 0.020583 0.034305