0 0.335682 0.608025 0.018787 0.047862
1 0.400094 0.624128 0.013419 0.021023
1 0.619968 0.505278 0.018116 0.008946
1 0.616613 0.549785 0.011406 0.007604
2 0.601013 0.601897 0.019793 0.012525
1 0.778986 0.630972 0.008722 0.022365
1 0.782005 0.488504 0.011406 0.018340
1 0.800121 0.607935 0.009393 0.014761
1 0.851080 0.669216 0.008387 0.021918
1 0.691090 0.436214 0.016103 0.011630
1 0.501845 0.386429 0.017110 0.011183
1 0.590747 0.385981 0.015768 0.008499
2 0.711084 0.211487 0.010064 0.023260
2 0.807099 0.147969 0.010064 0.021471
2 0.873356 0.154232 0.007045 0.023260
2 0.833099 0.174808 0.007716 0.012525
2 0.659823 0.201154 0.012748 0.007604
2 0.679616 0.252818 0.013419 0.008946
2 0.785460 0.316336 0.009058 0.009841
1 0.892713 0.361156 0.014761 0.016103
1 0.937500 0.392020 0.016439 0.010735
1 0.892378 0.319780 0.010735 0.017445
2 0.603803 0.663900 0.008671 0.011148
2 0.637402 0.670507 0.011458 0.009497
1 0.068810 0.569594 0.012387 0.014451
1 0.056577 0.206780 0.012697 0.016516
1 0.183079 0.255295 0.013006 0.012800
1 0.120680 0.885875 0.016413 0.013626
1 0.038462 0.767992 0.010529 0.018168
1 0.244364 0.833437 0.017032 0.012800
1 0.315589 0.914571 0.013935 0.015690
1 0.498421 0.869772 0.015793 0.012800
1 0.586647 0.799579 0.009290 0.017755
1 0.646011 0.812792 0.017651 0.011148
2 0.763254 0.880094 0.018271 0.007845
1 0.775022 0.931913 0.017651 0.010735
1 0.719590 0.904868 0.005264 0.005368
1 0.742506 0.988067 0.009600 0.011561