0 0.541888 0.423759 0.019947 0.023050
0 0.720745 0.259752 0.018617 0.028369
0 0.510638 0.048759 0.015957 0.021277
0 0.305186 0.116135 0.014628 0.024823
0 0.205452 0.631206 0.011968 0.019504
0 0.016622 0.488475 0.009309 0.017730
0 0.047207 0.487589 0.014628 0.019504
3 0.708777 0.763298 0.023936 0.017730
0 0.940824 0.166667 0.011968 0.026596
2 0.250000 0.523936 0.015957 0.039007
2 0.743351 0.063830 0.013298 0.030142
2 0.810505 0.030142 0.017287 0.026596
2 0.934176 0.221631 0.022606 0.015957
2 0.918883 0.269504 0.010638 0.019504
2 0.934840 0.301418 0.015957 0.019504
2 0.887633 0.143617 0.014628 0.023050
2 0.752660 0.866135 0.018617 0.014184
2 0.777926 0.873227 0.007979 0.021277
2 0.790559 0.833333 0.009309 0.023050
2 0.722739 0.702128 0.009309 0.026596
2 0.678191 0.726064 0.010638 0.028369
2 0.533245 0.773050 0.015957 0.019504
2 0.414229 0.795213 0.017287 0.014184
2 0.381649 0.896277 0.013298 0.021277
2 0.273936 0.445922 0.021277 0.010638
2 0.575798 0.111702 0.010638 0.030142
2 0.246011 0.077128 0.021277 0.010638
2 0.064495 0.367908 0.009309 0.024823
2 0.833777 0.929965 0.007979 0.031915
2 0.801862 0.884752 0.021277 0.012411
2 0.851064 0.893617 0.007979 0.019504
2 0.865027 0.915780 0.009309 0.014184
2 0.890957 0.921099 0.010638 0.017730
2 0.893617 0.949468 0.021277 0.010638
2 0.925532 0.919326 0.013298 0.021277
2 0.988697 0.859929 0.017287 0.019504
2 0.966755 0.909574 0.005319 0.023050
2 0.989362 0.981383 0.015957 0.024823
2 0.586436 0.781028 0.018617 0.017730
2 0.921543 0.688830 0.010638 0.017730
1 0.645612 0.149823 0.009309 0.021277
1 0.855718 0.332447 0.009309 0.014184