0 0.805210 0.406579 0.040891 0.050845
1 0.774106 0.696459 0.011027 0.026342
1 0.824645 0.732296 0.012864 0.026954
1 0.987518 0.969677 0.006892 0.022666
1 0.671879 0.725251 0.012405 0.026342
1 0.580541 0.852365 0.014243 0.031855
1 0.301335 0.960733 0.011946 0.012864
1 0.248040 0.359716 0.019297 0.013477
1 0.149259 0.357878 0.011027 0.012252
1 0.166258 0.434759 0.011027 0.014090
1 0.147880 0.469677 0.011027 0.014090
1 0.322424 0.491301 0.011486 0.022053
1 0.112503 0.726109 0.011027 0.015315
1 0.609302 0.600159 0.011486 0.031242
1 0.738590 0.313710 0.017000 0.014090
1 0.613621 0.278792 0.023432 0.014090
1 0.941895 0.184391 0.016540 0.022053
1 0.830709 0.041350 0.011946 0.023891
1 0.922369 0.306481 0.011486 0.021441
2 0.985083 0.731928 0.014702 0.012252
2 0.991975 0.765315 0.010108 0.012864
2 0.950395 0.857817 0.011486 0.012864
2 0.921220 0.845565 0.006432 0.020216
2 0.973367 0.638753 0.011486 0.020216
2 0.974976 0.610573 0.020216 0.025116
2 0.996217 0.550845 0.007566 0.018378
2 0.912031 0.579637 0.009189 0.020828
2 0.877573 0.509189 0.009189 0.017153
2 0.844033 0.573818 0.009189 0.016540
2 0.843804 0.627420 0.008729 0.024504
2 0.834385 0.662031 0.013783 0.017765
2 0.886073 0.617006 0.015162 0.012252
2 0.902383 0.597709 0.015621 0.011639
2 0.899626 0.624050 0.005513 0.015315
2 0.898018 0.705771 0.011486 0.018990
2 0.883316 0.702401 0.009648 0.012252
2 0.908126 0.725374 0.012405 0.015315
2 0.866316 0.715572 0.007811 0.014090
2 0.872978 0.729968 0.009189 0.015927
2 0.881019 0.734869 0.013324 0.015927
2 0.893883 0.732419 0.005973 0.012252
2 0.886532 0.748346 0.005054 0.020828
2 0.876884 0.753553 0.010567 0.017765
2 0.863790 0.754166 0.007351 0.016540
2 0.881708 0.771931 0.011946 0.015315
2 0.895951 0.785102 0.009189 0.018378
2 0.975665 0.825227 0.010567 0.012864
2 0.968543 0.703014 0.007351 0.020828
2 0.991745 0.708221 0.010567 0.009189
2 0.876654 0.808993 0.010108 0.024504
2 0.845871 0.795822 0.010108 0.026342
2 0.995069 0.907621 0.009862 0.026954
2 0.800156 0.758454 0.011486 0.020216
2 0.813480 0.706996 0.013324 0.017765
2 0.774887 0.761211 0.007811 0.025729
2 0.805670 0.841277 0.015162 0.012864
2 0.824277 0.876807 0.012864 0.011639
2 0.819683 0.889365 0.014702 0.009802
2 0.807967 0.881402 0.008729 0.025729
2 0.796021 0.857204 0.009648 0.020216
2 0.787521 0.852916 0.009189 0.025116
2 0.797859 0.885996 0.005973 0.018990
2 0.772360 0.850772 0.013783 0.013477
2 0.771441 0.874357 0.015621 0.006739
2 0.762941 0.879564 0.013324 0.019603
2 0.762711 0.895185 0.011027 0.017765
2 0.781778 0.909275 0.016081 0.018990
2 0.780859 0.887221 0.015162 0.010414
2 0.743874 0.805134 0.011946 0.017765
2 0.747687 0.761762 0.012405 0.030017
2 0.754579 0.697133 0.015162 0.018378
2 0.749525 0.712754 0.009648 0.030017
2 0.720580 0.734808 0.015162 0.014090
2 0.719661 0.688250 0.007811 0.018990
2 0.719661 0.705709 0.008729 0.013477
2 0.735282 0.697439 0.011486 0.025116
2 0.705418 0.706322 0.009648 0.020828
2 0.727242 0.758393 0.011027 0.012252
2 0.685203 0.741546 0.020675 0.011639
2 0.669122 0.778608 0.010567 0.017153
2 0.689338 0.796373 0.006892 0.019603
2 0.684284 0.802806 0.010567 0.028792
2 0.675784 0.807400 0.009189 0.020828
2 0.703121 0.902659 0.009648 0.022666
2 0.681297 0.908478 0.009189 0.019603
2 0.658877 0.852303 0.011946 0.014090
2 0.643255 0.803296 0.015621 0.018990
2 0.625567 0.770522 0.013324 0.022053
2 0.621432 0.735604 0.015162 0.012252
2 0.614310 0.761333 0.011027 0.013477
2 0.603284 0.798395 0.012864 0.010414
2 0.591797 0.818611 0.018378 0.012864
2 0.606040 0.857510 0.011946 0.014702
2 0.616148 0.876501 0.018378 0.013477
2 0.605121 0.907743 0.015621 0.018378
2 0.595932 0.930716 0.017459 0.015315
2 0.606040 0.894572 0.011946 0.011639
2 0.588352 0.876807 0.008729 0.016540
2 0.589730 0.904680 0.015162 0.012252
2 0.558809 0.798089 0.019297 0.012252
2 0.546864 0.763477 0.010108 0.018990
2 0.570525 0.753369 0.012405 0.022053
2 0.525729 0.700686 0.015621 0.008576
2 0.535377 0.793494 0.004594 0.018990
2 0.559039 0.820755 0.020675 0.014702
2 0.541350 0.820755 0.016540 0.012252
2 0.517229 0.813710 0.025270 0.010414
2 0.503216 0.818611 0.008270 0.011639
2 0.511486 0.799620 0.022053 0.015315
2 0.480014 0.749694 0.008729 0.019603
2 0.498392 0.743261 0.009648 0.016540
2 0.471055 0.753063 0.009189 0.016540
2 0.474501 0.716920 0.012405 0.017765
2 0.465082 0.693029 0.006432 0.023891
2 0.452677 0.702524 0.010108 0.020828
2 0.436367 0.700686 0.021594 0.017153
2 0.479095 0.814016 0.017000 0.017153
2 0.482771 0.832700 0.014243 0.020216
2 0.492419 0.847403 0.014243 0.010414
2 0.496784 0.870987 0.016540 0.011027
2 0.543418 0.857204 0.015162 0.017765
2 0.482771 0.859042 0.010567 0.012864
2 0.466231 0.873438 0.010567 0.019603
2 0.489892 0.928265 0.009189 0.027567
2 0.474960 0.907743 0.012405 0.012252
2 0.479095 0.924896 0.007811 0.020828
2 0.455204 0.910500 0.006892 0.017765
2 0.423962 0.911725 0.014243 0.018990
2 0.373882 0.914175 0.008729 0.023891
2 0.351599 0.923977 0.012864 0.014090
2 0.434529 0.858736 0.009648 0.015927
2 0.437745 0.876501 0.013324 0.012252
2 0.438204 0.831781 0.021594 0.022053
2 0.412246 0.846177 0.017459 0.023891
2 0.457961 0.840970 0.009648 0.025729
2 0.404665 0.801458 0.009648 0.023891
2 0.389963 0.799008 0.009648 0.020216
2 0.371815 0.810034 0.011027 0.026342
2 0.362855 0.782161 0.013324 0.022053
2 0.356883 0.745712 0.009648 0.025116
2 0.379166 0.706199 0.009189 0.023279
2 0.344018 0.733460 0.017000 0.023891
2 0.328397 0.760414 0.012405 0.022666
2 0.304276 0.799926 0.015621 0.019603
2 0.296465 0.712632 0.016540 0.020216
2 0.307492 0.735604 0.009189 0.015927
2 0.249510 0.896716 0.013783 0.020828
2 0.220565 0.792575 0.007351 0.017153
2 0.229524 0.737442 0.014243 0.014702
2 0.219186 0.706812 0.011946 0.022053
2 0.209079 0.738361 0.004594 0.021441
2 0.202417 0.724271 0.008729 0.012864
2 0.199430 0.744487 0.005513 0.018990
2 0.203106 0.643408 0.012864 0.018990
2 0.170715 0.788900 0.014243 0.022053
2 0.122611 0.847709 0.012864 0.015927
2 0.104692 0.897635 0.009189 0.021441
2 0.097571 0.860267 0.013324 0.020216
2 0.076207 0.825349 0.011027 0.023891
2 0.089531 0.795638 0.009189 0.024504
2 0.050018 0.816160 0.007351 0.018990
2 0.043816 0.836988 0.015162 0.017765
2 0.022222 0.808503 0.022513 0.019603
2 0.014411 0.677407 0.016081 0.022053
2 0.186796 0.707425 0.006892 0.019603
2 0.120084 0.677530 0.013324 0.013477
2 0.125827 0.653945 0.011027 0.017765
2 0.038302 0.579392 0.013324 0.019603
2 0.272115 0.635874 0.013783 0.017153
2 0.085855 0.907131 0.011027 0.025729
2 0.007780 0.765927 0.015560 0.017765
2 0.437653 0.507290 0.006892 0.011639
2 0.396762 0.422139 0.011486 0.015315
2 0.530232 0.546925 0.023891 0.013477
2 0.529313 0.563465 0.016540 0.014702
2 0.530461 0.592869 0.009648 0.022053
2 0.539512 0.514335 0.014702 0.014702
2 0.513094 0.494425 0.016081 0.017765
2 0.485068 0.531794 0.010567 0.018990
2 0.577187 0.515560 0.015621 0.022053
2 0.576544 0.571061 0.020216 0.012252
2 0.607097 0.656518 0.014243 0.016540
2 0.689568 0.680103 0.017459 0.009802
2 0.743231 0.575839 0.014702 0.015927
2 0.699583 0.596667 0.011946 0.024504
2 0.688327 0.611063 0.010567 0.012864
2 0.680976 0.595442 0.017918 0.013477
2 0.666274 0.597893 0.012405 0.011027
2 0.699583 0.625766 0.011946 0.015315
2 0.642199 0.500000 0.014243 0.023279
2 0.696873 0.511639 0.008729 0.019603
2 0.705832 0.514090 0.010108 0.022053
2 0.739601 0.520522 0.009648 0.020216
2 0.761884 0.495099 0.010108 0.020828
2 0.742358 0.455281 0.015162 0.011027
2 0.703305 0.389733 0.016081 0.011027
2 0.666549 0.415768 0.015162 0.010414
2 0.625199 0.381463 0.016081 0.015315
2 0.627726 0.287307 0.007351 0.020828
2 0.778884 0.246569 0.007351 0.020216
2 0.830709 0.286388 0.011027 0.018990
2 0.886992 0.294658 0.008729 0.022053
2 0.886762 0.384403 0.005513 0.023891
2 0.852303 0.419628 0.010108 0.022053
2 0.839209 0.418402 0.007811 0.020828
2 0.629840 0.559483 0.012864 0.012864
2 0.714424 0.830740 0.006892 0.016540
2 0.632183 0.717716 0.009648 0.017153
2 0.541442 0.709753 0.006432 0.014702
1 0.577738 0.729968 0.008270 0.012252
1 0.646655 0.832578 0.013783 0.011639
1 0.654236 0.940088 0.006892 0.013477
1 0.645047 0.700564 0.011486 0.011027
1 0.662966 0.745896 0.006892 0.015927
1 0.635629 0.636241 0.006432 0.012252
1 0.667560 0.525668 0.012405 0.016540
1 0.626669 0.460120 0.011486 0.017765
1 0.610359 0.416013 0.012864 0.023891
1 0.710289 0.494425 0.012405 0.027567
2 0.759449 0.336927 0.016081 0.028179
2 0.742496 0.255452 0.007351 0.014702
2 0.753293 0.259740 0.006892 0.023279
2 0.748469 0.273830 0.009189 0.018378
2 0.970151 0.411664 0.017918 0.025729
1 0.811780 0.982786 0.010108 0.009189
1 0.717823 0.606653 0.006892 0.010414
1 0.493614 0.565303 0.008729 0.012252
1 0.386103 0.471882 0.011486 0.014090
1 0.206322 0.589929 0.019297 0.024504
1 0.215281 0.571245 0.010567 0.012864
1 0.250888 0.636486 0.010108 0.014702
1 0.232281 0.878645 0.009648 0.030017
1 0.238713 0.836988 0.011486 0.012864
1 0.210227 0.818611 0.017000 0.022666
1 0.348750 0.840051 0.010108 0.012864
1 0.241929 0.859348 0.010567 0.013477
1 0.149718 0.839133 0.013783 0.014702
1 0.022452 0.724271 0.005513 0.011639
1 0.314568 0.342379 0.008270 0.009189
1 0.236232 0.379441 0.006892 0.007351
1 0.498346 0.315425 0.008270 0.011639
1 0.335472 0.086315 0.007811 0.009189
1 0.289528 0.164114 0.006892 0.011639
1 0.674498 0.371478 0.010108 0.011027
1 0.649458 0.346667 0.008729 0.014090
1 0.612243 0.200012 0.012405 0.014090
1 0.731837 0.677040 0.011027 0.014702
1 0.434621 0.807523 0.014243 0.018378