1 0.357856 0.443033 0.008164 0.014514
1 0.511792 0.392235 0.009071 0.011289
1 0.740959 0.690211 0.013002 0.008466
1 0.746402 0.648283 0.007559 0.016530
1 0.726597 0.635583 0.004838 0.012901
1 0.693789 0.778503 0.018445 0.011692
1 0.764998 0.801484 0.012700 0.010885
1 0.724571 0.919408 0.009373 0.009676
1 0.626451 0.864175 0.007257 0.013707
1 0.664187 0.346759 0.015119 0.020158
2 0.620646 0.288300 0.007862 0.012095
1 0.618378 0.318739 0.008769 0.016530
1 0.802098 0.340913 0.009978 0.007660
1 0.868983 0.750081 0.009373 0.012901
2 0.531447 0.991957 0.004233 0.016086
1 0.381108 0.342163 0.009071 0.008870
1 0.542453 0.337808 0.006652 0.007257
1 0.624123 0.521771 0.004536 0.005241
1 0.637276 0.525399 0.003024 0.006047
2 0.589653 0.562087 0.009373 0.014111
1 0.942005 0.205975 0.012095 0.013707
1 0.367804 0.009474 0.012700 0.007257