0 0.006649 0.515957 0.013298 0.023050
2 0.342420 0.614362 0.019947 0.031915
2 0.336436 0.546986 0.021277 0.014184
2 0.310505 0.679965 0.014628 0.031915
2 0.490027 0.629433 0.017287 0.026596
2 0.285239 0.931738 0.011968 0.028369
2 0.498005 0.821809 0.025266 0.028369
2 0.537899 0.467199 0.014628 0.035461
2 0.601064 0.484043 0.013298 0.023050
2 0.176862 0.546986 0.015957 0.028369
2 0.269947 0.347518 0.013298 0.012411
2 0.573138 0.164894 0.018617 0.030142
2 0.597074 0.119681 0.026596 0.014184
2 0.313165 0.185284 0.011968 0.035461
2 0.308511 0.377660 0.013298 0.033688
2 0.120346 0.461879 0.009309 0.010638
2 0.583777 0.773936 0.007979 0.017730
2 0.850399 0.648050 0.011968 0.035461
2 0.853723 0.468972 0.026596 0.017730
2 0.902261 0.507979 0.009309 0.024823
2 0.628324 0.363475 0.017287 0.026596
2 0.546543 0.384752 0.021277 0.023050
2 0.478059 0.330674 0.030585 0.024823
2 0.482713 0.289007 0.018617 0.019504
2 0.442819 0.193262 0.021277 0.019504
2 0.887633 0.069149 0.014628 0.015957
2 0.967420 0.089539 0.022606 0.010638
2 0.671543 0.656028 0.015957 0.026596
1 0.544548 0.717199 0.011968 0.010638
1 0.503324 0.649823 0.011968 0.028369
1 0.404255 0.477837 0.007979 0.014184
1 0.466755 0.367908 0.013298 0.021277
1 0.492021 0.385638 0.013298 0.010638
1 0.863032 0.421986 0.007979 0.019504
1 0.910904 0.369681 0.013298 0.017730
1 0.949468 0.337766 0.007979 0.017730
1 0.988697 0.275709 0.009309 0.010638
1 0.045213 0.539894 0.010638 0.010638
1 0.140957 0.753546 0.013298 0.026596
1 0.088431 0.757979 0.009309 0.014184
1 0.088431 0.789894 0.011968 0.007092
1 0.041223 0.707447 0.007979 0.015957
1 0.169548 0.490248 0.011968 0.014184
1 0.228059 0.383865 0.006649 0.007092
1 0.231383 0.442376 0.005319 0.007092
1 0.240027 0.306738 0.009309 0.012411
1 0.242686 0.250000 0.006649 0.008865
1 0.267287 0.188830 0.005319 0.007092
1 0.584441 0.873227 0.014628 0.010638
1 0.534574 0.829787 0.018617 0.015957
1 0.628989 0.515071 0.007979 0.042553
1 0.626995 0.398936 0.009309 0.012411
1 0.662899 0.396277 0.009309 0.010638
0 0.609707 0.151596 0.022606 0.028369
0 0.603059 0.079787 0.011968 0.019504
0 0.849069 0.502660 0.014628 0.024823
0 0.835106 0.834220 0.021277 0.021277
0 0.563165 0.968972 0.019947 0.024823
0 0.626330 0.937943 0.015957 0.015957
0 0.444149 0.992465 0.026596 0.015070
0 0.653590 0.869681 0.014628 0.031915
0 0.855718 0.740248 0.022606 0.021277
0 0.899601 0.755319 0.017287 0.008865