0 0.599734 0.093085 0.015957 0.010638
0 0.805186 0.256206 0.033245 0.021277
0 0.698803 0.443262 0.014628 0.033688
0 0.519282 0.213652 0.017287 0.021277
0 0.568484 0.363475 0.014628 0.015957
0 0.299202 0.313830 0.015957 0.019504
0 0.569149 0.675532 0.013298 0.026596
0 0.762633 0.688830 0.009309 0.014184
0 0.150931 0.804965 0.019947 0.015957
2 0.771277 0.940603 0.013298 0.028369
1 0.466755 0.726950 0.010638 0.012411
1 0.908910 0.414894 0.009309 0.008865
1 0.646277 0.328901 0.007979 0.010638
2 0.210106 0.624113 0.013298 0.026596
1 0.208777 0.756206 0.013298 0.024823
1 0.203457 0.670213 0.007979 0.005319
1 0.103723 0.549645 0.005319 0.005319
1 0.289894 0.720745 0.005319 0.007092