1 0.588057 0.439630 0.015102 0.017153
1 0.715862 0.409799 0.011187 0.024610
1 0.451861 0.588933 0.014542 0.026102
1 0.419979 0.640391 0.014542 0.017153
1 0.490454 0.801104 0.012305 0.025356
1 0.566243 0.730256 0.012864 0.034305
1 0.745507 0.767768 0.008949 0.021627
2 0.574745 0.534343 0.018458 0.020136
2 0.651932 0.630174 0.009509 0.020881
2 0.721568 0.502275 0.012305 0.009695
2 0.635208 0.112238 0.006712 0.017153
2 0.660377 0.237527 0.010068 0.012678
2 0.568089 0.294205 0.006712 0.017153
2 0.681911 0.308748 0.006153 0.026848
3 0.720952 0.188083 0.011746 0.020881
1 0.067772 0.727124 0.017339 0.017898
1 0.287419 0.905437 0.014542 0.015661
1 0.112350 0.728317 0.008949 0.017898
1 0.326292 0.957640 0.009509 0.012678
1 0.389776 0.972929 0.010068 0.014915
1 0.475464 0.897382 0.010068 0.012678
2 0.760105 0.993997 0.012864 0.012006