2 0.226729 0.067376 0.022606 0.040780
2 0.555851 0.437943 0.007979 0.033688
0 0.579122 0.168440 0.017287 0.023050
0 0.591090 0.445922 0.011968 0.028369
0 0.525266 0.527482 0.023936 0.017730
0 0.646941 0.542553 0.014628 0.019504
0 0.815160 0.695922 0.007979 0.024823
0 0.849069 0.780142 0.011968 0.030142
0 0.869016 0.416667 0.022606 0.023050
0 0.952793 0.685284 0.014628 0.028369
0 0.900266 0.664007 0.015957 0.021277
0 0.915559 0.814716 0.017287 0.021277
0 0.577793 0.921099 0.006649 0.024823
0 0.644282 0.811170 0.009309 0.017730
0 0.695479 0.679965 0.007979 0.010638
0 0.693484 0.698582 0.022606 0.023050
0 0.478059 0.627660 0.011968 0.023050
0 0.810505 0.210993 0.011968 0.023050
2 0.908245 0.265957 0.015957 0.012411
2 0.883644 0.173759 0.017287 0.023050
2 0.930186 0.045213 0.017287 0.021277
2 0.805186 0.153369 0.014628 0.017730
2 0.345080 0.769504 0.011968 0.015957
2 0.500665 0.679078 0.014628 0.019504
2 0.380984 0.337766 0.009309 0.021277
2 0.430186 0.318262 0.011968 0.024823
2 0.482713 0.318262 0.015957 0.014184
2 0.226064 0.566489 0.018617 0.014184
2 0.371676 0.487589 0.009309 0.015957
2 0.459441 0.309397 0.011968 0.021277
2 0.565160 0.343972 0.005319 0.012411
1 0.676862 0.818262 0.013298 0.021277
1 0.726729 0.891844 0.011968 0.023050
1 0.684176 0.873227 0.011968 0.017730
1 0.662234 0.967199 0.013298 0.014184
0 0.694149 0.953901 0.026596 0.019504
0 0.804521 0.942376 0.018617 0.024823
0 0.467420 0.673759 0.003989 0.008865
1 0.519282 0.823582 0.006649 0.021277
1 0.824468 0.838652 0.007979 0.008865
1 0.422207 0.723404 0.011968 0.015957
1 0.414894 0.694149 0.007979 0.007092
1 0.466090 0.820922 0.009309 0.015957
1 0.620346 0.373227 0.009309 0.014184
1 0.652926 0.449468 0.005319 0.007092
1 0.694814 0.522163 0.014628 0.028369
1 0.847074 0.494681 0.002660 0.008865
1 0.935505 0.461879 0.003989 0.010638
1 0.884309 0.544326 0.010638 0.005319
1 0.599069 0.748227 0.014628 0.012411
1 0.360372 0.293440 0.010638 0.017730
1 0.035904 0.730496 0.005319 0.015957
1 0.274601 0.902482 0.009309 0.012411
2 0.762633 0.359929 0.014628 0.030142
2 0.667553 0.066489 0.015957 0.014184
2 0.696809 0.021277 0.015957 0.026596
2 0.991356 0.249113 0.014628 0.024823
2 0.882979 0.300532 0.010638 0.021277
2 0.897606 0.340426 0.005319 0.012411
2 0.767952 0.303191 0.017287 0.023050
2 0.537899 0.489362 0.022606 0.019504
2 0.668883 0.530142 0.023936 0.026596
2 0.899601 0.599291 0.006649 0.019504
2 0.932181 0.570035 0.013298 0.014184
2 0.808511 0.865248 0.010638 0.026596
2 0.819149 0.885638 0.015957 0.031915
2 0.845745 0.873227 0.010638 0.024823
2 0.329787 0.788121 0.015957 0.010638
2 0.183511 0.790780 0.013298 0.015957
2 0.222739 0.644504 0.011968 0.021277
2 0.172207 0.844858 0.011968 0.014184
2 0.138298 0.867908 0.007979 0.010638