2 0.333662 0.352487 0.019297 0.025729
3 0.755617 0.536021 0.016724 0.029160
2 0.805789 0.518868 0.016724 0.025729
2 0.760763 0.488851 0.011578 0.020583
0 0.806432 0.593482 0.015437 0.024014
2 0.850815 0.730703 0.014151 0.030875
2 0.614751 0.767581 0.012864 0.029160
3 0.523413 0.680103 0.018010 0.025729
2 0.552358 0.629503 0.011578 0.027444
2 0.593525 0.636364 0.016724 0.020583
1 0.471955 0.953688 0.015437 0.027444
0 0.974957 0.691252 0.018010 0.030875
3 0.466166 0.391938 0.014151 0.022298
2 0.727959 0.564322 0.020583 0.027444
2 0.850172 0.504288 0.010292 0.024014