1 0.639347 0.663211 0.014542 0.032068
1 0.630397 0.890298 0.017898 0.034305
1 0.471549 0.918264 0.013424 0.035051
1 0.774667 0.048599 0.015315 0.026954
1 0.966103 0.644450 0.011027 0.029405
1 0.282018 0.127256 0.010414 0.026137
1 0.618272 0.730050 0.012252 0.016336
2 0.321163 0.986319 0.056359 0.027362
2 0.386028 0.388321 0.012864 0.026102
2 0.386308 0.552017 0.016780 0.020881
2 0.504605 0.272727 0.009509 0.020136
2 0.178350 0.553882 0.011187 0.033560
2 0.081587 0.707137 0.021254 0.026848
1 0.892106 0.955552 0.011746 0.018644