0 0.437500 0.343972 0.026596 0.030142
0 0.374335 0.023936 0.025266 0.035461
0 0.835106 0.235816 0.018617 0.026596
0 0.657580 0.585993 0.019947 0.031915
0 0.642952 0.470745 0.014628 0.021277
0 0.670213 0.736702 0.018617 0.024823
0 0.743351 0.736702 0.013298 0.014184
0 0.446809 0.734043 0.018617 0.026596
0 0.538314 0.725011 0.015459 0.022717
0 0.476064 0.625000 0.015957 0.021277
0 0.785904 0.436170 0.018617 0.026596
0 0.910904 0.827128 0.015957 0.014184
0 0.305851 0.820922 0.010638 0.015957
0 0.225399 0.709220 0.022606 0.023050
0 0.204787 0.710106 0.013298 0.028369
0 0.603059 0.808511 0.022606 0.044326
0 0.812500 0.578901 0.023936 0.028369
2 0.571809 0.275709 0.029255 0.031915
2 0.822473 0.800532 0.011968 0.028369
2 0.401596 0.164894 0.015957 0.019504
2 0.952793 0.223404 0.019947 0.019504
1 0.478059 0.794326 0.025266 0.015957
1 0.678191 0.801418 0.023936 0.030142
1 0.725399 0.786348 0.014628 0.014184
1 0.736702 0.829787 0.013298 0.012411
1 0.727394 0.867908 0.013298 0.031915
1 0.703457 0.830674 0.005319 0.024823
1 0.827793 0.940603 0.011968 0.028369
1 0.806516 0.976950 0.014628 0.023050
1 0.861702 0.930851 0.013298 0.023050
1 0.845745 0.816489 0.005319 0.021277
1 0.801862 0.728723 0.010638 0.019504
1 0.876995 0.671986 0.014628 0.023050
1 0.871011 0.592199 0.010638 0.015957
1 0.884973 0.606383 0.019947 0.012411
1 0.954787 0.845745 0.023936 0.026596
1 0.970080 0.787234 0.006649 0.015957
1 0.902926 0.759752 0.018617 0.017730
1 0.527926 0.823582 0.029255 0.021277
1 0.565575 0.412234 0.012467 0.023271
1 0.619598 0.346853 0.010805 0.025488
1 0.611287 0.402815 0.004156 0.022163
1 0.751330 0.420545 0.004987 0.011082
1 0.784990 0.408355 0.014129 0.013298
1 0.765874 0.561281 0.015791 0.017730
1 0.812832 0.670988 0.009973 0.006649
1 0.819897 0.651596 0.010805 0.009973
1 0.807846 0.500332 0.008311 0.022163
1 0.413481 0.509752 0.012467 0.014406
1 0.439245 0.405031 0.009142 0.017730
1 0.279255 0.387855 0.008311 0.016622
1 0.289229 0.416667 0.006649 0.009973
1 0.376080 0.479277 0.007480 0.006649
1 0.441323 0.437722 0.008311 0.005541
1 0.548537 0.570700 0.006649 0.012190
1 0.526928 0.540780 0.009973 0.007757
1 0.528590 0.515293 0.004987 0.007757
1 0.571809 0.587877 0.016622 0.019947
1 0.631233 0.760195 0.007480 0.014406
1 0.562251 0.749113 0.015791 0.016622
1 0.510721 0.684286 0.019116 0.015514
1 0.493684 0.721410 0.009973 0.014406
1 0.508644 0.894282 0.009973 0.029920
1 0.532746 0.882646 0.011636 0.026596
1 0.590093 0.844415 0.021609 0.012190
1 0.580120 0.810062 0.011636 0.014406
1 0.639129 0.982934 0.014960 0.012190
1 0.571393 0.975731 0.027427 0.015514
1 0.694814 0.872673 0.009973 0.015514
1 0.750499 0.959109 0.011636 0.022163
1 0.599651 0.671543 0.009142 0.016622
1 0.618767 0.653812 0.005818 0.007757
1 0.628324 0.799535 0.006649 0.011082
2 0.690658 0.929743 0.014960 0.021055
2 0.735954 0.905918 0.015791 0.013298
2 0.711021 0.906472 0.012467 0.016622
2 0.797041 0.833333 0.008311 0.018839
2 0.760057 0.880430 0.019116 0.015514
2 0.675698 0.949136 0.011636 0.022163
2 0.442570 0.935284 0.010805 0.016622
2 0.429272 0.938608 0.009142 0.018839
2 0.433843 0.804521 0.016622 0.012190
2 0.519033 0.916445 0.007480 0.014406
0 0.238531 0.984597 0.019947 0.024379
0 0.180768 0.841090 0.015791 0.027704
0 0.346576 0.713652 0.011636 0.012190
0 0.351147 0.655474 0.005818 0.008865
0 0.416805 0.675421 0.009142 0.011082
0 0.387716 0.844415 0.014129 0.023271
0 0.368185 0.853280 0.011636 0.036569
0 0.359458 0.891512 0.024102 0.017730
0 0.348654 0.859929 0.010805 0.021055
0 0.310838 0.801751 0.011636 0.019947
0 0.349069 0.762965 0.006649 0.011082
0 0.346991 0.805629 0.007480 0.009973
0 0.292553 0.651596 0.008311 0.012190
0 0.362367 0.605053 0.013298 0.016622
0 0.230219 0.617243 0.004987 0.007757
0 0.375249 0.929743 0.010805 0.014406
0 0.321642 0.958555 0.006649 0.007757
0 0.287982 0.958001 0.014129 0.015514
0 0.266789 0.867132 0.014960 0.015514