0 0.455452 0.188830 0.022606 0.021277
0 0.687500 0.087766 0.015957 0.024823
0 0.710106 0.132979 0.021277 0.012411
0 0.621676 0.530142 0.017287 0.023050
0 0.746676 0.352837 0.014628 0.019504
0 0.490691 0.568262 0.018617 0.017730
0 0.533245 0.530142 0.021277 0.015957
0 0.867686 0.663121 0.027926 0.019504
3 0.984043 0.891844 0.026596 0.023050
3 0.726729 0.606383 0.019947 0.030142
3 0.792553 0.494681 0.013298 0.019504
0 0.448803 0.769504 0.017287 0.015957
0 0.595080 0.889184 0.011968 0.017730
0 0.645612 0.895390 0.014628 0.019504
0 0.673537 0.835106 0.009309 0.019504
0 0.549202 0.925532 0.015957 0.012411
0 0.557846 0.948582 0.011968 0.019504
0 0.441489 0.912234 0.013298 0.024823
0 0.307181 0.859043 0.010638 0.021277
0 0.403590 0.442376 0.014628 0.017730
0 0.541223 0.244681 0.021277 0.012411
0 0.617021 0.222518 0.013298 0.010638
0 0.639628 0.247340 0.021277 0.024823
0 0.650931 0.305851 0.017287 0.017730
0 0.861702 0.174645 0.015957 0.017730
0 0.698138 0.505319 0.013298 0.023050
1 0.875000 0.508865 0.018617 0.023050
1 0.882314 0.481383 0.009309 0.024823
1 0.849734 0.467199 0.015957 0.007092
1 0.580452 0.418440 0.011968 0.012411
1 0.490691 0.273050 0.018617 0.015957
1 0.452793 0.253546 0.019947 0.012411
1 0.449468 0.231383 0.018617 0.007092
1 0.517287 0.070922 0.013298 0.015957
1 0.523936 0.045213 0.013298 0.010638
1 0.551862 0.029255 0.013298 0.010638
1 0.600399 0.035461 0.022606 0.012411
1 0.569814 0.054965 0.011968 0.015957
1 0.658910 0.061170 0.025266 0.021277
1 0.521941 0.632092 0.011968 0.014184
1 0.508644 0.585106 0.006649 0.012411
1 0.613032 0.573582 0.010638 0.010638
3 0.613697 0.453014 0.009309 0.021277
3 0.585771 0.656915 0.014628 0.017730
3 0.923537 0.631206 0.006649 0.012411
3 0.956117 0.054965 0.007979 0.015957
0 0.876330 0.023050 0.018617 0.015957
0 0.339096 0.185284 0.010638 0.021277
0 0.356383 0.528369 0.015957 0.026596
0 0.168883 0.143617 0.015957 0.023050
0 0.115691 0.174645 0.015957 0.021277
0 0.500665 0.645390 0.019947 0.015957
0 0.698138 0.638298 0.018617 0.015957
1 0.676197 0.648936 0.011968 0.019504
1 0.581117 0.611702 0.007979 0.012411
1 0.630319 0.686170 0.007979 0.015957
1 0.539229 0.709220 0.011968 0.015957
1 0.458777 0.719858 0.015957 0.030142
1 0.503989 0.719858 0.007979 0.008865
1 0.636968 0.844858 0.013298 0.021277
1 0.668218 0.729610 0.009309 0.010638
1 0.733378 0.189716 0.011968 0.012411
1 0.823138 0.023936 0.015957 0.021277