0 0.087101 0.247340 0.014628 0.024823
0 0.681516 0.566489 0.011968 0.021277
0 0.644947 0.245567 0.007979 0.010638
1 0.926862 0.313830 0.023936 0.019504
1 0.910904 0.190603 0.007979 0.014184
1 0.924867 0.226950 0.009309 0.012411
1 0.810505 0.516844 0.011968 0.021277
1 0.642952 0.686170 0.009309 0.015957
1 0.878324 0.905142 0.014628 0.021277
1 0.794548 0.981383 0.009309 0.017730
1 0.668218 0.727837 0.009309 0.010638
1 0.483378 0.716312 0.006649 0.012411
1 0.484043 0.642730 0.010638 0.017730
1 0.603723 0.791667 0.015957 0.014184
1 0.428856 0.832447 0.009309 0.010638
1 0.476729 0.819149 0.009309 0.008865
1 0.382314 0.882979 0.011968 0.019504
1 0.195479 0.965426 0.013298 0.014184
1 0.046543 0.587766 0.021277 0.024823
1 0.621011 0.296986 0.007979 0.021277