0 0.346410 0.387411 0.017287 0.021277
0 0.441489 0.082447 0.013298 0.017730
0 0.988032 0.063830 0.013298 0.015957
0 0.202793 0.845745 0.014628 0.015957
0 0.611037 0.824468 0.017287 0.040780
1 0.285904 0.274823 0.007979 0.008865
1 0.017287 0.395390 0.010638 0.008865
1 0.096410 0.261525 0.009309 0.010638
1 0.202793 0.195922 0.006649 0.010638
1 0.102394 0.431738 0.005319 0.014184
1 0.493351 0.475177 0.005319 0.008865
1 0.683511 0.768617 0.007979 0.014184
1 0.839096 0.757092 0.007979 0.008865
1 0.851064 0.849291 0.007979 0.012411
1 0.847074 0.877660 0.007979 0.008865
0 0.732713 0.843085 0.015957 0.021277
0 0.700798 0.747340 0.023936 0.028369
0 0.748005 0.760638 0.011968 0.015957
0 0.571809 0.465426 0.010638 0.010638
0 0.693484 0.506206 0.014628 0.028369