1 0.496644 0.420618 0.012397 0.021771
1 0.623881 0.310555 0.009373 0.024996
1 0.608763 0.292413 0.007559 0.019352
1 0.465137 0.426625 0.009978 0.022174
1 0.457729 0.596154 0.012095 0.029028
1 0.654572 0.458676 0.006047 0.017739
1 0.666969 0.464925 0.004233 0.009273
1 0.631289 0.878205 0.012095 0.010482
1 0.779300 0.315635 0.009978 0.009676
1 0.604832 0.397275 0.007559 0.014917
2 0.793541 0.338776 0.010885 0.010482
1 0.405298 0.468997 0.010281 0.008063
1 0.465772 0.928882 0.015723 0.014111
1 0.646650 0.950855 0.013909 0.012095