2 0.479388 0.157801 0.014628 0.033688
2 0.573803 0.185284 0.025266 0.024823
2 0.651596 0.233156 0.021277 0.021277
2 0.599069 0.286348 0.025266 0.039007
2 0.448138 0.344858 0.015957 0.035461
2 0.503989 0.246454 0.013298 0.012411
2 0.380984 0.190603 0.017287 0.021277
2 0.555186 0.091312 0.011968 0.024823
2 0.804521 0.024823 0.010638 0.040780
2 0.697473 0.445035 0.022606 0.033688
2 0.448138 0.672872 0.015957 0.031915
2 0.263298 0.434397 0.015957 0.033688
2 0.299202 0.467199 0.013298 0.024823
2 0.244681 0.562943 0.018617 0.017730
2 0.328457 0.532801 0.018617 0.021277
2 0.352394 0.432624 0.021277 0.012411
2 0.271941 0.302305 0.017287 0.017730
2 0.403590 0.267730 0.011968 0.015957
2 0.447473 0.284574 0.006649 0.010638
2 0.529255 0.310284 0.007979 0.015957
2 0.460106 0.492908 0.010638 0.023050
2 0.496011 0.492908 0.007979 0.012411
2 0.579787 0.382979 0.018617 0.012411
2 0.573803 0.490248 0.009309 0.021277
2 0.553856 0.536348 0.014628 0.021277
2 0.849069 0.418440 0.006649 0.008865
2 0.592420 0.590426 0.022606 0.019504
2 0.695479 0.340426 0.007979 0.026596
2 0.724734 0.255319 0.013298 0.012411
2 0.896277 0.344858 0.021277 0.014184
2 0.918883 0.384752 0.015957 0.015957
1 0.426862 0.578014 0.015957 0.015957
1 0.260638 0.744681 0.015957 0.030142
1 0.451463 0.752660 0.009309 0.010638
1 0.505319 0.709220 0.005319 0.008865
1 0.507979 0.673759 0.005319 0.005319
1 0.456117 0.609929 0.007979 0.015957
1 0.382979 0.537234 0.013298 0.008865
1 0.414894 0.483156 0.002660 0.010638
0 0.404255 0.422872 0.021277 0.031915
2 0.593750 0.837766 0.027926 0.035461
2 0.288564 0.837766 0.021277 0.021277
2 0.253989 0.792553 0.023936 0.008865
2 0.250665 0.849291 0.014628 0.019504
3 0.913564 0.244681 0.005319 0.012411
3 0.792553 0.724291 0.007979 0.017730
3 0.927527 0.441489 0.006649 0.008865
0 0.297207 0.329787 0.011968 0.019504
0 0.309840 0.555851 0.007979 0.024823
0 0.568484 0.354610 0.009309 0.012411
0 0.478059 0.382979 0.006649 0.019504
0 0.611037 0.664007 0.027926 0.049645
1 0.675532 0.588652 0.023936 0.023050
1 0.510638 0.741135 0.007979 0.008865
1 0.464096 0.581560 0.013298 0.030142
1 0.178856 0.754433 0.017287 0.028369
1 0.499335 0.765071 0.009309 0.014184
1 0.526596 0.610816 0.013298 0.014184
1 0.605718 0.564716 0.006649 0.014184
1 0.976729 0.414894 0.011968 0.026596
1 0.664894 0.664894 0.013298 0.015957
1 0.769947 0.539894 0.010638 0.014184
1 0.801862 0.531915 0.010638 0.012411
1 0.905585 0.525709 0.018617 0.017730
1 0.601729 0.769504 0.006649 0.012411
3 0.640293 0.861702 0.009309 0.019504
3 0.761968 0.620567 0.013298 0.026596
3 0.706117 0.562943 0.021277 0.014184
3 0.775266 0.009752 0.023936 0.017730
3 0.023936 0.635638 0.018617 0.028369
3 0.007979 0.504433 0.010638 0.017730
3 0.009973 0.452128 0.011968 0.030142
3 0.188830 0.472518 0.015957 0.021277
3 0.074468 0.106383 0.021277 0.019504
3 0.247340 0.245567 0.010638 0.017730