2 0.757504 0.672213 0.009005 0.025729
2 0.725021 0.576587 0.018654 0.016295
2 0.684498 0.510549 0.007075 0.024871
2 0.677423 0.511835 0.008362 0.017153
2 0.691895 0.490823 0.012864 0.018010
2 0.722127 0.453945 0.015437 0.011149
2 0.719876 0.520840 0.010935 0.024871
2 0.743353 0.494683 0.007719 0.022298
2 0.740137 0.337993 0.016724 0.024871
2 0.727594 0.307976 0.010935 0.018010
2 0.714087 0.243225 0.009648 0.013722
2 0.742067 0.287393 0.012864 0.018010
2 0.734991 0.258233 0.010292 0.021441
2 0.728881 0.268954 0.009648 0.018868
2 0.812500 0.286964 0.010935 0.020583
2 0.805746 0.272813 0.015437 0.009434
2 0.760077 0.244511 0.007719 0.019726
2 0.868782 0.293825 0.009005 0.022298
2 0.885828 0.597856 0.014794 0.012864
2 0.867174 0.617153 0.013508 0.012007
2 0.879074 0.625300 0.007719 0.023156
2 0.848842 0.716209 0.011578 0.019726
2 0.878431 0.704202 0.010292 0.016295
2 0.857526 0.755660 0.010935 0.016295
2 0.863315 0.735935 0.012221 0.016295
2 0.855918 0.729931 0.009005 0.014580
2 0.723413 0.806089 0.014151 0.018010
2 0.902551 0.850686 0.009648 0.021441
2 0.827294 0.797084 0.005789 0.024014
2 0.883898 0.677873 0.009648 0.018868
2 0.982955 0.909434 0.012221 0.029160
2 0.993246 0.896998 0.010935 0.030017
2 0.987779 0.722041 0.007719 0.026587
2 0.957226 0.709605 0.016081 0.017153
2 0.962050 0.750343 0.007719 0.018010
2 0.966552 0.733619 0.010292 0.010292
2 0.973306 0.767496 0.013508 0.018010
2 0.782268 0.761063 0.013508 0.024014
2 0.755575 0.760206 0.009005 0.020583
2 0.795776 0.704803 0.014794 0.030875
2 0.822470 0.622384 0.016724 0.012864
2 0.817967 0.665695 0.012864 0.018868
2 0.832118 0.420840 0.009005 0.023156
2 0.847556 0.384391 0.010292 0.022298
2 0.869425 0.385678 0.006432 0.023156
2 0.760720 0.399400 0.019297 0.012864
2 0.949828 0.412693 0.011578 0.032590
2 0.607440 0.286621 0.008362 0.027444
2 0.621591 0.501029 0.014794 0.024014
2 0.463679 0.532333 0.010292 0.021441
2 0.441166 0.573070 0.014151 0.027444
2 0.191917 0.307461 0.017367 0.007719
2 0.206389 0.280017 0.012864 0.011149
2 0.196741 0.255575 0.007719 0.013722
2 0.271355 0.168096 0.009005 0.018868
2 0.097684 0.495883 0.009005 0.013722
2 0.236621 0.348799 0.006432 0.012864
2 0.420262 0.506175 0.014794 0.018868
2 0.166831 0.704545 0.005789 0.018010
2 0.187093 0.644511 0.011578 0.021441
2 0.199957 0.706690 0.011578 0.018868
2 0.212178 0.737564 0.012864 0.015437
2 0.360120 0.653345 0.012864 0.010292
2 0.368482 0.662350 0.012864 0.019726
2 0.380703 0.640480 0.016724 0.017153
2 0.389387 0.660206 0.019940 0.017153
2 0.445026 0.691509 0.010292 0.024871
2 0.432161 0.703945 0.010292 0.020583
2 0.408684 0.703516 0.019940 0.018010
2 0.338186 0.745540 0.012221 0.028302
2 0.322427 0.733105 0.016724 0.025729
2 0.283190 0.703516 0.020583 0.016295
2 0.275150 0.710806 0.017367 0.018868
2 0.289301 0.731389 0.013508 0.025729
2 0.274185 0.758233 0.012864 0.014580
2 0.308276 0.757804 0.010292 0.018868
2 0.341338 0.782075 0.011578 0.018010
2 0.286085 0.800943 0.013508 0.019726
2 0.230510 0.896998 0.016081 0.019726
2 0.152358 0.788937 0.012864 0.023156
2 0.181304 0.815952 0.016724 0.018868
2 0.114730 0.891424 0.013508 0.020583
2 0.070991 0.792367 0.010935 0.024871
2 0.059091 0.825386 0.009005 0.027444
2 0.026286 0.836535 0.015437 0.017153
2 0.009284 0.807376 0.018568 0.022298
2 0.109584 0.788508 0.013508 0.017153
2 0.079996 0.860978 0.013508 0.016295
2 0.103152 0.847684 0.012221 0.017153
2 0.090287 0.894425 0.016081 0.026587
2 0.329567 0.924014 0.010935 0.015437
2 0.399357 0.913894 0.010292 0.022298
2 0.433769 0.911321 0.007075 0.024014
2 0.470690 0.929331 0.007075 0.022298
2 0.446248 0.876158 0.013508 0.020583
2 0.464580 0.860720 0.011578 0.020583
2 0.416016 0.876587 0.010935 0.023156
2 0.425986 0.834134 0.014151 0.024014
2 0.352659 0.816981 0.009005 0.018868
2 0.328538 0.846141 0.014794 0.024014
2 0.518482 0.943053 0.018010 0.010292
2 0.788379 0.842539 0.015437 0.015437
2 0.788379 0.887993 0.005146 0.024014
2 0.800279 0.894854 0.012221 0.010292
2 0.805103 0.878130 0.016724 0.009434
2 0.806389 0.860120 0.016724 0.007719
2 0.954331 0.638250 0.012864 0.015437
2 0.922813 0.592367 0.011578 0.016295
2 0.933105 0.573499 0.018010 0.009434
2 0.893546 0.580360 0.009648 0.021441
2 0.823563 0.575643 0.013508 0.018868
2 0.859906 0.509605 0.009005 0.020583
2 0.701222 0.376672 0.008362 0.025729
2 0.682890 0.382247 0.010292 0.023156
2 0.556175 0.517324 0.015437 0.024014
2 0.519190 0.515609 0.009648 0.020583
2 0.494104 0.491595 0.016081 0.015437
2 0.507290 0.596655 0.010292 0.024871
2 0.511471 0.567496 0.018654 0.012864
2 0.509863 0.549485 0.023156 0.014580
2 0.556497 0.572642 0.021226 0.018010
2 0.359605 0.707204 0.010292 0.025729
2 0.376072 0.421784 0.014151 0.013722
2 0.564794 0.180532 0.007719 0.019726
2 0.661985 0.743997 0.016081 0.012864
2 0.654267 0.674099 0.014794 0.018868
2 0.631754 0.645369 0.017367 0.016295
2 0.685142 0.903431 0.012221 0.020583
2 0.660699 0.908576 0.009648 0.024014
2 0.626930 0.831389 0.014151 0.013722
2 0.622749 0.803945 0.012221 0.020583
2 0.606346 0.773070 0.010292 0.020583
2 0.602166 0.735334 0.012221 0.013722
2 0.569039 0.713036 0.009005 0.024014
2 0.508898 0.701029 0.021226 0.013722
2 0.454545 0.719039 0.014151 0.015437
2 0.449078 0.752916 0.010935 0.019726
2 0.460334 0.749485 0.007719 0.019726
2 0.476737 0.746055 0.010935 0.019726
2 0.458726 0.815523 0.014794 0.019726
2 0.471269 0.841681 0.021870 0.020583
2 0.543954 0.799228 0.014151 0.012864
2 0.528516 0.764065 0.014151 0.026587
2 0.550064 0.749914 0.013508 0.027444
2 0.609563 0.559520 0.015437 0.017153
2 0.750107 0.730617 0.013508 0.012864
2 0.693182 0.680446 0.011578 0.015437
2 0.685142 0.650000 0.016081 0.019726
2 0.694790 0.635420 0.021226 0.019726
2 0.727916 0.766638 0.009005 0.031732
2 0.680639 0.745197 0.010935 0.030017
2 0.685463 0.706175 0.010292 0.024014
2 0.576695 0.930431 0.020053 0.014630
2 0.585208 0.912269 0.018918 0.019675
2 0.565912 0.867874 0.011351 0.014630
2 0.549263 0.892846 0.019675 0.010090
2 0.584452 0.858037 0.012864 0.018162
2 0.599397 0.876703 0.020053 0.017153
2 0.520281 0.818686 0.015891 0.015135
2 0.473930 0.784381 0.017783 0.019171
2 0.497200 0.778075 0.015135 0.018666
2 0.494741 0.811371 0.017783 0.015639
2 0.490389 0.795984 0.019675 0.014126
2 0.484714 0.819695 0.012864 0.011099
2 0.353988 0.913530 0.009459 0.024216
2 0.370825 0.798002 0.012108 0.018162
2 0.469201 0.954394 0.017405 0.018162
2 0.539123 0.820200 0.017405 0.014126
2 0.455693 0.914035 0.014756 0.032287
2 0.477400 0.871819 0.014603 0.014835
2 0.761792 0.916503 0.016540 0.021441
2 0.745252 0.896900 0.008270 0.021441
2 0.732847 0.873315 0.008270 0.014702
2 0.746860 0.846974 0.014243 0.019603
2 0.778333 0.861982 0.009189 0.017765
2 0.770752 0.872090 0.005973 0.020828
2 0.779711 0.890774 0.006432 0.022666
2 0.761792 0.893837 0.011946 0.011639
2 0.746171 0.879441 0.007351 0.014702
2 0.758576 0.877604 0.008270 0.015927
2 0.767903 0.719003 0.007811 0.021441
2 0.733215 0.694193 0.008270 0.020828
2 0.743323 0.715940 0.007351 0.018990
2 0.700364 0.737074 0.012405 0.015927
2 0.652582 0.781242 0.010567 0.017765
2 0.584354 0.798701 0.017459 0.014702
2 0.587846 0.657559 0.014702 0.015927
2 0.671649 0.819897 0.019297 0.015927
2 0.637696 0.853161 0.012405 0.017765
2 0.156755 0.334773 0.014639 0.024842
1 0.793671 0.381407 0.012864 0.025386
1 0.928748 0.752590 0.021612 0.015780
1 0.902762 0.629434 0.015952 0.015094
1 0.890412 0.779005 0.013894 0.015094
1 0.452813 0.389091 0.021098 0.025386
1 0.462281 0.644254 0.015952 0.016467
1 0.607187 0.842264 0.010806 0.028816
1 0.705678 0.754443 0.016981 0.015094
1 0.510395 0.839863 0.017496 0.008919
1 0.565197 0.947582 0.013894 0.011664
1 0.192127 0.595403 0.028302 0.032933
1 0.261338 0.635197 0.013379 0.023328
1 0.575643 0.196226 0.015437 0.020583
1 0.641407 0.594031 0.020583 0.024700
1 0.580892 0.648233 0.015437 0.012350
1 0.594271 0.748611 0.018525 0.014408
1 0.589383 0.759931 0.020069 0.012350
3 0.712161 0.680000 0.010806 0.019897
1 0.657101 0.806244 0.010806 0.018525