0 0.427527 0.216312 0.014628 0.021277
0 0.565160 0.178487 0.013298 0.021277
0 0.605718 0.287234 0.014628 0.021277
0 0.637633 0.322695 0.006649 0.026005
0 0.664229 0.346336 0.011968 0.026005
2 0.453457 0.478723 0.015957 0.021277
2 0.454787 0.508274 0.018617 0.028369
1 0.711436 0.523641 0.013298 0.021277
1 0.571144 0.410165 0.009309 0.021277
1 0.704122 0.424350 0.009309 0.011820
1 0.644282 0.500000 0.006649 0.021277
1 0.471410 0.573286 0.019947 0.011820
1 0.283910 0.795508 0.014628 0.016548
1 0.269282 0.808511 0.014628 0.014184
1 0.187500 0.293144 0.010638 0.023641
1 0.220745 0.170213 0.013298 0.023641
1 0.384309 0.209220 0.013298 0.016548
1 0.545213 0.797872 0.010638 0.026005
1 0.484707 0.776596 0.011968 0.016548
1 0.511968 0.958629 0.005319 0.021277
1 0.531250 0.931442 0.009309 0.018913
1 0.715426 0.925532 0.007979 0.011820
1 0.583112 0.994090 0.017287 0.011820
1 0.697473 0.613475 0.009309 0.026005
1 0.815160 0.200946 0.013298 0.014184
1 0.636303 0.700946 0.009309 0.011820
1 0.618351 0.760047 0.013298 0.016548
1 0.522606 0.749409 0.010638 0.014184
1 0.569814 0.767139 0.011968 0.016548
1 0.407580 0.673759 0.006649 0.018913
1 0.451463 0.621749 0.014628 0.014184
1 0.021941 0.665485 0.009309 0.021277
1 0.053856 0.771868 0.014628 0.030733
1 0.075133 0.398345 0.014628 0.030733
1 0.335771 0.093381 0.009309 0.016548
1 0.423537 0.028369 0.009309 0.018913
1 0.450133 0.098109 0.011968 0.011820
2 0.532580 0.278960 0.009309 0.028369
2 0.571809 0.247045 0.007979 0.026005
1 0.730053 0.840426 0.007979 0.021277
1 0.742686 0.827423 0.017287 0.018913
1 0.816489 0.803783 0.013298 0.018913
1 0.513298 0.860520 0.021277 0.023641
1 0.791223 0.450355 0.013298 0.030733
1 0.539894 0.609929 0.007979 0.023641
1 0.445479 0.593381 0.010638 0.018913
1 0.458777 0.283688 0.005319 0.028369
1 0.309176 0.528369 0.009309 0.021277