1 0.284574 0.069149 0.015957 0.030142
1 0.196144 0.551418 0.025266 0.040780
1 0.450133 0.068262 0.014628 0.021277
1 0.717420 0.204787 0.019947 0.017730
1 0.839096 0.591312 0.021277 0.017730
1 0.894947 0.524823 0.010638 0.026596
1 0.905585 0.614362 0.010638 0.021277
1 0.958112 0.271277 0.011968 0.015957
1 0.920878 0.726950 0.014628 0.019504
1 0.798537 0.874113 0.014628 0.015957
1 0.595745 0.622340 0.021277 0.015957
1 0.660239 0.526596 0.006649 0.012411
1 0.981383 0.964539 0.015957 0.026596
1 0.934840 0.825355 0.015957 0.024823
1 0.962766 0.939716 0.005319 0.012411
1 0.648936 0.980496 0.010638 0.012411
1 0.305851 0.730496 0.015957 0.015957
1 0.400266 0.369681 0.013298 0.021277
1 0.559176 0.324468 0.014628 0.015957
1 0.640293 0.357270 0.017287 0.021277
1 0.934840 0.321809 0.013298 0.017730
1 0.973404 0.810284 0.007979 0.019504
1 0.983378 0.692376 0.019947 0.028369
1 0.962101 0.703014 0.014628 0.028369
1 0.486037 0.578901 0.019947 0.014184
1 0.308511 0.362589 0.010638 0.021277
1 0.284574 0.522163 0.010638 0.017730
1 0.110372 0.441489 0.015957 0.030142
2 0.361702 0.955674 0.021277 0.040780
2 0.835106 0.856383 0.010638 0.019504
2 0.817819 0.771277 0.013298 0.012411
2 0.869681 0.748227 0.015957 0.015957
2 0.908245 0.748227 0.010638 0.012411
2 0.732048 0.618794 0.014628 0.023050
2 0.723404 0.518617 0.010638 0.017730
2 0.611037 0.492908 0.014628 0.019504
1 0.147606 0.325355 0.013298 0.017730
1 0.494016 0.035461 0.011968 0.012411
1 0.580452 0.075355 0.006649 0.007092
1 0.050532 0.336879 0.010638 0.008865
1 0.007314 0.264184 0.011968 0.005319
1 0.210771 0.147163 0.011968 0.012411
1 0.246676 0.107270 0.009309 0.010638
1 0.517287 0.391844 0.010638 0.023050
1 0.423537 0.460106 0.009309 0.017730
1 0.488032 0.470745 0.010638 0.017730
1 0.567154 0.548759 0.011968 0.014184
1 0.647606 0.646277 0.010638 0.017730
1 0.665559 0.698582 0.009309 0.015957
1 0.698803 0.695035 0.009309 0.008865
1 0.676862 0.686170 0.010638 0.012411
1 0.728059 0.786348 0.011968 0.010638