0 0.032580 0.562057 0.065160 0.118794
1 0.559840 0.755319 0.021277 0.033688
1 0.513298 0.761525 0.013298 0.028369
1 0.569149 0.975177 0.018617 0.015957
1 0.494016 0.985372 0.019947 0.029255
1 0.674867 0.613475 0.011968 0.019504
1 0.845745 0.963652 0.021277 0.017730
1 0.878324 0.776596 0.022606 0.019504
1 0.660904 0.432624 0.021277 0.012411
1 0.692154 0.508865 0.014628 0.026596
1 0.575798 0.227837 0.021277 0.017730
1 0.667553 0.096631 0.026596 0.017730
1 0.594415 0.479610 0.018617 0.028369
1 0.654255 0.582447 0.021277 0.031915
1 0.652261 0.636525 0.014628 0.026596
1 0.818484 0.638298 0.014628 0.023050
1 0.894282 0.620567 0.014628 0.023050
1 0.791888 0.459220 0.022606 0.019504
1 0.781915 0.423759 0.013298 0.005319
1 0.757314 0.343972 0.011968 0.012411
1 0.853723 0.368794 0.015957 0.015957
1 0.759973 0.459220 0.011968 0.015957
1 0.726064 0.490248 0.015957 0.021277
1 0.861037 0.900709 0.017287 0.023050
1 0.538564 0.462766 0.015957 0.023050
1 0.549867 0.344858 0.030585 0.024823
1 0.555851 0.294326 0.007979 0.026596
1 0.523271 0.109043 0.006649 0.031915
1 0.781915 0.785461 0.015957 0.033688
1 0.908245 0.697695 0.013298 0.024823
1 0.958777 0.721631 0.023936 0.044326
1 0.976064 0.890071 0.013298 0.026596
1 0.973404 0.932624 0.015957 0.026596
1 0.951463 0.901596 0.009309 0.017730
1 0.954787 0.828014 0.015957 0.026596
1 0.992686 0.773936 0.011968 0.021277
1 0.938165 0.745567 0.009309 0.028369
1 0.914229 0.781028 0.014628 0.021277
1 0.732713 0.894504 0.013298 0.017730
1 0.704122 0.909574 0.009309 0.030142
1 0.724734 0.724291 0.013298 0.014184
1 0.799202 0.695035 0.010638 0.015957
1 0.834441 0.695922 0.011968 0.021277
1 0.843750 0.733156 0.019947 0.014184
1 0.835771 0.778369 0.009309 0.008865
1 0.689495 0.802305 0.017287 0.028369
1 0.607048 0.679078 0.022606 0.030142
1 0.788564 0.321809 0.021277 0.031915
1 0.392952 0.750887 0.014628 0.035461
1 0.372340 0.727837 0.013298 0.014184
1 0.448803 0.685284 0.025266 0.021277
1 0.345080 0.554078 0.017287 0.024823
1 0.299202 0.585993 0.021277 0.028369
1 0.288564 0.528369 0.007979 0.026596
1 0.353723 0.876773 0.018617 0.031915
1 0.386303 0.882979 0.014628 0.033688
1 0.406915 0.865248 0.013298 0.019504
1 0.404255 0.828901 0.015957 0.014184
1 0.545878 0.812943 0.030585 0.031915
1 0.533245 0.866135 0.010638 0.010638
1 0.513298 0.904255 0.018617 0.033688
1 0.635638 0.754433 0.007979 0.021277
1 0.460106 0.880319 0.021277 0.046099
1 0.469415 0.934397 0.007979 0.012411
1 0.436835 0.929965 0.017287 0.014184
1 0.403590 0.902482 0.011968 0.015957
1 0.338431 0.974291 0.027926 0.014184
1 0.311170 0.945922 0.010638 0.024823
1 0.284574 0.912234 0.010638 0.010638
1 0.321144 0.830674 0.011968 0.014184
1 0.294548 0.789894 0.011968 0.017730
1 0.321809 0.767730 0.026596 0.030142
1 0.500000 0.813830 0.015957 0.023050
1 0.542553 0.724291 0.018617 0.010638
1 0.537234 0.755319 0.007979 0.019504
1 0.819814 0.576241 0.025266 0.026596
1 0.843085 0.863475 0.010638 0.033688
1 0.825133 0.944149 0.011968 0.035461
1 0.500000 0.466312 0.015957 0.015957
1 0.515293 0.558511 0.011968 0.012411
1 0.527926 0.662234 0.007979 0.014184
1 0.556516 0.710993 0.009309 0.015957
1 0.478059 0.710106 0.019947 0.017730
1 0.913564 0.189716 0.021277 0.033688
1 0.850399 0.089539 0.011968 0.021277
1 0.337101 0.197695 0.017287 0.021277
1 0.221410 0.820922 0.017287 0.033688
1 0.371011 0.667553 0.021277 0.017730