0 0.621011 0.433511 0.021277 0.031915
0 0.581117 0.143617 0.018617 0.026596
0 0.666888 0.036348 0.019947 0.021277
0 0.689495 0.021277 0.014628 0.012411
0 0.241356 0.133865 0.017287 0.014184
0 0.091090 0.128546 0.022606 0.017730
0 0.225399 0.524823 0.017287 0.023050
0 0.739362 0.757979 0.018617 0.035461
0 0.740691 0.183511 0.018617 0.035461
0 0.843750 0.279255 0.014628 0.021277
0 0.666888 0.210106 0.019947 0.021277
0 0.615027 0.752660 0.019947 0.017730
0 0.830452 0.764184 0.014628 0.023050
0 0.720080 0.840426 0.009309 0.019504
0 0.812500 0.990691 0.021277 0.018617
2 0.607048 0.942376 0.017287 0.021277
2 0.648936 0.698582 0.023936 0.012411
2 0.689495 0.402482 0.011968 0.030142
2 0.287234 0.618794 0.010638 0.026596
2 0.316489 0.632979 0.018617 0.023050
0 0.142952 0.778369 0.017287 0.023050
0 0.284574 0.915780 0.013298 0.017730
1 0.240691 0.875887 0.010638 0.008865
1 0.326463 0.502660 0.009309 0.014184
1 0.307846 0.460106 0.009309 0.017730
1 0.303191 0.372340 0.007979 0.015957
1 0.258644 0.394504 0.006649 0.010638
1 0.466755 0.528369 0.015957 0.019504
1 0.449468 0.580674 0.010638 0.014184
1 0.533910 0.589539 0.006649 0.010638
1 0.634309 0.605496 0.005319 0.010638
1 0.753324 0.538121 0.006649 0.017730
1 0.746676 0.441489 0.006649 0.008865
1 0.778590 0.315603 0.006649 0.012411
1 0.710106 0.473404 0.010638 0.008865
1 0.723404 0.249113 0.005319 0.010638
1 0.676197 0.430851 0.014628 0.012411
1 0.672872 0.394504 0.010638 0.017730
1 0.609043 0.645390 0.015957 0.015957
1 0.777261 0.585106 0.014628 0.019504
1 0.457447 0.419326 0.015957 0.024823
1 0.229388 0.662234 0.009309 0.017730
1 0.269947 0.641844 0.007979 0.015957
1 0.389628 0.644504 0.015957 0.017730
1 0.369016 0.533688 0.006649 0.012411
3 0.321144 0.540780 0.011968 0.019504
1 0.664894 0.652482 0.013298 0.026596
1 0.683511 0.632979 0.015957 0.026596
1 0.702128 0.679078 0.013298 0.019504
1 0.929521 0.623227 0.013298 0.021277
1 0.653590 0.871454 0.009309 0.007092
2 0.320479 0.807624 0.013298 0.028369
2 0.248005 0.718085 0.019947 0.019504