2 0.735678 0.251286 0.020583 0.029160
1 0.922213 0.317324 0.018010 0.020583
1 0.947942 0.319039 0.018010 0.024014
1 0.829588 0.114065 0.020583 0.022298
2 0.626973 0.340480 0.021870 0.022298
1 0.788422 0.604631 0.018010 0.022298
2 0.987822 0.539451 0.015437 0.025729
2 0.576801 0.708405 0.021870 0.020583
2 0.396055 0.646655 0.023156 0.013722
2 0.587093 0.591767 0.019297 0.020583
1 0.533062 0.628645 0.014151 0.018868
1 0.500257 0.300172 0.020583 0.024014
2 0.801930 0.837907 0.019297 0.025729
1 0.598671 0.922813 0.011578 0.017153
2 0.366467 0.481132 0.023156 0.018868
2 0.723456 0.547170 0.029588 0.027444
1 0.487393 0.792453 0.015437 0.024014
2 0.816724 0.493997 0.015437 0.030875
1 0.738250 0.367925 0.015437 0.022298
1 0.794211 0.901372 0.016724 0.018868