1 0.563165 0.629433 0.025266 0.026596
1 0.722739 0.040780 0.019947 0.023050
1 0.674867 0.166667 0.014628 0.019504
1 0.653590 0.311170 0.009309 0.028369
1 0.617021 0.319149 0.013298 0.026596
1 0.748005 0.516844 0.011968 0.024823
1 0.636303 0.429078 0.022606 0.019504
1 0.601729 0.954787 0.011968 0.017730
1 0.611037 0.992021 0.017287 0.014184
1 0.553856 0.984929 0.011968 0.017730
1 0.572473 0.970745 0.017287 0.024823
1 0.457447 0.535461 0.021277 0.023050
1 0.432846 0.675532 0.017287 0.015957
1 0.397606 0.923759 0.015957 0.026596
2 0.408245 0.132979 0.023936 0.019504
2 0.498005 0.637411 0.022606 0.039007
2 0.180186 0.924645 0.025266 0.031915
2 0.271277 0.787234 0.013298 0.019504
2 0.321809 0.768617 0.010638 0.024823
2 0.208777 0.676418 0.015957 0.010638
2 0.136303 0.420213 0.017287 0.037234
2 0.202128 0.394504 0.010638 0.014184
2 0.115027 0.530142 0.019947 0.023050
2 0.126995 0.580674 0.025266 0.010638
2 0.188830 0.578014 0.010638 0.019504
2 0.219415 0.585106 0.010638 0.008865
2 0.140293 0.651596 0.017287 0.021277
2 0.069814 0.595745 0.014628 0.037234
2 0.058511 0.629433 0.013298 0.019504
2 0.352394 0.661348 0.015957 0.008865
2 0.290559 0.600177 0.017287 0.021277
2 0.295878 0.625000 0.025266 0.014184
2 0.240691 0.693262 0.021277 0.023050
1 0.660239 0.759752 0.017287 0.014184
1 0.334441 0.853723 0.014628 0.014184
1 0.353723 0.908688 0.010638 0.021277
1 0.359707 0.843972 0.011968 0.015957
1 0.443484 0.705674 0.011968 0.008865
1 0.534574 0.717199 0.010638 0.028369
1 0.663564 0.598404 0.013298 0.014184
1 0.674867 0.435284 0.011968 0.028369
1 0.396277 0.531028 0.010638 0.021277
1 0.430851 0.546986 0.015957 0.014184
1 0.256649 0.577128 0.013298 0.010638
1 0.148271 0.726064 0.025266 0.021277
1 0.174867 0.738475 0.009309 0.024823
1 0.154920 0.749113 0.014628 0.024823
1 0.165559 0.783688 0.017287 0.008865
1 0.191489 0.810284 0.013298 0.015957
1 0.246676 0.944149 0.017287 0.031915
1 0.210106 0.907801 0.013298 0.012411
1 0.271941 0.880319 0.017287 0.007092
1 0.096410 0.853723 0.009309 0.010638
1 0.141622 0.842199 0.011968 0.015957
1 0.125665 0.869681 0.003989 0.014184
1 0.051197 0.819149 0.009309 0.026596
1 0.019282 0.793440 0.011968 0.028369
1 0.009309 0.853723 0.018617 0.014184
1 0.003989 0.971631 0.005319 0.019504
1 0.005984 0.889184 0.011968 0.021277
1 0.069814 0.734043 0.014628 0.015957
1 0.142287 0.623227 0.021277 0.024823
1 0.187500 0.636525 0.021277 0.015957
1 0.182846 0.605496 0.006649 0.007092
1 0.262633 0.364362 0.019947 0.014184
1 0.297207 0.273050 0.011968 0.015957
1 0.295213 0.335106 0.010638 0.008865
1 0.461436 0.142730 0.018617 0.014184
1 0.416223 0.088652 0.007979 0.019504
1 0.422872 0.102837 0.021277 0.015957
1 0.631649 0.107270 0.015957 0.017730
1 0.624335 0.546099 0.011968 0.023050
1 0.017952 0.467199 0.017287 0.024823
1 0.024601 0.434397 0.011968 0.023050
1 0.035239 0.297872 0.011968 0.026596
1 0.060505 0.307624 0.011968 0.028369
1 0.008644 0.429078 0.014628 0.030142
1 0.149601 0.331560 0.014628 0.030142
1 0.234707 0.304965 0.014628 0.012411
1 0.184840 0.236702 0.015957 0.017730
1 0.132979 0.213652 0.018617 0.010638
1 0.083777 0.192376 0.005319 0.014184
1 0.206782 0.154255 0.014628 0.019504
1 0.005984 0.290780 0.011968 0.012411
1 0.036569 0.392730 0.009309 0.024823
1 0.059840 0.391844 0.010638 0.030142
1 0.075798 0.546099 0.007979 0.015957
1 0.011303 0.627660 0.019947 0.012411
1 0.105718 0.597518 0.014628 0.030142
1 0.082447 0.634752 0.010638 0.008865
1 0.063165 0.714539 0.011968 0.012411
1 0.029920 0.758865 0.009309 0.012411
1 0.055851 0.781915 0.007979 0.012411
1 0.035904 0.722518 0.007979 0.014184
1 0.009973 0.668440 0.011968 0.012411
1 0.018617 0.651596 0.023936 0.014184
1 0.071144 0.791667 0.009309 0.014184
1 0.416223 0.928191 0.013298 0.024823
1 0.396941 0.972518 0.014628 0.024823
1 0.964096 0.634752 0.015957 0.023050