1 0.483117 0.723207 0.024300 0.025411
1 0.517564 0.761435 0.021977 0.017153
1 0.518636 0.906875 0.012328 0.013579
1 0.476826 0.942610 0.012328 0.019297
1 0.694986 0.773228 0.012328 0.016438
1 0.792971 0.899728 0.020905 0.025014
1 0.907411 0.838622 0.015009 0.014294
1 0.973074 0.927244 0.011256 0.017153
1 0.909287 0.506146 0.013401 0.015723
1 0.789594 0.319039 0.011792 0.025729
1 0.752877 0.242567 0.015545 0.020011
1 0.965945 0.300457 0.010720 0.018582
1 0.921455 0.151872 0.009648 0.017867
1 0.818003 0.036449 0.012864 0.017153
1 0.811035 0.057176 0.011792 0.018582
1 0.648621 0.053245 0.019297 0.017867
1 0.679978 0.340838 0.015545 0.019297
1 0.678638 0.468339 0.015009 0.020726
1 0.666309 0.606632 0.011792 0.024300
1 0.517456 0.849771 0.008040 0.011435
1 0.598664 0.794025 0.008576 0.015723
1 0.314305 0.993139 0.018761 0.013722
1 0.180728 0.771155 0.017689 0.015723
1 0.060124 0.785091 0.010184 0.012150
1 0.589122 0.360134 0.012864 0.017867
2 0.771530 0.454331 0.030553 0.016438
2 0.675261 0.888007 0.010184 0.022156
2 0.559266 0.703045 0.008040 0.020726
2 0.612064 0.538379 0.009648 0.027873
2 0.521745 0.531589 0.008040 0.022870
2 0.220501 0.473485 0.018761 0.012150
2 0.258022 0.342481 0.012328 0.040023
2 0.408055 0.521155 0.019297 0.025729
2 0.370426 0.316252 0.018225 0.013579
2 0.437000 0.212264 0.017153 0.020011
2 0.483902 0.298027 0.008040 0.020011
2 0.642832 0.263150 0.007504 0.025729
2 0.463265 0.792238 0.009648 0.016438
1 0.322291 0.921598 0.008576 0.010720
1 0.759470 0.580689 0.009648 0.010720
2 0.678263 0.619997 0.013401 0.016438
2 0.648245 0.608562 0.014473 0.019297
2 0.651730 0.314823 0.009648 0.013579
2 0.331244 0.529423 0.009896 0.021771
2 0.371322 0.037604 0.007917 0.022430
2 0.344554 0.455733 0.007422 0.019792
2 0.283695 0.565906 0.015338 0.013194
2 0.034074 0.725360 0.011875 0.015174
2 0.028137 0.717113 0.014844 0.007917