1 0.643617 0.312057 0.013298 0.023050
0 0.615691 0.273936 0.021277 0.042553
0 0.489362 0.298759 0.058511 0.099291
0 0.962618 0.160559 0.014775 0.012805
0 0.871380 0.377266 0.012559 0.022656
0 0.682255 0.595449 0.015514 0.025611
0 0.813017 0.276793 0.012559 0.022656
0 0.848478 0.102443 0.016992 0.016745
2 0.849217 0.340327 0.018469 0.017730
2 0.941563 0.424547 0.011082 0.018716
2 0.938978 0.384653 0.025118 0.009850
2 0.847739 0.453605 0.022902 0.015760
2 0.811170 0.305359 0.014775 0.010835
2 0.856235 0.188633 0.007388 0.013790
2 0.964835 0.078310 0.016253 0.009850
2 0.970745 0.099980 0.017730 0.011820
2 0.575133 0.057624 0.012559 0.023641
2 0.640145 0.048759 0.011082 0.021671
2 0.661939 0.160559 0.016253 0.026596
2 0.541150 0.135934 0.006649 0.022656
2 0.557772 0.142829 0.008865 0.044326
2 0.529699 0.249704 0.016253 0.019701
2 0.507166 0.192080 0.002216 0.016745
2 0.508644 0.646671 0.021424 0.023641
2 0.504211 0.583629 0.008126 0.025611
2 0.527482 0.582644 0.008865 0.023641
2 0.530807 0.612195 0.022902 0.015760
2 0.542627 0.646671 0.022902 0.015760
2 0.548537 0.670311 0.019947 0.017730
2 0.591017 0.652088 0.017730 0.024626
2 0.612441 0.645686 0.020686 0.011820
2 0.687057 0.690997 0.011820 0.023641
2 0.636082 0.670311 0.014775 0.011820
2 0.536348 0.492021 0.014775 0.013790
2 0.558141 0.474783 0.011082 0.020686
2 0.574394 0.430950 0.009604 0.021671
2 0.593602 0.455575 0.012559 0.021671
2 0.591386 0.508767 0.014037 0.013790
2 0.658614 0.434397 0.015514 0.020686
2 0.676714 0.439815 0.014775 0.021671
2 0.766105 0.411742 0.014775 0.026596
2 0.776079 0.379728 0.014037 0.023641
2 0.671543 0.296493 0.019208 0.022656
2 0.605053 0.380221 0.005910 0.030536
2 0.589170 0.371355 0.012559 0.016745
2 0.655290 0.514184 0.016253 0.016745
2 0.681516 0.535362 0.014037 0.019701
2 0.738032 0.608747 0.014775 0.016745
2 0.783836 0.576241 0.013298 0.030536
2 0.812648 0.518125 0.008865 0.024626
2 0.983304 0.625000 0.025118 0.013790
2 0.901300 0.595942 0.022163 0.018716
2 0.885047 0.593479 0.014775 0.009850
2 0.964835 0.707742 0.008865 0.025611
2 0.844784 0.768814 0.012559 0.033491
2 0.844415 0.811170 0.014775 0.023641
2 0.779403 0.846631 0.010343 0.017730
2 0.772385 0.780142 0.024379 0.024626
2 0.750960 0.834318 0.015514 0.020686
2 0.607270 0.581166 0.016253 0.016745
2 0.597296 0.566391 0.012559 0.020686
2 0.524897 0.551123 0.015514 0.013790
2 0.561466 0.526497 0.008865 0.015760
2 0.500887 0.541273 0.014775 0.007880
2 0.495715 0.502857 0.011820 0.021671
0 0.664524 0.757486 0.030290 0.020686
0 0.633126 0.726458 0.013298 0.015760
0 0.674128 0.635343 0.009604 0.018716
0 0.514923 0.834318 0.026596 0.020686
0 0.538564 0.872734 0.019208 0.018716
2 0.332816 0.251182 0.018469 0.028566
2 0.384161 0.269898 0.022163 0.018716
2 0.365322 0.307329 0.019947 0.012805
2 0.389332 0.307821 0.011820 0.027581
2 0.482787 0.391056 0.016992 0.014775
2 0.534131 0.352640 0.010343 0.010835
2 0.431811 0.472813 0.016992 0.010835
2 0.404477 0.476753 0.012559 0.026596
2 0.431073 0.570823 0.012559 0.029551
2 0.457668 0.559988 0.014037 0.021671
2 0.470966 0.513692 0.012559 0.025611
2 0.513815 0.451635 0.016992 0.025611
2 0.543735 0.427009 0.017730 0.021671
2 0.435875 0.321119 0.011820 0.030536
2 0.328384 0.400906 0.016992 0.022656
2 0.288859 0.440307 0.011820 0.026596
2 0.311022 0.585599 0.019208 0.011820
2 0.264480 0.607762 0.016253 0.022656
2 0.600251 0.424054 0.006649 0.013790
2 0.567745 0.222616 0.009604 0.018716
2 0.595449 0.227541 0.013298 0.020686
2 0.594341 0.257585 0.012559 0.009850
2 0.586584 0.281718 0.016253 0.020686
2 0.624631 0.328999 0.016992 0.012805
2 0.623153 0.831856 0.011082 0.027581
2 0.609486 0.805753 0.007388 0.024626
2 0.572178 0.791470 0.009604 0.021671
2 0.749113 0.950552 0.016253 0.016745
2 0.573286 0.894405 0.014775 0.024626
2 0.599143 0.849586 0.008865 0.019701
2 0.620567 0.858944 0.008865 0.010835
2 0.711806 0.843184 0.014037 0.022656
2 0.734707 0.827916 0.009604 0.011820
2 0.467272 0.719563 0.012559 0.023641
2 0.330969 0.768322 0.014775 0.020686
1 0.356457 0.750591 0.018469 0.012805
2 0.362367 0.687549 0.009604 0.022656
2 0.324690 0.704295 0.014037 0.008865
2 0.415189 0.713652 0.008865 0.021671
2 0.473921 0.695429 0.016992 0.012805
2 0.712914 0.230989 0.017730 0.011820
2 0.558511 0.088652 0.007388 0.018716
2 0.551492 0.053191 0.009604 0.008865
2 0.555925 0.066982 0.016992 0.010835
2 0.404477 0.167455 0.015514 0.014775
2 0.461362 0.623522 0.012559 0.018716
2 0.436613 0.696414 0.014775 0.016745
2 0.475399 0.595942 0.011082 0.028566
2 0.658245 0.693459 0.014775 0.012805
2 0.667849 0.585599 0.019208 0.011820
2 0.516031 0.427009 0.015514 0.013790
2 0.546690 0.381698 0.026596 0.011820
2 0.510121 0.020686 0.012559 0.018716
2 0.715869 0.083235 0.011820 0.017730
2 0.483895 0.555063 0.011820 0.015760
2 0.476507 0.668341 0.010343 0.013790
2 0.327645 0.930851 0.015514 0.028566
2 0.272606 0.917061 0.014775 0.026596
2 0.259678 0.935284 0.014037 0.027581
2 0.363106 0.951537 0.015514 0.016745
2 0.480570 0.915091 0.019947 0.012805
2 0.447695 0.576734 0.014775 0.011820
2 0.460254 0.596434 0.017730 0.009850
2 0.475399 0.420114 0.016992 0.011820
2 0.472444 0.365938 0.018469 0.017730
2 0.585106 0.343282 0.017730 0.011820
2 0.611333 0.463455 0.008126 0.025611
2 0.436244 0.986013 0.006649 0.018716
1 0.755024 0.904255 0.008865 0.014775
1 0.278517 0.870272 0.005910 0.009850
1 0.330230 0.814618 0.013298 0.014775
1 0.412973 0.652581 0.013298 0.013790
1 0.413342 0.183215 0.015514 0.016745
1 0.332816 0.172380 0.009604 0.010835
2 0.257092 0.180753 0.011820 0.037431
1 0.734338 0.237884 0.011820 0.017730
1 0.791962 0.474291 0.007388 0.015760
1 0.666371 0.545213 0.007388 0.011820
1 0.687426 0.553586 0.005171 0.012805
1 0.625739 0.576734 0.004433 0.007880
1 0.641992 0.504827 0.005910 0.007880
1 0.661569 0.739756 0.006649 0.008865
1 0.694075 0.706757 0.012559 0.007880
1 0.722518 0.697892 0.010343 0.011820
1 0.758717 0.696414 0.004433 0.010835
1 0.612072 0.741233 0.012559 0.017730
1 0.605423 0.767829 0.011082 0.017730
1 0.681147 0.885047 0.007388 0.011820
1 0.639037 0.886525 0.007388 0.008865
1 0.540780 0.940701 0.007388 0.010835
1 0.281102 0.486111 0.012559 0.009850
1 0.349808 0.400414 0.006649 0.009850
1 0.393765 0.393026 0.007388 0.010835
1 0.649749 0.007880 0.011082 0.014775
1 0.646055 0.021671 0.005171 0.008865
1 0.589170 0.949074 0.008126 0.013790
1 0.533392 0.960402 0.005910 0.006895
1 0.557033 0.793440 0.008865 0.011820
1 0.454344 0.821513 0.004433 0.006895
1 0.386746 0.744188 0.006649 0.013790
2 0.432550 0.915091 0.018469 0.014775
2 0.652704 0.958924 0.008126 0.019701
2 0.576980 0.239854 0.011820 0.023641
2 0.629433 0.960894 0.002955 0.005910
2 0.639406 0.974685 0.003694 0.005910
2 0.646424 0.916568 0.002955 0.007880
2 0.677453 0.616135 0.017730 0.011820
2 0.654920 0.480693 0.006649 0.010835
2 0.310284 0.491036 0.013298 0.009850
2 0.324320 0.440307 0.016253 0.014775
2 0.432181 0.608747 0.004433 0.016745
2 0.687426 0.257585 0.008126 0.011820
2 0.312500 0.097518 0.016253 0.010835
2 0.283688 0.352147 0.016253 0.011820
2 0.308067 0.314716 0.005910 0.005910
2 0.324320 0.319641 0.004433 0.003940
2 0.310653 0.393519 0.014037 0.013790
2 0.289229 0.897360 0.008126 0.014775
1 0.229758 0.946612 0.007388 0.010835
1 0.310284 0.778172 0.004433 0.006895
1 0.226433 0.679177 0.009604 0.015760
0 0.133717 0.112786 0.014775 0.015760
0 0.118203 0.291076 0.014775 0.023641
2 0.192450 0.660461 0.009604 0.023641
2 0.199468 0.592002 0.016253 0.024626
2 0.090499 0.583136 0.018469 0.016745
2 0.119681 0.533392 0.022163 0.009850
2 0.032506 0.507289 0.016253 0.020686
2 0.029181 0.549645 0.014037 0.018716
2 0.159944 0.505319 0.016992 0.022656
2 0.197621 0.470843 0.008126 0.004925
2 0.197252 0.487096 0.013298 0.017730
2 0.198729 0.502364 0.007388 0.008865
2 0.210180 0.486604 0.006649 0.006895
2 0.133348 0.372833 0.009604 0.019701
2 0.072769 0.219661 0.008126 0.008865
2 0.554447 0.279748 0.009604 0.018716
2 0.824468 0.145784 0.013298 0.022656
2 0.960033 0.521080 0.016992 0.016745
3 0.885786 0.553093 0.017730 0.007880
3 0.824468 0.856974 0.014775 0.024626
3 0.896129 0.911151 0.014775 0.016745
1 0.909057 0.860914 0.014037 0.014775
1 0.808585 0.229511 0.009604 0.006895
1 0.943410 0.167455 0.005910 0.012805
1 0.993277 0.177797 0.011082 0.013790
1 0.951167 0.189618 0.006649 0.011820
1 0.574764 0.369878 0.004433 0.007880
1 0.561466 0.369878 0.004433 0.007880
1 0.107122 0.804275 0.020686 0.023641
1 0.125960 0.761919 0.006649 0.007880
1 0.107861 0.758471 0.005910 0.006895
1 0.139628 0.804275 0.011820 0.009850
1 0.069444 0.812155 0.013298 0.015760