1 0.206117 0.411348 0.013298 0.026596
1 0.319814 0.374113 0.011968 0.015957
1 0.426862 0.251773 0.015957 0.015957
1 0.574468 0.740248 0.010638 0.021277
1 0.665559 0.745567 0.009309 0.024823
1 0.575133 0.614362 0.011968 0.014184
1 0.560505 0.706560 0.009309 0.014184
1 0.457447 0.605496 0.007979 0.017730
1 0.394947 0.546099 0.018617 0.008865
2 0.944149 0.437943 0.018617 0.030142
1 0.809840 0.894504 0.013298 0.017730
1 0.680186 0.552305 0.014628 0.017730
1 0.640293 0.482270 0.014628 0.015957
1 0.228059 0.069149 0.014628 0.026596