1 0.292849 0.437723 0.026719 0.031007
1 0.395517 0.536021 0.009401 0.023090
1 0.242380 0.476316 0.020781 0.019792
1 0.338617 0.144478 0.016328 0.013194
0 0.455387 0.091371 0.021276 0.045521
0 0.967299 0.468141 0.030970 0.062893
1 0.547806 0.852376 0.016599 0.012726
1 0.463979 0.711005 0.014939 0.015493
1 0.605904 0.715432 0.007470 0.013279
1 0.604659 0.772976 0.007470 0.011066
1 0.379115 0.956122 0.022824 0.018813
1 0.419369 0.972722 0.021994 0.000000
1 0.697325 0.928457 0.017844 0.015493
1 0.688195 0.737564 0.008715 0.011066
1 0.696080 0.786809 0.008715 0.009960
1 0.689233 0.842694 0.008300 0.013279
1 0.787376 0.780999 0.007885 0.013833
1 0.922868 0.833785 0.011620 0.014939
1 0.847756 0.769878 0.008300 0.015493
1 0.806258 0.723953 0.007470 0.008853
1 0.869543 0.693299 0.004565 0.011066
1 0.944033 0.642948 0.009130 0.009960
1 0.988021 0.767443 0.009960 0.011066
1 0.756252 0.947823 0.004565 0.006640
1 0.812898 0.710286 0.004980 0.010513
1 0.820990 0.694517 0.008715 0.009960
1 0.924528 0.563935 0.015769 0.012173
1 0.923076 0.379406 0.010375 0.026006
1 0.881163 0.289493 0.010375 0.021026
1 0.629641 0.421568 0.014109 0.017153
1 0.644788 0.535827 0.017844 0.012173
1 0.561376 0.467770 0.015354 0.017706
1 0.669479 0.391413 0.011620 0.013279
1 0.318777 0.531898 0.008715 0.014939
1 0.249557 0.770320 0.008715 0.021026
1 0.260139 0.851547 0.014109 0.014386
1 0.391855 0.739169 0.009130 0.010513
1 0.454310 0.730316 0.008715 0.008300
1 0.408040 0.687988 0.006640 0.011066
1 0.433769 0.603276 0.007470 0.012726
1 0.475682 0.627345 0.007470 0.008853
1 0.539423 0.445028 0.009130 0.016046
1 0.385838 0.146904 0.014524 0.011620
1 0.076509 0.620705 0.011205 0.015493
1 0.057627 0.864826 0.008300 0.013279
2 0.111824 0.921817 0.021247 0.027666
2 0.260015 0.939523 0.013694 0.013279
2 0.322055 0.966635 0.006640 0.025452
2 0.156269 0.710341 0.012035 0.013279
2 0.176811 0.703148 0.014939 0.024346
2 0.195900 0.697062 0.013279 0.026559
2 0.162286 0.690699 0.012450 0.021579
2 0.137180 0.673546 0.017014 0.016046
2 0.106056 0.736347 0.007885 0.023239
2 0.084892 0.746307 0.015354 0.014386
2 0.093606 0.779505 0.012864 0.013279
2 0.070160 0.652520 0.011620 0.022686
2 0.081364 0.722791 0.027389 0.016046
2 0.009572 0.731921 0.016599 0.014386
2 0.007276 0.596913 0.014552 0.035412
2 0.011025 0.768439 0.021164 0.016599
2 0.115601 0.634372 0.017844 0.012726
2 0.225571 0.620262 0.012035 0.021026
2 0.148094 0.588392 0.013279 0.018813
2 0.115518 0.568196 0.014524 0.022686
2 0.057005 0.582582 0.017014 0.009406
2 0.070492 0.424611 0.023239 0.023239
2 0.164278 0.310408 0.013279 0.011066
2 0.127760 0.283572 0.009130 0.020473
2 0.229431 0.280252 0.018259 0.016046
2 0.138342 0.161456 0.009545 0.016599
2 0.100163 0.079566 0.010375 0.016599
2 0.030031 0.193548 0.009545 0.015493
2 0.170876 0.540143 0.020334 0.015493
2 0.067255 0.627179 0.008300 0.017153
2 0.149629 0.743485 0.010375 0.011620
2 0.139753 0.897748 0.011205 0.016046
2 0.177309 0.931777 0.011620 0.007746
2 0.199427 0.875892 0.012864 0.012173
1 0.391648 0.854424 0.007885 0.013279
1 0.382933 0.863553 0.007055 0.007193
1 0.740027 0.962762 0.009960 0.007746
2 0.844561 0.566536 0.013694 0.012726
2 0.889379 0.639020 0.007055 0.020473
2 0.970094 0.817463 0.007470 0.021026
2 0.776711 0.939468 0.014939 0.017153
2 0.586607 0.599956 0.014524 0.012726
2 0.544279 0.547114 0.007055 0.016599
1 0.206745 0.777587 0.010226 0.020231
1 0.578852 0.736404 0.008324 0.008576
1 0.660768 0.660478 0.004919 0.008072
1 0.643742 0.596408 0.005676 0.011099
1 0.852714 0.611240 0.006054 0.009081
1 0.703448 0.580971 0.007189 0.009081
1 0.604051 0.486984 0.006054 0.010594
1 0.609159 0.468823 0.005676 0.006558
1 0.607646 0.475381 0.006432 0.010594
1 0.614645 0.356220 0.007567 0.010594
1 0.510027 0.362779 0.006432 0.009585
2 0.688881 0.431944 0.009838 0.010090
2 0.771252 0.335688 0.018540 0.015135
2 0.811548 0.326355 0.010594 0.012612
2 0.075585 0.839572 0.016270 0.014126
2 0.344075 0.095197 0.011729 0.014630