0 0.281250 0.350177 0.022606 0.021277
0 0.489362 0.147163 0.013298 0.026596
0 0.414229 0.342199 0.011968 0.030142
0 0.452128 0.290780 0.015957 0.015957
0 0.492021 0.350177 0.010638 0.017730
0 0.518617 0.326241 0.013298 0.023050
0 0.752660 0.162234 0.013298 0.024823
0 0.852394 0.222518 0.021277 0.021277
0 0.705452 0.390957 0.019947 0.017730
0 0.094415 0.415780 0.015957 0.024823
0 0.011303 0.473404 0.014628 0.023050
0 0.007314 0.407801 0.014628 0.026596
0 0.037234 0.351950 0.010638 0.021277
0 0.146941 0.660461 0.017287 0.017730
0 0.129654 0.683511 0.014628 0.014184
0 0.238032 0.806738 0.013298 0.033688
0 0.250000 0.563830 0.007979 0.019504
0 0.683511 0.624113 0.018617 0.015957
1 0.575798 0.269504 0.010638 0.012411
1 0.618351 0.257092 0.015957 0.015957
1 0.639628 0.156915 0.007979 0.017730
1 0.561170 0.245567 0.005319 0.007092
1 0.599069 0.338652 0.006649 0.012411
2 0.666888 0.497340 0.017287 0.028369
2 0.707447 0.497340 0.007979 0.028369
2 0.798537 0.499113 0.017287 0.017730
2 0.839096 0.520390 0.010638 0.017730
2 0.815160 0.571809 0.018617 0.028369
2 0.879654 0.584220 0.006649 0.021277
2 0.924867 0.562943 0.017287 0.014184
2 0.879654 0.549645 0.030585 0.023050
2 0.869681 0.483156 0.023936 0.017730
2 0.890957 0.511525 0.018617 0.014184
2 0.769282 0.377660 0.014628 0.023050
2 0.750665 0.416667 0.014628 0.015957
2 0.730718 0.476064 0.011968 0.017730
2 0.874335 0.193262 0.014628 0.023050
2 0.886303 0.242021 0.014628 0.021277
2 0.926862 0.134752 0.013298 0.026596
2 0.908910 0.264184 0.014628 0.030142
2 0.962766 0.171986 0.005319 0.008865
2 0.968085 0.298759 0.010638 0.028369
2 0.981383 0.346631 0.010638 0.007092
2 0.965426 0.378546 0.010638 0.021277
2 0.886303 0.641844 0.014628 0.019504
2 0.918883 0.663121 0.018617 0.015957
2 0.951463 0.647163 0.014628 0.019504
2 0.978723 0.521277 0.018617 0.026596
0 0.972739 0.554965 0.014628 0.015957
2 0.869681 0.750887 0.013298 0.035461
2 0.936170 0.695035 0.007979 0.008865
2 0.916223 0.733156 0.013298 0.021277
2 0.890293 0.841312 0.017287 0.021277
2 0.768617 0.906915 0.021277 0.031915
2 0.724734 0.905142 0.013298 0.031915
2 0.703457 0.919326 0.015957 0.017730
2 0.725399 0.955674 0.011968 0.015957
2 0.802527 0.906028 0.014628 0.033688
2 0.844415 0.927305 0.018617 0.008865
2 0.880319 0.924645 0.021277 0.010638
2 0.982048 0.782801 0.014628 0.028369
2 0.963431 0.722518 0.017287 0.017730
2 0.732048 0.700355 0.009309 0.019504
2 0.757314 0.632092 0.011968 0.021277
2 0.489362 0.516844 0.010638 0.021277
2 0.556516 0.537234 0.009309 0.019504
2 0.553856 0.644504 0.011968 0.024823
2 0.602394 0.631206 0.018617 0.023050
2 0.273936 0.466312 0.021277 0.023050
2 0.317154 0.516844 0.011968 0.014184
2 0.364362 0.580674 0.013298 0.024823
2 0.343085 0.683511 0.015957 0.031915
2 0.184840 0.685284 0.015957 0.014184
2 0.220080 0.624113 0.022606 0.026596
2 0.289894 0.296986 0.013298 0.021277
0 0.261303 0.314716 0.014628 0.017730
0 0.558511 0.591312 0.018617 0.024823
0 0.994681 0.566489 0.010638 0.024823
0 0.070479 0.742908 0.010638 0.037234
0 0.450798 0.609043 0.023936 0.035461
2 0.478723 0.943262 0.023936 0.019504
2 0.706782 0.735816 0.014628 0.033688
2 0.682181 0.752660 0.010638 0.017730
2 0.698138 0.836879 0.013298 0.023050
2 0.694814 0.859929 0.030585 0.008865
2 0.779920 0.697695 0.011968 0.017730
2 0.813165 0.686170 0.019947 0.033688
2 0.821144 0.752660 0.025266 0.024823
2 0.829787 0.710993 0.013298 0.015957
2 0.882979 0.685284 0.013298 0.010638
2 0.936170 0.800532 0.010638 0.014184
2 0.946144 0.777482 0.011968 0.010638
2 0.947473 0.743794 0.017287 0.014184
2 0.988032 0.618794 0.023936 0.030142
2 0.712766 0.774823 0.013298 0.012411
2 0.656250 0.790780 0.014628 0.019504
1 0.653590 0.820035 0.017287 0.017730
1 0.375000 0.864362 0.015957 0.021277
1 0.357713 0.838652 0.005319 0.015957
1 0.485372 0.748227 0.013298 0.012411
1 0.535239 0.805851 0.019947 0.024823
2 0.658245 0.699468 0.021277 0.017730
2 0.854388 0.804965 0.009309 0.015957
2 0.908910 0.970745 0.014628 0.021277
2 0.960106 0.989805 0.037234 0.020390
2 0.937500 0.911348 0.015957 0.012411
2 0.942819 0.832447 0.010638 0.014184
2 0.957447 0.857270 0.010638 0.007092
2 0.995346 0.826241 0.009308 0.008865
2 0.932181 0.882979 0.039894 0.023050
2 0.932846 0.858156 0.014628 0.023050
2 0.842420 0.833333 0.017287 0.012411
2 0.811170 0.799645 0.010638 0.019504
2 0.851729 0.733156 0.017287 0.035461
2 0.913564 0.466312 0.007979 0.015957
2 0.922872 0.510638 0.013298 0.026596
2 0.757979 0.793440 0.007979 0.024823
2 0.779255 0.843085 0.034574 0.042553
2 0.511968 0.790780 0.013298 0.026596
2 0.600399 0.898050 0.019947 0.010638
2 0.522606 0.710993 0.015957 0.030142
2 0.447473 0.665780 0.011968 0.014184
2 0.177527 0.930851 0.019947 0.015957
2 0.216090 0.936170 0.011968 0.023050
2 0.256649 0.898050 0.002660 0.003546
2 0.251995 0.899823 0.019947 0.021277
2 0.267952 0.874113 0.017287 0.026596
2 0.371676 0.784574 0.014628 0.014184
2 0.416223 0.804965 0.013298 0.012411
2 0.433511 0.874113 0.013298 0.008865
2 0.410904 0.919326 0.013298 0.039007
2 0.439495 0.911348 0.011968 0.019504
2 0.475399 0.892730 0.019947 0.017730
2 0.463431 0.856383 0.022606 0.023050
2 0.468085 0.794326 0.021277 0.023050
2 0.555186 0.296099 0.017287 0.015957
2 0.650266 0.213652 0.013298 0.028369
2 0.261968 0.117908 0.007979 0.031915
2 0.456782 0.500887 0.014628 0.010638
2 0.413564 0.474291 0.007979 0.014184
2 0.146941 0.900709 0.009309 0.026596
2 0.569814 0.733156 0.011968 0.014184
2 0.553191 0.701241 0.021277 0.017730
2 0.617686 0.765071 0.009309 0.014184
2 0.587101 0.835106 0.017287 0.019504
2 0.570479 0.799645 0.013298 0.023050
2 0.819149 0.867021 0.013298 0.012411
2 0.826463 0.895390 0.011968 0.008865
2 0.824468 0.919326 0.005319 0.010638
2 0.904920 0.812943 0.019947 0.014184
2 0.908245 0.781915 0.021277 0.008865
2 0.871676 0.805851 0.006649 0.007092
2 0.580452 0.893617 0.009309 0.012411
2 0.276596 0.837766 0.021277 0.017730
2 0.230053 0.721631 0.013298 0.026596
2 0.255319 0.660461 0.010638 0.010638
2 0.267952 0.754433 0.027926 0.017730
2 0.285239 0.803191 0.011968 0.008865
2 0.341755 0.783688 0.010638 0.019504
2 0.319149 0.786348 0.021277 0.024823
2 0.998005 0.438830 0.003989 0.017730