1 0.662899 0.205674 0.022606 0.015957
1 0.737367 0.063830 0.006649 0.023050
1 0.936835 0.236702 0.017287 0.014184
1 0.938830 0.425532 0.013298 0.015957
1 0.995346 0.593085 0.009308 0.014184
1 0.629654 0.702128 0.014628 0.019504
1 0.551197 0.769504 0.019947 0.030142
1 0.535239 0.858156 0.017287 0.019504
1 0.740691 0.640957 0.010638 0.010638
1 0.966090 0.924645 0.017287 0.021277
1 0.924867 0.950355 0.014628 0.023050
1 0.537899 0.450355 0.019947 0.026596
1 0.481383 0.450355 0.026596 0.023050
1 0.508644 0.443262 0.011968 0.030142
1 0.797872 0.173759 0.021277 0.040780
1 0.818484 0.054078 0.006649 0.007092
1 0.248005 0.736702 0.017287 0.017730
2 0.412899 0.612589 0.017287 0.028369
2 0.488032 0.791667 0.018617 0.035461
2 0.469415 0.684397 0.026596 0.033688
2 0.375000 0.483156 0.015957 0.031915
2 0.561170 0.676418 0.026596 0.024823
2 0.545213 0.393617 0.015957 0.026596
2 0.591755 0.335106 0.010638 0.023050
2 0.611037 0.382092 0.014628 0.010638
2 0.627660 0.444149 0.015957 0.017730
2 0.633644 0.508865 0.022606 0.023050
2 0.791223 0.415780 0.021277 0.031915
2 0.856383 0.163121 0.015957 0.030142
2 0.253989 0.295213 0.018617 0.028369
2 0.218750 0.826241 0.022606 0.026596
2 0.396277 0.781915 0.023936 0.030142
2 0.461436 0.906915 0.013298 0.031915
2 0.517287 0.648050 0.010638 0.017730
2 0.553191 0.549645 0.026596 0.019504
2 0.629654 0.583333 0.022606 0.026596
2 0.232713 0.491135 0.026596 0.023050
2 0.857713 0.899823 0.007979 0.028369
2 0.851729 0.669326 0.017287 0.035461
2 0.674202 0.319149 0.010638 0.019504
2 0.422872 0.656028 0.010638 0.023050
2 0.390957 0.639184 0.015957 0.010638
2 0.555851 0.964539 0.013298 0.037234
2 0.867021 0.989362 0.005319 0.015957
2 0.916888 0.997784 0.009309 0.004432
2 0.960771 0.995124 0.019947 0.009752
2 0.335771 0.356383 0.006649 0.019504