1 0.110372 0.203310 0.013298 0.023641
1 0.163564 0.035461 0.010638 0.018913
1 0.235372 0.291962 0.015957 0.030733
1 0.319814 0.016548 0.006649 0.014184
1 0.267287 0.531915 0.002660 0.009456
1 0.277926 0.692671 0.007979 0.014184
1 0.323803 0.663121 0.003989 0.011820
1 0.194814 0.488180 0.009309 0.011820
1 0.194814 0.716312 0.006649 0.009456
1 0.154920 0.643026 0.006649 0.014184
1 0.308511 0.789598 0.005319 0.014184
1 0.402926 0.787234 0.007979 0.014184
1 0.394947 0.932624 0.007979 0.007092
1 0.567819 0.913712 0.007979 0.011820
1 0.443484 0.243499 0.009309 0.018913
1 0.589096 0.242317 0.005319 0.007092
1 0.598404 0.269504 0.005319 0.004728
1 0.581117 0.361702 0.007979 0.014184
1 0.552527 0.347518 0.003989 0.014184
1 0.635638 0.380615 0.007979 0.014184
1 0.630984 0.334515 0.006649 0.016548
1 0.675532 0.317967 0.007979 0.016548
1 0.660904 0.141844 0.007979 0.014184
1 0.705452 0.367612 0.006649 0.011820
1 0.682181 0.391253 0.010638 0.011820
1 0.757979 0.393617 0.007979 0.011820
1 0.752660 0.439716 0.007979 0.014184
1 0.561835 0.466903 0.009309 0.011820
1 0.542553 0.596927 0.010638 0.011820
1 0.555851 0.596927 0.007979 0.011820
1 0.590426 0.548463 0.013298 0.023641
1 0.570479 0.504728 0.007979 0.016548
1 0.483378 0.476359 0.011968 0.016548
1 0.380319 0.408983 0.007979 0.018913
1 0.414229 0.573286 0.006649 0.016548
1 0.021941 0.346336 0.003989 0.011820
1 0.638963 0.518913 0.009309 0.021277
1 0.650266 0.596927 0.002660 0.011820
1 0.670878 0.715130 0.006649 0.011820
1 0.631649 0.679669 0.002660 0.007092
1 0.795878 0.588652 0.009309 0.018913
1 0.771277 0.539007 0.015957 0.014184
1 0.821809 0.517730 0.002660 0.009456
0 0.605718 0.117021 0.011968 0.040189
0 0.727394 0.287234 0.015957 0.026005
0 0.710106 0.086288 0.010638 0.026005
0 0.765957 0.212766 0.010638 0.018913
0 0.634973 0.291962 0.014628 0.011820
0 0.459441 0.275414 0.014628 0.035461
0 0.515957 0.265957 0.010638 0.021277
0 0.294548 0.373522 0.014628 0.023641
0 0.565160 0.418440 0.010638 0.018913
0 0.592420 0.797872 0.017287 0.021277
0 0.547872 0.861702 0.010638 0.026005
0 0.696144 0.802600 0.009309 0.026005
0 0.677527 0.638298 0.011968 0.023641
0 0.732048 0.463357 0.011968 0.023641
0 0.732048 0.391253 0.011968 0.016548
0 0.896941 0.395981 0.009309 0.016548
0 0.853723 0.531915 0.007979 0.023641
0 0.867021 0.641844 0.013298 0.021277
3 0.660239 0.443262 0.027926 0.040189
3 0.440160 0.469267 0.018617 0.026005
3 0.509973 0.307329 0.014628 0.028369
2 0.656250 0.880615 0.009309 0.030733
1 0.732713 0.932624 0.005319 0.007092
1 0.750665 0.865248 0.006649 0.014184
1 0.888298 0.873522 0.010638 0.016548
1 0.878324 0.745863 0.006649 0.011820
1 0.922872 0.937352 0.007979 0.021277