0 0.658338 0.254759 0.026135 0.033146
0 0.556476 0.427503 0.020398 0.011474
0 0.673126 0.434302 0.049082 0.049720
1 0.635996 0.474460 0.011155 0.017848
1 0.675835 0.388407 0.016892 0.012324
0 0.460639 0.544025 0.014980 0.034421
0 0.628442 0.697433 0.029959 0.013174
0 0.698273 0.658125 0.009243 0.018698
0 0.459587 0.742053 0.018485 0.012324
0 0.484925 0.822370 0.012430 0.022523
0 0.829296 0.884710 0.022310 0.027197
0 0.891924 0.867500 0.013705 0.019123
2 0.831209 0.907870 0.014661 0.006374
2 0.410792 0.818885 0.006693 0.028472
0 0.357184 0.743881 0.013705 0.018698
0 0.379972 0.939359 0.020398 0.016148
2 0.508733 0.366267 0.012749 0.014448
2 0.491203 0.389852 0.024860 0.012324