1 0.850815 0.577187 0.019297 0.036021
1 0.863036 0.520583 0.010292 0.029160
1 0.746063 0.334789 0.015203 0.031187
1 0.654842 0.507563 0.017542 0.024949
1 0.795182 0.694293 0.010525 0.016373
1 0.796936 0.639716 0.010525 0.027288
1 0.685190 0.696554 0.018127 0.012475
1 0.660689 0.814284 0.012864 0.023390
2 0.616073 0.821301 0.011344 0.018712
1 0.196983 0.820911 0.009356 0.016373
1 0.751033 0.708639 0.015788 0.017932
1 0.748402 0.240137 0.019881 0.026509
1 0.678232 0.020271 0.019881 0.020271
1 0.596367 0.084594 0.017542 0.030407
1 0.969145 0.725012 0.018127 0.025729
2 0.658877 0.710978 0.014619 0.014814
2 0.750975 0.793233 0.012864 0.023390
2 0.748343 0.839233 0.004093 0.004678
2 0.695423 0.830423 0.016373 0.008576
2 0.695423 0.839389 0.016373 0.012475
2 0.680220 0.842897 0.017542 0.010136
2 0.658584 0.854982 0.010525 0.021831
2 0.667648 0.886948 0.026314 0.015593
2 0.684313 0.928271 0.014034 0.018712
2 0.737233 0.929830 0.011110 0.018712
2 0.749513 0.916966 0.011110 0.017932
2 0.750682 0.934508 0.008771 0.018712
2 0.905115 0.794636 0.011695 0.037424
2 0.887572 0.793856 0.012864 0.014034
2 0.977039 0.789568 0.023390 0.024170
2 0.896051 0.829721 0.018127 0.015593
2 0.835529 0.869094 0.009356 0.025729
2 0.815063 0.878060 0.008186 0.031187
2 0.806877 0.366365 0.012864 0.025729
2 0.920318 0.346874 0.014034 0.027288
2 0.577655 0.027678 0.008186 0.022610
2 0.986395 0.509902 0.016373 0.023390
2 0.656771 0.474427 0.011110 0.027288
2 0.724310 0.506393 0.016373 0.014814
2 0.594145 0.640106 0.016373 0.023390
2 0.531576 0.711446 0.022220 0.027288
2 0.512864 0.718073 0.015203 0.021831
2 0.571632 0.868860 0.015788 0.014034
2 0.480119 0.843911 0.017542 0.021831
2 0.405387 0.755809 0.015203 0.012475
2 0.373811 0.950335 0.018712 0.017932
2 0.512397 0.974115 0.015203 0.018712
2 0.479124 0.322782 0.012280 0.024949
2 0.742847 0.072119 0.021636 0.021051
1 0.732613 0.136052 0.018712 0.017932
1 0.816233 0.174645 0.022220 0.032746
1 0.663905 0.652893 0.008771 0.012475
1 0.821320 0.676283 0.015788 0.020271
0 0.930259 0.901996 0.138001 0.192578
1 0.266276 0.794012 0.020466 0.018712
1 0.197860 0.535085 0.011110 0.014814
1 0.135876 0.096289 0.011110 0.013254
1 0.838453 0.247310 0.012864 0.014034
1 0.841085 0.231327 0.012280 0.013254
1 0.897513 0.227429 0.007017 0.014814
1 0.695774 0.404569 0.008186 0.010136
1 0.700745 0.413535 0.006432 0.014034
1 0.770037 0.501247 0.007017 0.014814
1 0.692558 0.475908 0.008771 0.012475
2 0.511461 0.805317 0.008186 0.019492
2 0.376676 0.863402 0.008771 0.021831
2 0.373226 0.598706 0.025729 0.016373
2 0.306039 0.929284 0.013449 0.027288
2 0.204292 0.702012 0.009941 0.017153
2 0.213063 0.694215 0.008771 0.020271
1 0.199029 0.974895 0.008771 0.009356
1 0.154588 0.945267 0.007602 0.014034
2 0.014833 0.610011 0.011110 0.018712
2 0.030914 0.589272 0.009356 0.018712
2 0.044071 0.580695 0.014619 0.017153
2 0.108685 0.337829 0.012864 0.016373
2 0.073308 0.401372 0.011110 0.017153
1 0.656596 0.801029 0.011695 0.012475