1 0.588180 0.875097 0.014034 0.021831
1 0.662736 0.782317 0.013449 0.017153
1 0.267854 0.705130 0.016373 0.028068
2 0.704253 0.570560 0.011110 0.024949
2 0.622096 0.588882 0.009356 0.022610
2 0.577655 0.841962 0.017542 0.017932
1 0.899852 0.608452 0.011695 0.014034
1 0.819156 0.630672 0.009356 0.013254
1 0.877631 0.927335 0.014034 0.014034
2 0.315336 0.661859 0.018712 0.013254
2 0.561983 0.803758 0.010525 0.022610
1 0.526898 0.449322 0.008186 0.024170
1 0.364513 0.904725 0.009941 0.014034
1 0.330598 0.933962 0.009941 0.014814
1 0.307500 0.950335 0.011695 0.014814