0 0.525317 0.409125 0.044254 0.055575
1 0.558748 0.037332 0.015891 0.024216
1 0.962466 0.517607 0.010594 0.014126
1 0.891863 0.758551 0.011351 0.024216
1 0.709868 0.893754 0.015135 0.020180
1 0.898673 0.840278 0.018918 0.024216
1 0.602033 0.514882 0.014378 0.019171
1 0.326052 0.419736 0.010594 0.028251
1 0.341943 0.464131 0.013621 0.018162
1 0.044925 0.946423 0.012864 0.018162
1 0.117571 0.476239 0.012864 0.022198
1 0.361549 0.704631 0.014580 0.020583
1 0.351687 0.640595 0.010292 0.018296
1 0.684162 0.872842 0.012864 0.018296
1 0.767184 0.269996 0.011912 0.024141
1 0.465587 0.777551 0.012864 0.022513
2 0.491454 0.125582 0.007351 0.022053
2 0.485481 0.112105 0.017459 0.009802
2 0.648998 0.171527 0.011486 0.011027
2 0.772130 0.147023 0.011486 0.017153
2 0.722050 0.052683 0.012405 0.014702
2 0.964408 0.139304 0.019297 0.022053
2 0.968084 0.098567 0.008270 0.018990
2 0.804980 0.298334 0.015621 0.014702
2 0.700916 0.412276 0.013324 0.026954
2 0.713321 0.413195 0.014243 0.011639
2 0.867465 0.559851 0.007351 0.020216
2 0.881478 0.347525 0.022513 0.018990
2 0.786143 0.496324 0.010108 0.019603
2 0.874816 0.607817 0.011027 0.019603
2 0.817156 0.531242 0.019756 0.013477
2 0.792346 0.580250 0.015162 0.018378
2 0.757428 0.557584 0.017918 0.026954
2 0.779941 0.668647 0.019756 0.018990
2 0.791197 0.738177 0.012864 0.017153
2 0.799237 0.705097 0.015162 0.013477
2 0.805670 0.686106 0.012405 0.019603
2 0.819453 0.701115 0.011486 0.012864
2 0.840358 0.688863 0.014702 0.016540
2 0.849317 0.767275 0.014243 0.026342
2 0.952003 0.943580 0.007351 0.026342
2 0.894113 0.928571 0.013783 0.019603
2 0.835993 0.866393 0.012405 0.011639
2 0.771900 0.898861 0.011027 0.020216
2 0.752787 0.918464 0.010108 0.023891
2 0.736247 0.929184 0.018378 0.026954
2 0.767260 0.805134 0.011486 0.014090
2 0.743139 0.734685 0.010108 0.023891
2 0.720396 0.745406 0.017000 0.013477
2 0.702846 0.715388 0.011486 0.024504
2 0.727656 0.780017 0.014243 0.012864
2 0.649550 0.860267 0.007811 0.021441
2 0.708818 0.842808 0.013324 0.013477
2 0.622351 0.797476 0.009648 0.020828
2 0.602594 0.820755 0.014243 0.029405
2 0.567906 0.807278 0.011027 0.026954
2 0.600986 0.765315 0.014702 0.018990
2 0.605810 0.746937 0.012405 0.020216
2 0.597770 0.737442 0.010108 0.019603
2 0.591338 0.722740 0.008270 0.024504
2 0.625337 0.718145 0.017459 0.023891
2 0.606500 0.783386 0.013783 0.015927
2 0.586284 0.765009 0.011027 0.015927
2 0.610864 0.624296 0.017000 0.014090
2 0.558579 0.631340 0.025270 0.014702
2 0.556512 0.668096 0.014702 0.022053
2 0.568687 0.661358 0.007811 0.018378
2 0.535607 0.714653 0.017000 0.022053
2 0.519756 0.767643 0.013783 0.020216
2 0.495176 0.767643 0.010567 0.025116
2 0.528715 0.850772 0.017918 0.017153
2 0.543647 0.900392 0.015621 0.012252
2 0.531013 0.894266 0.007811 0.034305
2 0.519297 0.896104 0.006432 0.022053
2 0.519067 0.867312 0.013324 0.020828
2 0.508500 0.865168 0.011486 0.032468
2 0.503446 0.919382 0.016081 0.020828
2 0.507581 0.897329 0.008729 0.019603
2 0.493108 0.863636 0.009189 0.026954
2 0.486906 0.905905 0.011486 0.018378
2 0.476568 0.883852 0.017459 0.013477
2 0.463244 0.810034 0.014702 0.021441
2 0.432691 0.836988 0.011486 0.015315
2 0.425110 0.907743 0.013783 0.022053
2 0.402597 0.913257 0.010108 0.022053
2 0.320954 0.808013 0.019756 0.029405
2 0.466369 0.719554 0.008270 0.022053
2 0.471193 0.699338 0.013324 0.025729
2 0.479692 0.721698 0.011027 0.021441
2 0.464531 0.753553 0.010108 0.021441
2 0.464531 0.736707 0.015621 0.013477
2 0.438802 0.739157 0.020216 0.015927
2 0.401127 0.746202 0.021135 0.010414
2 0.423181 0.708834 0.008270 0.025116
2 0.430072 0.680348 0.014702 0.012252
2 0.404114 0.683717 0.011486 0.010414
2 0.349669 0.719554 0.007351 0.015927
2 0.340251 0.738544 0.017918 0.011027
2 0.343237 0.771931 0.013783 0.022666
2 0.387344 0.781426 0.012864 0.018378
2 0.360007 0.803173 0.012405 0.016540
2 0.365061 0.833190 0.017000 0.012864
2 0.377006 0.856469 0.010567 0.016540
2 0.306481 0.816467 0.008270 0.011027
2 0.325778 0.856285 0.013783 0.014702
2 0.337494 0.876501 0.020675 0.013477
2 0.307170 0.873132 0.014243 0.026342
2 0.326927 0.907437 0.019756 0.017765
2 0.315440 0.930716 0.016081 0.014090
2 0.321184 0.901311 0.026648 0.018990
2 0.266509 0.853835 0.014702 0.017153
2 0.224700 0.868537 0.010108 0.012252
2 0.222173 0.843114 0.012405 0.007964
2 0.208849 0.829025 0.014243 0.027567
2 0.206322 0.849547 0.013783 0.023279
2 0.185647 0.829637 0.007351 0.015315
2 0.168280 0.827800 0.021135 0.018990
2 0.162996 0.855979 0.013324 0.012864
2 0.166672 0.872519 0.018837 0.012864
2 0.159321 0.902842 0.022513 0.023279
2 0.198144 0.900698 0.008270 0.021441
2 0.220886 0.921833 0.011486 0.033080
2 0.207103 0.913563 0.007811 0.026342
2 0.182063 0.907437 0.009189 0.021441
2 0.194698 0.871294 0.009648 0.021441
2 0.144618 0.842196 0.017918 0.030630
2 0.113146 0.906212 0.009189 0.023891
2 0.089485 0.911725 0.008729 0.015315
2 0.021716 0.966246 0.015621 0.014090
2 0.045837 0.788287 0.015162 0.019603
2 0.037797 0.704974 0.015621 0.020828
2 0.048364 0.729784 0.012864 0.018990
2 0.068810 0.752757 0.016081 0.018378
2 0.081904 0.727028 0.013783 0.017153
2 0.097066 0.739586 0.012864 0.025116
2 0.096147 0.774504 0.012864 0.021441
2 0.122795 0.792882 0.009189 0.017765
2 0.136348 0.795945 0.008729 0.020216
2 0.109930 0.700380 0.013783 0.023891
2 0.107633 0.802071 0.012864 0.021441
2 0.178663 0.700870 0.010108 0.022666
2 0.191068 0.690762 0.009189 0.029405
2 0.199338 0.715878 0.015621 0.014702
2 0.222311 0.742833 0.014702 0.015927
2 0.205311 0.745283 0.009189 0.020828
2 0.195893 0.751409 0.009648 0.022053
2 0.230856 0.774871 0.015070 0.007719
2 0.267336 0.764273 0.011946 0.023279
2 0.288701 0.749571 0.015162 0.028179
2 0.251256 0.698113 0.021135 0.015927
2 0.249877 0.594646 0.008270 0.020216
2 0.158218 0.704913 0.017918 0.014090
2 0.206690 0.534918 0.013783 0.020828
2 0.165110 0.511027 0.008729 0.012252
2 0.035086 0.188557 0.009648 0.024504
2 0.250888 0.550845 0.027567 0.012252
2 0.249740 0.566467 0.018837 0.014090
2 0.325319 0.658968 0.015621 0.016540
2 0.260766 0.794352 0.011486 0.022666
2 0.233889 0.789145 0.019297 0.012252
2 0.236645 0.809360 0.021135 0.013477
2 0.229983 0.817937 0.013324 0.013477
2 0.261226 0.817324 0.015162 0.009802
2 0.281901 0.796802 0.022513 0.012864
2 0.279144 0.816099 0.017000 0.017153
2 0.461682 0.580127 0.018378 0.014702
2 0.457547 0.526035 0.011027 0.023891
2 0.429291 0.493568 0.016081 0.015315
2 0.421251 0.515621 0.008270 0.022666
2 0.413211 0.514396 0.009648 0.022666
2 0.358491 0.503676 0.017459 0.019603
2 0.346775 0.562178 0.015162 0.014090
2 0.295363 0.519909 0.016540 0.022666
2 0.295592 0.574430 0.018837 0.014090
2 0.259066 0.516234 0.013783 0.010414
2 0.234945 0.496937 0.016081 0.011027
2 0.384265 0.422078 0.014243 0.012252
2 0.342686 0.387160 0.016540 0.018378
2 0.346131 0.293004 0.010567 0.028792
2 0.553342 0.289267 0.009648 0.022053
2 0.547369 0.272727 0.013324 0.009802
2 0.587800 0.277015 0.013324 0.008576
2 0.613070 0.294781 0.008729 0.024504
2 0.500965 0.246692 0.008729 0.022666
2 0.473398 0.262619 0.009648 0.026342
2 0.460763 0.250980 0.009189 0.018990
2 0.465817 0.273646 0.007351 0.023891
2 0.482128 0.289880 0.014243 0.018378
2 0.637834 0.585334 0.010108 0.025116
2 0.629104 0.604938 0.018378 0.014090
2 0.563404 0.578596 0.010108 0.017765
2 0.520905 0.610757 0.005973 0.022053
2 0.515391 0.608613 0.006892 0.017765
2 0.564782 0.457302 0.009189 0.020216
2 0.573971 0.422691 0.009189 0.022053
2 0.559728 0.420240 0.009189 0.022053
2 0.588903 0.385874 0.008729 0.025116
2 0.612105 0.386792 0.007351 0.022053
2 0.498392 0.401801 0.017000 0.011639
2 0.479049 0.339623 0.015621 0.030630
2 0.458466 0.457118 0.016540 0.009802
2 0.478452 0.493261 0.011486 0.011027
2 0.381049 0.526035 0.011486 0.018990
2 0.380130 0.601384 0.010567 0.012864
2 0.401035 0.609042 0.014702 0.025729
2 0.414130 0.602916 0.012405 0.022053
2 0.415048 0.630850 0.015162 0.015927
2 0.435034 0.642796 0.012864 0.011639
2 0.434115 0.610328 0.011027 0.015315
2 0.507994 0.723475 0.011027 0.022053
2 0.704591 0.647819 0.015162 0.022666
2 0.446061 0.765437 0.012864 0.011639
2 0.670271 0.598260 0.009189 0.014702
2 0.860803 0.364126 0.013324 0.013477
2 0.004104 0.883239 0.008208 0.019603
1 0.297109 0.731928 0.010108 0.014702
1 0.332716 0.762252 0.007811 0.012864
1 0.164329 0.802071 0.011027 0.018990
1 0.375214 0.942661 0.008270 0.014702
1 0.712632 0.616761 0.013783 0.020828
1 0.752604 0.597770 0.009189 0.014702
1 0.765238 0.626256 0.008729 0.011639
1 0.698802 0.575962 0.009648 0.013477
1 0.688465 0.577493 0.010108 0.009189
1 0.771854 0.386119 0.010567 0.015315
1 0.753890 0.218696 0.011027 0.013477
1 0.333910 0.206138 0.009648 0.017765
1 0.222954 0.322164 0.009189 0.012864
1 0.423502 0.393715 0.008729 0.012864
1 0.429934 0.405354 0.009648 0.012864
1 0.391249 0.375031 0.007811 0.008576
1 0.535883 0.994425 0.008729 0.009189