1 0.580988 0.297910 0.015788 0.024170
1 0.625136 0.430844 0.015203 0.018712
1 0.635954 0.570716 0.014619 0.024949
1 0.754074 0.645954 0.015788 0.014814
1 0.775710 0.646733 0.013449 0.016373
1 0.695599 0.651411 0.007602 0.011695
1 0.591513 0.644784 0.018127 0.012475
1 0.483042 0.562139 0.016373 0.017153
1 0.370478 0.755497 0.011110 0.021831
1 0.346211 0.398799 0.016373 0.014814
1 0.494328 0.739825 0.019297 0.019492
1 0.825998 0.695384 0.012280 0.017932
1 0.882602 0.574068 0.012280 0.021051
1 0.894589 0.519102 0.010525 0.015593
1 0.968560 0.648916 0.008771 0.021051
1 0.802199 0.192656 0.011695 0.019492
1 0.190843 0.290426 0.015788 0.013254
1 0.026236 0.682130 0.007017 0.014814
1 0.691681 0.810385 0.011695 0.021831
1 0.227390 0.535163 0.009356 0.017153
2 0.708639 0.021831 0.017542 0.020271
2 0.845178 0.176049 0.014619 0.024949
2 0.914763 0.791673 0.014619 0.015593
2 0.933475 0.795182 0.012280 0.036644
2 0.923242 0.827928 0.016373 0.011695
2 0.868275 0.865352 0.011695 0.019492
2 0.845178 0.876267 0.008771 0.027288
2 0.994581 0.924606 0.009356 0.019492
2 0.964174 0.959301 0.014034 0.020271
2 0.996121 0.787385 0.007758 0.025729
2 0.780271 0.796351 0.012280 0.018712
2 0.773838 0.927335 0.026314 0.024949
2 0.691681 0.854046 0.011695 0.026509
2 0.512572 0.844301 0.018127 0.025729
2 0.406148 0.951895 0.015788 0.019492
2 0.404393 0.602604 0.028653 0.014814
2 0.511110 0.324107 0.009356 0.021051
2 0.486843 0.313582 0.013449 0.018712
2 0.757758 0.508654 0.016373 0.015593
2 0.698581 0.886013 0.018712 0.015593
2 0.948971 0.346484 0.008186 0.020271
2 0.333990 0.928505 0.011110 0.025729
2 0.408311 0.864962 0.008186 0.024949
2 0.563855 0.708639 0.023390 0.025729
2 0.727877 0.836894 0.016958 0.020271
2 0.708580 0.847809 0.015788 0.028068
2 0.606600 0.027288 0.006432 0.020271
2 0.688640 0.712147 0.014034 0.014034
2 0.703551 0.701232 0.007602 0.015593
2 0.602097 0.868470 0.015203 0.016373
2 0.908915 0.584672 0.014619 0.019492
2 0.543622 0.719164 0.014034 0.026509
1 0.226890 0.822447 0.008692 0.015298
1 0.184646 0.949469 0.007649 0.012517
1 0.226195 0.976589 0.009388 0.010199
1 0.541151 0.974462 0.011912 0.015882
1 0.543056 0.802935 0.008100 0.013341
1 0.646687 0.821994 0.007623 0.018423
1 0.635728 0.649133 0.009529 0.012706
1 0.624055 0.645956 0.010006 0.012706
1 0.772473 0.698685 0.013341 0.020329
1 0.648021 0.270821 0.011435 0.019694