0 0.825798 0.384752 0.021277 0.037234
0 0.577128 0.227837 0.010638 0.017730
0 0.372340 0.382979 0.023936 0.019504
0 0.343750 0.268617 0.017287 0.028369
0 0.501330 0.754433 0.023936 0.021277
0 0.429521 0.779255 0.015957 0.024823
0 0.606383 0.951241 0.029255 0.028369
0 0.756649 0.758865 0.013298 0.019504
0 0.831117 0.703014 0.007979 0.010638
0 0.851729 0.764184 0.014628 0.030142
0 0.813165 0.593085 0.017287 0.014184
0 0.686170 0.548759 0.023936 0.021277
0 0.662899 0.597518 0.009309 0.008865
0 0.391622 0.536348 0.027926 0.017730
0 0.286569 0.615248 0.014628 0.019504
0 0.279255 0.651596 0.018617 0.024823
0 0.323803 0.927305 0.022606 0.030142
2 0.652926 0.232270 0.013298 0.026596
2 0.388298 0.300532 0.015957 0.014184
2 0.178856 0.515957 0.014628 0.019504
2 0.210771 0.596631 0.022606 0.031915
2 0.194814 0.629433 0.035904 0.026596
2 0.328457 0.559397 0.015957 0.024823
2 0.331117 0.637411 0.023936 0.014184
2 0.365027 0.585106 0.017287 0.012411
2 0.326463 0.603723 0.009309 0.010638
2 0.304521 0.785461 0.015957 0.023050
2 0.296543 0.750000 0.018617 0.015957
2 0.320479 0.742021 0.010638 0.031915
2 0.263298 0.879433 0.010638 0.023050
2 0.270612 0.828901 0.009309 0.017730
2 0.287234 0.846631 0.013298 0.007092
2 0.241356 0.419326 0.011968 0.010638
2 0.275931 0.417553 0.011968 0.021277
2 0.349069 0.389184 0.006649 0.007092
2 0.157580 0.428191 0.017287 0.017730
2 0.149601 0.460106 0.014628 0.017730
2 0.201463 0.714539 0.014628 0.015957
2 0.214761 0.734929 0.014628 0.007092
2 0.184840 0.817376 0.007979 0.030142
2 0.204122 0.795213 0.011968 0.017730
2 0.239362 0.785461 0.007979 0.008865
2 0.170213 0.721631 0.010638 0.012411
2 0.154255 0.801418 0.013298 0.026596
2 0.168218 0.760638 0.014628 0.012411
2 0.193484 0.757979 0.014628 0.017730
2 0.187500 0.779255 0.015957 0.007092
2 0.353723 0.149823 0.013298 0.017730
2 0.613032 0.140071 0.010638 0.015957