1 0.714580 0.529057 0.015437 0.045969
0 0.316216 0.478130 0.035377 0.067181
1 0.572547 0.652536 0.011486 0.019603
1 0.281212 0.851078 0.014702 0.017765
1 0.272963 0.574357 0.018654 0.019726
1 0.192882 0.573928 0.015437 0.017153
1 0.105081 0.449485 0.018654 0.028302
1 0.036256 0.404889 0.012221 0.019726
1 0.516810 0.683448 0.011578 0.018010
1 0.418332 0.682590 0.008362 0.016295
1 0.444383 0.916724 0.012864 0.018010
2 0.496162 0.631561 0.016081 0.018868
1 0.389065 0.592967 0.015437 0.015437
1 0.225043 0.926158 0.019297 0.023156
1 0.294511 0.657719 0.010292 0.018010
1 0.218932 0.702744 0.010935 0.017153
1 0.201887 0.779074 0.012864 0.015437
1 0.163937 0.716895 0.010292 0.012864
1 0.171977 0.704460 0.012221 0.020583
1 0.160077 0.728902 0.010292 0.012864
1 0.776158 0.724614 0.014151 0.019726
1 0.580489 0.275129 0.010292 0.017153
1 0.377873 0.292710 0.014151 0.018010
2 0.708491 0.131218 0.019297 0.012007
2 0.808512 0.413808 0.010935 0.033448
2 0.889816 0.456604 0.012221 0.018868
2 0.684112 0.536364 0.016081 0.022298
2 0.454095 0.165094 0.026372 0.016295
2 0.608791 0.314322 0.016724 0.014580
2 0.416467 0.629331 0.024443 0.027444
2 0.364687 0.765266 0.010935 0.023156
2 0.348928 0.784991 0.015437 0.014580
2 0.327702 0.833877 0.014151 0.024871
2 0.478859 0.830875 0.019297 0.013722
2 0.479824 0.815437 0.016081 0.012007
2 0.556046 0.769554 0.012864 0.030017
2 0.239966 0.647341 0.009005 0.024014
2 0.140266 0.938508 0.018010 0.018010
2 0.126951 0.348885 0.016081 0.018868
2 0.480660 0.353774 0.010292 0.023156
2 0.391252 0.209262 0.016724 0.015437
2 0.576372 0.084048 0.010292 0.018868
2 0.919597 0.599400 0.014151 0.016295
2 0.755575 0.512779 0.011578 0.014580
2 0.828902 0.863551 0.016724 0.030017
2 0.837907 0.884991 0.011578 0.030017
2 0.856239 0.873842 0.017367 0.023156
2 0.788057 0.677873 0.016081 0.027444
2 0.820862 0.939451 0.014794 0.032590
2 0.705725 0.872985 0.017367 0.014580
2 0.607633 0.911578 0.014151 0.031732
1 0.383469 0.524357 0.013508 0.017153
1 0.496998 0.767925 0.011578 0.020583
1 0.098521 0.956604 0.013508 0.015437
1 0.744768 0.066038 0.019297 0.030875
1 0.344554 0.473328 0.012864 0.016295
1 0.355167 0.538508 0.009648 0.014580
1 0.383791 0.642710 0.010292 0.013722
1 0.276694 0.671870 0.010935 0.017153
1 0.400836 0.651286 0.007075 0.017153
1 0.510506 0.542796 0.010292 0.014580
1 0.445862 0.485763 0.007075 0.012007