1 0.374185 0.774443 0.020583 0.029160
1 0.503165 0.958344 0.017765 0.022053
1 0.382790 0.857878 0.017153 0.020420
1 0.297946 0.596749 0.017765 0.014702
1 0.190435 0.887528 0.017153 0.017969
1 0.444969 0.528465 0.012864 0.019603
1 0.731908 0.713061 0.011639 0.016336
1 0.812771 0.733480 0.010414 0.014702
1 0.964694 0.762477 0.011639 0.015519
1 0.985216 0.685698 0.012252 0.017153
1 0.794393 0.390672 0.011639 0.015519
1 0.730560 0.767704 0.009189 0.013885
1 0.819693 0.779956 0.009802 0.012252
1 0.811423 0.837540 0.010414 0.013069
1 0.852467 0.953851 0.010414 0.013069
1 0.063016 0.063301 0.013477 0.022053
1 0.005166 0.148656 0.010332 0.024504
1 0.245263 0.279343 0.011639 0.019603
0 0.024422 0.419995 0.037981 0.049008
0 0.347076 0.329576 0.027567 0.030221
2 0.254758 0.676550 0.020828 0.018786
2 0.350016 0.617741 0.012864 0.020420
2 0.343890 0.568325 0.009189 0.019603
2 0.326125 0.779057 0.014090 0.026137
2 0.228416 0.927305 0.024504 0.035122
2 0.379421 0.942824 0.015315 0.017153
2 0.444356 0.967328 0.009189 0.026954
2 0.221678 0.739443 0.011027 0.028588
2 0.268847 0.748428 0.011027 0.013885
2 0.276505 0.710038 0.014090 0.010618
2 0.283856 0.689619 0.014090 0.022053
2 0.297333 0.701870 0.017765 0.026954
2 0.314486 0.701054 0.012864 0.020420
2 0.199318 0.749653 0.020216 0.017969
2 0.209119 0.783958 0.016540 0.014702
2 0.182472 0.652454 0.013477 0.029405
2 0.265478 0.585886 0.015315 0.022053
2 0.291820 0.538920 0.018990 0.017969
2 0.116618 0.596096 0.014090 0.035939
2 0.051376 0.663481 0.015927 0.018786
2 0.101609 0.630401 0.025729 0.024504
2 0.106510 0.713714 0.018378 0.016336
2 0.120293 0.734134 0.014090 0.017969
2 0.081393 0.724332 0.018378 0.024504
2 0.103141 0.756596 0.009189 0.018786
2 0.110798 0.793351 0.013477 0.018786
2 0.094258 0.818263 0.011027 0.032672
2 0.062097 0.795393 0.010414 0.031038
2 0.090276 0.759046 0.011639 0.018786
2 0.053827 0.866046 0.013477 0.028588
2 0.037899 0.882790 0.022053 0.021237
2 0.012170 0.904027 0.015927 0.021237
2 0.032692 0.837867 0.014090 0.017969
2 0.016152 0.853794 0.010414 0.031855
2 0.049784 0.629421 0.022053 0.016336
2 0.180573 0.419832 0.015315 0.024504
2 0.048558 0.299926 0.014702 0.027771
2 0.066630 0.435187 0.009189 0.024504
2 0.076738 0.299191 0.012252 0.026954
2 0.100629 0.308993 0.013477 0.023687
2 0.456424 0.134853 0.018378 0.023687
2 0.465613 0.089521 0.012252 0.017969
2 0.254145 0.153230 0.012252 0.017969
2 0.138671 0.181410 0.012864 0.028588
2 0.282325 0.303684 0.014702 0.014702
2 0.493915 0.216695 0.008576 0.022053
2 0.541697 0.208527 0.008576 0.018786
2 0.723944 0.385771 0.017765 0.043290
2 0.895165 0.928122 0.017153 0.018786
2 0.670955 0.545863 0.009802 0.023687
1 0.190129 0.621335 0.015315 0.017153
1 0.168995 0.872090 0.008576 0.013885
1 0.087519 0.519644 0.011027 0.016336
1 0.517806 0.737646 0.012252 0.013885
1 0.535571 0.687822 0.011027 0.012252
1 0.396390 0.717226 0.008576 0.012252
1 0.979274 0.905252 0.014090 0.020420
1 0.961815 0.561709 0.014702 0.015519
1 0.667463 0.443274 0.010414 0.018786
1 0.512722 0.142939 0.015315 0.017969
1 0.357429 0.352855 0.023279 0.017969
2 0.034224 0.709957 0.018378 0.026137
2 0.189210 0.725476 0.019603 0.019603
2 0.075880 0.758148 0.013477 0.016336
2 0.231908 0.566201 0.014090 0.027771
2 0.170036 0.580495 0.017765 0.013885
2 0.298068 0.936699 0.016540 0.009802
2 0.714327 0.596422 0.015927 0.014702
2 0.099159 0.396390 0.009802 0.022053
2 0.080475 0.398432 0.012864 0.024504
2 0.050457 0.426203 0.016540 0.021237
2 0.351977 0.274688 0.021441 0.018786
2 0.891979 0.336519 0.019603 0.021237
2 0.813567 0.429633 0.012252 0.014702
2 0.318161 0.879931 0.014090 0.012252
2 0.244037 0.810096 0.011639 0.021237
1 0.604182 0.624602 0.008576 0.012252
1 0.704954 0.733644 0.007964 0.013069
1 0.924140 0.716491 0.009189 0.011435
1 0.939762 0.688312 0.009802 0.013885
1 0.928429 0.825206 0.007964 0.010618
1 0.731173 0.484767 0.007964 0.010618
1 0.734848 0.469656 0.009189 0.013069
1 0.776199 0.524381 0.008576 0.013069
1 0.826431 0.575431 0.007351 0.010618
1 0.356632 0.536797 0.010414 0.013069
1 0.243609 0.528629 0.008576 0.013069
1 0.266581 0.551907 0.009189 0.010618
1 0.254452 0.908111 0.010414 0.013069
1 0.137446 0.854611 0.012864 0.017153
1 0.192273 0.842767 0.012252 0.013069
1 0.226578 0.603610 0.011027 0.011435
1 0.239137 0.633015 0.007964 0.011435
1 0.235461 0.229111 0.009189 0.012252
1 0.247713 0.393694 0.010414 0.016336
1 0.732398 0.910561 0.010414 0.014702
1 0.658887 0.846034 0.009189 0.014702
1 0.561484 0.601813 0.009189 0.014702
1 0.044638 0.976721 0.009802 0.013069