0 0.256649 0.201241 0.015957 0.021277
0 0.366356 0.170213 0.017287 0.026596
0 0.585771 0.127660 0.009309 0.015957
0 0.477394 0.250887 0.013298 0.021277
0 0.765957 0.148050 0.015957 0.024823
0 0.843085 0.070922 0.015957 0.012411
0 0.630984 0.306738 0.017287 0.023050
0 0.545213 0.324468 0.013298 0.015957
0 0.409574 0.427305 0.015957 0.023050
0 0.499335 0.567376 0.019947 0.030142
0 0.604388 0.561170 0.014628 0.017730
0 0.653590 0.592199 0.009309 0.023050
0 0.556516 0.626773 0.011968 0.021277
0 0.678856 0.439716 0.009309 0.023050
0 0.793883 0.332447 0.018617 0.024823
0 0.728059 0.257979 0.017287 0.024823
0 0.252660 0.703014 0.021277 0.024823
0 0.031915 0.625887 0.007979 0.012411
0 0.024601 0.867021 0.014628 0.026596
0 0.208777 0.830674 0.010638 0.017730
0 0.450133 0.779255 0.014628 0.014184
0 0.597074 0.716312 0.013298 0.030142
0 0.575798 0.812943 0.013298 0.024823
0 0.417553 0.910461 0.021277 0.028369
0 0.630319 0.978723 0.015957 0.008865
0 0.455452 0.984043 0.022606 0.008865
0 0.749335 0.990248 0.019947 0.017730
0 0.719415 0.875887 0.010638 0.026596
0 0.769282 0.852837 0.022606 0.012411
0 0.662899 0.849291 0.017287 0.019504
0 0.809176 0.627660 0.022606 0.026596
0 0.698803 0.602837 0.017287 0.012411
0 0.673537 0.629433 0.014628 0.019504
0 0.640293 0.660461 0.017287 0.010638
0 0.883644 0.436170 0.017287 0.023050
0 0.843085 0.288121 0.013298 0.021277
0 0.988697 0.284574 0.017287 0.021277
0 0.625000 0.362589 0.013298 0.021277
0 0.888298 0.762411 0.013298 0.015957
0 0.949468 0.893617 0.015957 0.026596
0 0.913564 0.729610 0.023936 0.028369
2 0.293883 0.369681 0.026596 0.028369
2 0.101064 0.437943 0.007979 0.019504
2 0.417553 0.310284 0.015957 0.012411
2 0.596410 0.494681 0.019947 0.030142
2 0.974734 0.658688 0.015957 0.017730
2 0.978059 0.700355 0.022606 0.033688
2 0.678856 0.703014 0.011968 0.017730
2 0.435505 0.613475 0.011968 0.019504
2 0.471410 0.580674 0.017287 0.017730
2 0.827793 0.590426 0.025266 0.026596
2 0.927527 0.828014 0.017287 0.026596
2 0.823803 0.850177 0.011968 0.021277
2 0.336436 0.860816 0.015957 0.017730
2 0.361037 0.906028 0.009309 0.019504
2 0.731383 0.292553 0.023936 0.023050
2 0.659574 0.525709 0.007979 0.014184
2 0.720080 0.624113 0.017287 0.037234
2 0.228059 0.874113 0.019947 0.019504
1 0.828457 0.918440 0.010638 0.019504