0 0.521277 0.209220 0.026596 0.023050
0 0.626330 0.243794 0.021277 0.024823
0 0.622340 0.038121 0.010638 0.024823
0 0.651596 0.103723 0.015957 0.021277
0 0.716090 0.074468 0.011968 0.023050
0 0.811835 0.047872 0.011968 0.012411
0 0.813165 0.181738 0.019947 0.021277
0 0.797872 0.272163 0.013298 0.028369
0 0.629654 0.368794 0.014628 0.037234
0 0.670213 0.222518 0.013298 0.017730
0 0.773936 0.205674 0.021277 0.023050
0 0.944814 0.031028 0.019947 0.014184
0 0.644947 0.392730 0.018617 0.017730
0 0.709441 0.526596 0.025266 0.019504
0 0.753324 0.630319 0.019947 0.031915
0 0.643617 0.606383 0.010638 0.033688
0 0.919548 0.615248 0.014628 0.012411
0 0.934840 0.539007 0.021277 0.023050
0 0.962766 0.457447 0.015957 0.026596
0 0.987367 0.702128 0.017287 0.023050
0 0.890957 0.807624 0.015957 0.021277
0 0.918218 0.882979 0.017287 0.026596
0 0.666888 0.838652 0.019947 0.019504
0 0.740691 0.841312 0.010638 0.028369
0 0.517952 0.438830 0.019947 0.024823
0 0.560505 0.395390 0.009309 0.026596
0 0.919548 0.633865 0.011968 0.021277
0 0.531250 0.863475 0.022606 0.015957
0 0.497340 0.957447 0.013298 0.019504
0 0.462766 0.981383 0.013298 0.021277
0 0.563830 0.799645 0.013298 0.019504
0 0.328457 0.677305 0.015957 0.023050
0 0.343750 0.217199 0.009309 0.028369
0 0.218750 0.350177 0.030585 0.035461
1 0.093750 0.575355 0.022606 0.014184
1 0.057846 0.328014 0.009309 0.012411
1 0.305851 0.134752 0.021277 0.019504
1 0.316489 0.097518 0.013298 0.026596
1 0.364362 0.146277 0.018617 0.010638
1 0.527926 0.103723 0.013298 0.014184
1 0.612367 0.332447 0.014628 0.021277
1 0.731383 0.283688 0.010638 0.015957
1 0.994016 0.287234 0.011968 0.015957
1 0.982048 0.450355 0.006649 0.005319
1 0.981383 0.747340 0.013298 0.024823
1 0.869016 0.637411 0.009309 0.031915
1 0.468085 0.789894 0.010638 0.024823
1 0.484707 0.756206 0.009309 0.021277
1 0.644947 0.960993 0.018617 0.030142
1 0.676862 0.970745 0.015957 0.021277
1 0.295878 0.970745 0.011968 0.039007
1 0.226064 0.631206 0.013298 0.019504
1 0.196809 0.620567 0.015957 0.012411
1 0.059840 0.724291 0.029255 0.014184
1 0.047872 0.648050 0.021277 0.024823
1 0.035239 0.582447 0.033245 0.024823
1 0.027926 0.534574 0.015957 0.021277
1 0.047207 0.421099 0.017287 0.031915
1 0.108378 0.396277 0.009309 0.014184
1 0.164894 0.365248 0.013298 0.012411
1 0.141622 0.306738 0.019947 0.012411
1 0.166888 0.334220 0.009309 0.010638
1 0.200133 0.281915 0.009309 0.023050
1 0.190824 0.371454 0.011968 0.017730
1 0.237367 0.288121 0.009309 0.014184
1 0.251995 0.662234 0.022606 0.014184
1 0.194814 0.701241 0.006649 0.014184
1 0.305851 0.891844 0.015957 0.030142
1 0.176197 0.787234 0.014628 0.019504
1 0.130319 0.704787 0.007979 0.014184
1 0.115027 0.671986 0.017287 0.019504
1 0.124335 0.586879 0.014628 0.023050
1 0.160904 0.577128 0.010638 0.017730
1 0.146277 0.539007 0.013298 0.008865
1 0.295213 0.531915 0.005319 0.012411
1 0.579787 0.715426 0.010638 0.007092
1 0.665559 0.738475 0.014628 0.014184
1 0.964761 0.769504 0.014628 0.012411
1 0.571144 0.434397 0.011968 0.023050
1 0.662234 0.436170 0.013298 0.008865
1 0.236702 0.851950 0.015957 0.021277
1 0.087766 0.921099 0.026596 0.031915
1 0.144282 0.870567 0.009309 0.015957
1 0.116356 0.899823 0.011968 0.014184
1 0.100399 0.804078 0.017287 0.024823
1 0.067819 0.776596 0.010638 0.012411
1 0.063830 0.744681 0.007979 0.008865
1 0.086436 0.734929 0.007979 0.024823
1 0.160904 0.701241 0.023936 0.031915
1 0.049202 0.625000 0.021277 0.017730
1 0.340426 0.703901 0.013298 0.015957
1 0.412234 0.799645 0.013298 0.012411
1 0.493351 0.645390 0.010638 0.015957
1 0.563165 0.599291 0.014628 0.012411
1 0.440160 0.538121 0.005319 0.010638
1 0.476729 0.917553 0.019947 0.017730
1 0.517952 0.832447 0.009309 0.021277
1 0.549202 0.891844 0.010638 0.012411
1 0.102394 0.969858 0.007979 0.019504
1 0.152261 0.944149 0.011968 0.021277
1 0.008644 0.926418 0.017287 0.021277
1 0.035239 0.865248 0.011968 0.005319
1 0.051862 0.835993 0.010638 0.014184