0 0.638963 0.595745 0.011968 0.037234
0 0.876995 0.149823 0.017287 0.021277
0 0.916888 0.227837 0.014628 0.021277
0 0.663564 0.164007 0.023936 0.017730
0 0.686170 0.238475 0.018617 0.028369
0 0.791223 0.124113 0.015957 0.033688
0 0.595745 0.603723 0.018617 0.031915
0 0.795213 0.699468 0.015957 0.024823
0 0.507979 0.846631 0.010638 0.028369
0 0.583777 0.641844 0.013298 0.019504
1 0.810505 0.179965 0.006649 0.017730
1 0.819814 0.462766 0.009309 0.019504
1 0.484707 0.707447 0.009309 0.012411
1 0.515293 0.700355 0.006649 0.008865
1 0.746676 0.671986 0.025266 0.015957
1 0.849069 0.625887 0.009309 0.012411
1 0.865691 0.657801 0.010638 0.015957
1 0.886303 0.653369 0.006649 0.014184
1 0.894947 0.612589 0.013298 0.010638
1 0.715426 0.869681 0.015957 0.010638
1 0.605718 0.859929 0.014628 0.015957
1 0.632314 0.789007 0.009309 0.012411
1 0.237367 0.985816 0.011968 0.023050
1 0.438830 0.974291 0.005319 0.014184
1 0.297207 0.655142 0.009309 0.017730
1 0.422872 0.536348 0.005319 0.007092
1 0.350399 0.137411 0.011968 0.017730
1 0.215426 0.190603 0.015957 0.017730
1 0.544548 0.237589 0.009309 0.015957
1 0.607048 0.226950 0.009309 0.008865