1 0.671749 0.458040 0.014294 0.033035
1 0.701766 0.345658 0.018106 0.014612
1 0.771330 0.215425 0.019059 0.023505
1 0.859884 0.211039 0.017918 0.016540
1 0.953152 0.161725 0.014243 0.020828
1 0.810953 0.261149 0.022053 0.012864
1 0.811642 0.368170 0.019756 0.014702
1 0.872519 0.292208 0.022053 0.022053
1 0.766157 0.582272 0.012405 0.023891
1 0.914329 0.690088 0.015621 0.017765
1 0.889978 0.611982 0.013783 0.019603
1 0.852763 0.846484 0.018378 0.012252
1 0.741347 0.841277 0.017000 0.016540
1 0.618813 0.848628 0.012864 0.017765
1 0.458742 0.825962 0.011027 0.027567
1 0.540891 0.653823 0.016540 0.027567
1 0.416932 0.506371 0.011946 0.022053
0 0.772084 0.696398 0.031242 0.023279
2 0.612059 0.259311 0.012221 0.030017
2 0.420791 0.276158 0.019297 0.024504
1 0.629885 0.701728 0.021594 0.018990
2 0.713091 0.625092 0.025729 0.037981
2 0.399152 0.631892 0.008729 0.022666
2 0.464163 0.709691 0.009189 0.025116
2 0.362626 0.576574 0.019297 0.009802
2 0.370896 0.956444 0.009189 0.027567
2 0.874357 0.658356 0.009189 0.018990
2 0.646380 0.669076 0.018378 0.012252
2 0.507004 0.489526 0.007407 0.020791
2 0.359218 0.125422 0.021051 0.009876
1 0.317603 0.706604 0.019940 0.030017
1 0.516810 0.116209 0.016724 0.012864
2 0.034970 0.624271 0.027659 0.021441