0 0.839623 0.406128 0.040932 0.049119
1 0.905699 0.160221 0.014034 0.022610
1 0.863013 0.043661 0.016373 0.023390
1 0.333639 0.954623 0.011344 0.017153
1 0.650632 0.199205 0.009356 0.013254
1 0.663496 0.459145 0.012864 0.017932
2 0.797813 0.115780 0.019297 0.008576
2 0.803953 0.125916 0.011695 0.011695
2 0.813894 0.246375 0.008186 0.020271
2 0.859212 0.271948 0.014619 0.009356
2 0.865936 0.287541 0.010525 0.023390
2 0.921195 0.294558 0.006432 0.021831
2 0.908915 0.367067 0.008771 0.020271
2 0.921488 0.384999 0.010525 0.021831
2 0.899852 0.383050 0.009356 0.021051
2 0.887572 0.420552 0.008186 0.021831
2 0.874708 0.416654 0.010525 0.026509
2 0.877339 0.451817 0.006432 0.016373
2 0.944585 0.577577 0.008771 0.018712
2 0.938153 0.597068 0.013449 0.009356
2 0.920318 0.615391 0.016373 0.014814
2 0.974115 0.587868 0.010525 0.020271
2 0.883479 0.620069 0.021051 0.011695
2 0.878216 0.574848 0.010525 0.019492
2 0.870322 0.659754 0.009941 0.020271
2 0.882017 0.654296 0.006432 0.017153
2 0.920318 0.702635 0.010525 0.010915
2 0.903653 0.715110 0.008771 0.017153
2 0.905992 0.726415 0.009941 0.014814
2 0.939322 0.726025 0.007602 0.018712
2 0.926750 0.733042 0.009356 0.021831
2 0.915932 0.734212 0.011110 0.021051
2 0.910670 0.754093 0.007602 0.014034
2 0.920026 0.751364 0.005263 0.017932
2 0.916225 0.770856 0.011695 0.013254
2 0.898390 0.751364 0.008771 0.013254
2 0.910377 0.806721 0.008186 0.025729
2 0.953064 0.843755 0.007017 0.024949
2 0.982009 0.854670 0.006432 0.015593
2 0.851025 0.684313 0.007602 0.022610
2 0.849563 0.706534 0.016373 0.020271
2 0.833483 0.757212 0.009941 0.020271
2 0.879678 0.793077 0.007602 0.023390
2 0.842839 0.840012 0.015788 0.012475
2 0.994075 0.567909 0.011850 0.017153
2 0.912716 0.510603 0.009356 0.021051
2 0.788457 0.259629 0.008771 0.018712
2 0.776470 0.249493 0.008186 0.017153
2 0.785826 0.271714 0.007017 0.017932
2 0.795182 0.286917 0.012864 0.015593
2 0.784071 0.306409 0.014034 0.009356
2 0.795474 0.342274 0.009941 0.026509
2 0.814361 0.399501 0.016373 0.010915
2 0.778399 0.453376 0.015788 0.008576
2 0.792433 0.465461 0.018127 0.009356
2 0.738636 0.389833 0.014619 0.010915
2 0.664958 0.287697 0.009941 0.023390
2 0.663555 0.382348 0.018127 0.018712
2 0.646597 0.416264 0.012280 0.030407
2 0.704487 0.417823 0.014619 0.014814
2 0.774657 0.518790 0.009941 0.023390
2 0.747174 0.489163 0.015788 0.015593
2 0.740157 0.510214 0.007602 0.020271
2 0.733140 0.509434 0.007602 0.020271
2 0.799216 0.493841 0.009941 0.024949
2 0.780212 0.573756 0.019881 0.014814
2 0.678466 0.500468 0.012864 0.019492
2 0.669402 0.521909 0.011110 0.014034
2 0.667940 0.558553 0.017542 0.014034
2 0.753957 0.606113 0.012280 0.015593
2 0.812139 0.760097 0.009356 0.024170
2 0.754542 0.636130 0.013449 0.010136
2 0.701622 0.597926 0.012864 0.011695
2 0.735537 0.637689 0.011695 0.024170
2 0.735537 0.597146 0.010525 0.024170
2 0.724719 0.678622 0.014619 0.007797
2 0.746647 0.674333 0.014034 0.007017
2 0.741969 0.704351 0.009356 0.021831
2 0.789042 0.693435 0.013449 0.021831
2 0.797228 0.718385 0.006432 0.018712
2 0.785826 0.719554 0.005847 0.021051
2 0.759512 0.729300 0.012864 0.010915
2 0.764190 0.760487 0.011695 0.015593
2 0.707177 0.777639 0.012280 0.015593
2 0.779101 0.803758 0.014619 0.016373
2 0.831144 0.857165 0.007602 0.021831
2 0.843424 0.886403 0.004093 0.028848
2 0.855996 0.890691 0.015203 0.014034
2 0.832606 0.887182 0.008186 0.022610
2 0.816817 0.912521 0.016373 0.020271
2 0.806292 0.848589 0.016373 0.012475
2 0.800444 0.897708 0.010525 0.021831
2 0.801029 0.881335 0.009356 0.017153
2 0.789334 0.874318 0.014034 0.017153
2 0.721152 0.742710 0.022220 0.015593
2 0.718521 0.803134 0.018127 0.028848
2 0.684605 0.831202 0.015788 0.010136
2 0.695423 0.851863 0.014034 0.018712
2 0.718521 0.906830 0.012280 0.019492
2 0.740741 0.903321 0.012280 0.021831
2 0.679343 0.801575 0.014619 0.019492
2 0.662970 0.770388 0.012280 0.027288
2 0.660338 0.735303 0.016373 0.014814
2 0.669694 0.717761 0.011695 0.012475
2 0.646304 0.657415 0.016373 0.018712
2 0.614436 0.515827 0.015788 0.024949
2 0.613851 0.572353 0.020466 0.014814
2 0.576134 0.514658 0.016373 0.017932
2 0.550405 0.493997 0.016373 0.012475
2 0.553095 0.560658 0.017542 0.027288
2 0.567714 0.550133 0.021051 0.015593
2 0.566545 0.593794 0.008186 0.023390
2 0.258966 0.278497 0.012864 0.010915
2 0.522045 0.531109 0.013449 0.020271
2 0.560697 0.698503 0.015203 0.011695
2 0.606600 0.752300 0.013449 0.024170
2 0.629405 0.816233 0.019297 0.014814
2 0.642270 0.857555 0.011110 0.014814
2 0.654257 0.874318 0.016373 0.012475
2 0.624142 0.871199 0.014619 0.024949
2 0.641685 0.908623 0.019297 0.014034
2 0.632621 0.930064 0.015203 0.011695
2 0.635253 0.903555 0.025144 0.016373
2 0.624142 0.892250 0.019297 0.012475
2 0.594613 0.820131 0.018712 0.016373
2 0.600168 0.796741 0.014619 0.011695
2 0.584672 0.765944 0.011695 0.021831
2 0.534383 0.746842 0.011695 0.019492
2 0.518010 0.750351 0.005847 0.020271
2 0.508362 0.755419 0.013449 0.021051
2 0.511286 0.716825 0.014619 0.015593
2 0.502514 0.691486 0.009941 0.019492
2 0.490527 0.705520 0.011695 0.017932
2 0.465207 0.706534 0.021636 0.012475
2 0.549236 0.791673 0.024559 0.015593
2 0.552452 0.812334 0.020466 0.010136
2 0.542511 0.820911 0.015788 0.007017
2 0.579058 0.818182 0.015203 0.009356
2 0.581105 0.854826 0.016958 0.018712
2 0.515028 0.814673 0.016958 0.021051
2 0.527015 0.841182 0.021051 0.022610
2 0.534032 0.871979 0.016373 0.012475
2 0.510350 0.852097 0.021636 0.019492
2 0.526138 0.929674 0.009941 0.023390
2 0.510642 0.906284 0.012864 0.015593
2 0.516782 0.924216 0.007602 0.015593
2 0.491346 0.910572 0.007017 0.022610
2 0.460354 0.912911 0.014034 0.021051
2 0.410065 0.914471 0.010525 0.024170
1 0.383752 0.841182 0.009356 0.010136
1 0.535553 0.314128 0.009356 0.014814
2 0.448951 0.846250 0.014619 0.024949
2 0.429362 0.797521 0.010525 0.022610
2 0.411527 0.811555 0.012280 0.025729
2 0.394862 0.745673 0.012864 0.029627
2 0.379951 0.731249 0.016958 0.025729
2 0.364747 0.759317 0.012280 0.024170
2 0.416205 0.707079 0.009941 0.027288
2 0.477019 0.833385 0.019297 0.017932
2 0.255107 0.706300 0.012864 0.017932
2 0.265925 0.736317 0.012280 0.017153
2 0.248967 0.750741 0.013449 0.017932
2 0.230547 0.818572 0.026898 0.017932
2 0.268848 0.877436 0.009941 0.031187
2 0.284637 0.898487 0.014619 0.021831
2 0.273234 0.838453 0.014034 0.023390
2 0.340480 0.799470 0.015203 0.024949
2 0.333463 0.714876 0.014034 0.024170
2 0.398370 0.780368 0.011695 0.017932
2 0.386676 0.926166 0.014034 0.016373
2 0.471464 0.877826 0.012864 0.013254
2 0.122953 0.797131 0.014034 0.021831
2 0.131140 0.864182 0.012864 0.017153
2 0.152776 0.851707 0.012864 0.015593
2 0.205111 0.790114 0.014619 0.018712
2 0.220607 0.709029 0.007017 0.024949
2 0.242535 0.594418 0.019297 0.029627
2 0.118860 0.909403 0.010525 0.029627
2 0.161254 0.795572 0.014619 0.017153
2 0.171195 0.894979 0.007602 0.019492
2 0.139619 0.897708 0.011110 0.026509
2 0.068806 0.580540 0.012864 0.017153
2 0.045123 0.677608 0.018127 0.021051
1 0.165582 0.676672 0.020466 0.014814
1 0.703201 0.523780 0.008771 0.015593
1 0.681272 0.700764 0.010525 0.010915
1 0.615196 0.730002 0.012864 0.011695
1 0.691096 0.940745 0.010525 0.015593
1 0.846055 0.982847 0.009356 0.012475
1 0.183066 0.359036 0.012864 0.011695
1 0.199731 0.434274 0.013449 0.014034
1 0.182481 0.468579 0.009356 0.017153
1 0.421176 0.471542 0.014034 0.020271
1 0.350129 0.341728 0.007602 0.010136
1 0.272065 0.380321 0.010525 0.012475
1 0.250429 0.571495 0.010525 0.015593
1 0.284344 0.634259 0.011695 0.013254
2 0.054888 0.809606 0.024559 0.015593
2 0.029744 0.771012 0.025729 0.019492
2 0.238208 0.645876 0.011110 0.018712
2 0.191428 0.730080 0.012280 0.010915