0 0.398054 0.361399 0.016780 0.023865
0 0.524741 0.353568 0.018458 0.029085
0 0.445317 0.216347 0.020695 0.017153
0 0.640074 0.437393 0.018458 0.024610
0 0.606794 0.332240 0.013424 0.024610
3 0.717652 0.386308 0.019017 0.028339
2 0.781639 0.425983 0.017898 0.022373
0 0.801495 0.535610 0.016220 0.047729
0 0.753170 0.691849 0.013983 0.033560
1 0.734991 0.541577 0.015661 0.023865
0 0.611101 0.558729 0.009509 0.025356
1 0.621728 0.568424 0.012864 0.017898
3 0.834607 0.564919 0.008390 0.026102
0 0.889981 0.457156 0.011746 0.020881
2 0.800768 0.386382 0.020136 0.012678
2 0.789022 0.294877 0.020136 0.014915
0 0.529383 0.068611 0.019017 0.019390
0 0.415281 0.426728 0.013424 0.023865
0 0.409877 0.446541 0.018225 0.017153
0 0.452223 0.489780 0.015009 0.023585
0 0.549242 0.618425 0.015009 0.026444
0 0.589176 0.678459 0.013401 0.019297
0 0.630450 0.751001 0.010184 0.024300
2 0.555139 0.869783 0.006432 0.025729
2 0.503949 0.769726 0.016617 0.008576
2 0.539380 0.680317 0.009648 0.030732