2 0.940824 0.714539 0.041223 0.072695
2 0.989362 0.737589 0.021276 0.118794
2 0.926197 0.838652 0.107713 0.125887
2 0.259309 0.869681 0.063830 0.035461
2 0.375665 0.900709 0.067819 0.040780
2 0.050532 0.851950 0.023936 0.039007
2 0.094415 0.838652 0.045213 0.062057
2 0.291888 0.642730 0.046543 0.039007
2 0.349069 0.704787 0.025266 0.028369
2 0.376330 0.771277 0.023936 0.033688
2 0.454122 0.768617 0.011968 0.024823
2 0.518617 0.758865 0.021277 0.008865
2 0.725399 0.591312 0.083777 0.102837
2 0.779255 0.735816 0.018617 0.019504
2 0.822473 0.742021 0.019947 0.017730
2 0.900931 0.625000 0.011968 0.035461
2 0.890957 0.719858 0.015957 0.026596
2 0.958112 0.560284 0.014628 0.033688
2 0.936170 0.491135 0.015957 0.019504
2 0.894282 0.418440 0.011968 0.015957
2 0.902926 0.375887 0.015957 0.033688
2 0.851064 0.259752 0.018617 0.021277
2 0.670878 0.319149 0.009309 0.026596
2 0.622340 0.710106 0.013298 0.017730
2 0.489362 0.640071 0.015957 0.026596
2 0.397606 0.595745 0.013298 0.015957
2 0.343085 0.563830 0.018617 0.023050
2 0.300532 0.531915 0.015957 0.030142
2 0.355053 0.503546 0.026596 0.033688
2 0.234043 0.412234 0.013298 0.014184
2 0.170213 0.625000 0.010638 0.014184
2 0.144282 0.563830 0.017287 0.023050
2 0.063165 0.510638 0.017287 0.030142
2 0.075133 0.630319 0.011968 0.021277
2 0.012633 0.620567 0.006649 0.015957
2 0.035239 0.684397 0.014628 0.023050
2 0.026596 0.765071 0.021277 0.035461
2 0.075798 0.723404 0.013298 0.023050
2 0.131649 0.722518 0.013298 0.017730
2 0.182181 0.744681 0.013298 0.030142
2 0.164894 0.771277 0.010638 0.015957
2 0.179521 0.812943 0.010638 0.014184
2 0.277926 0.675532 0.010638 0.030142
2 0.325798 0.640957 0.007979 0.031915
2 0.257979 0.729610 0.018617 0.028369
2 0.306516 0.766844 0.014628 0.014184
2 0.315824 0.825355 0.014628 0.017730
2 0.352394 0.805851 0.010638 0.017730
2 0.438830 0.674645 0.029255 0.021277
2 0.463431 0.723404 0.014628 0.012411
2 0.532580 0.808511 0.027926 0.030142
2 0.587101 0.798759 0.009309 0.014184
2 0.702128 0.794326 0.018617 0.026596
2 0.718750 0.787234 0.014628 0.019504
2 0.694149 0.729610 0.045213 0.046099
2 0.629654 0.445922 0.014628 0.024823
2 0.698803 0.445035 0.019947 0.019504
2 0.813830 0.487589 0.013298 0.023050
2 0.979388 0.518617 0.011968 0.024823
2 0.687500 0.858156 0.132979 0.101064
2 0.851064 0.933511 0.007979 0.053191