1 0.039065 0.268439 0.024443 0.039451
1 0.694511 0.318182 0.023156 0.036021
1 0.818432 0.358419 0.036449 0.016438
1 0.676011 0.022870 0.017689 0.018582
1 0.862654 0.518368 0.012328 0.019297
1 0.849789 0.575186 0.015545 0.024300
1 0.773406 0.583405 0.008576 0.017867
1 0.792167 0.698113 0.013937 0.018582
1 0.740173 0.752358 0.007504 0.015009
1 0.763490 0.706618 0.008040 0.013579
1 0.918400 0.767010 0.005896 0.014294
1 0.681103 0.696612 0.009648 0.010720
1 0.654034 0.799171 0.008040 0.011435
1 0.658591 0.812750 0.012864 0.018582
1 0.552995 0.829903 0.010720 0.024300
1 0.606061 0.847770 0.009648 0.011435
1 0.614369 0.822399 0.011256 0.022156
1 0.512793 0.852058 0.009648 0.017153
1 0.370212 0.953188 0.009648 0.016438
1 0.661271 0.654803 0.006432 0.017153
1 0.194933 0.822756 0.011792 0.017153
1 0.206725 0.979631 0.009648 0.016438
1 0.200293 0.699828 0.007504 0.012864
1 0.195576 0.536735 0.012864 0.017153
1 0.458869 0.740780 0.017153 0.017867
1 0.838372 0.333047 0.012864 0.014294
1 0.970394 0.586264 0.008040 0.022156
1 0.682444 0.911378 0.012328 0.012864
1 0.586496 0.540595 0.012328 0.011435
1 0.600700 0.648871 0.011792 0.015009
1 0.635542 0.520941 0.008576 0.016438
1 0.525604 0.065752 0.008040 0.018582
1 0.418132 0.352487 0.012864 0.021441
1 0.408233 0.478625 0.010885 0.020451
1 0.434457 0.387254 0.007917 0.009236
1 0.663692 0.511875 0.009401 0.020451
1 0.929493 0.923605 0.010391 0.015833
1 0.868139 0.037604 0.011380 0.018472
2 0.478741 0.844241 0.016328 0.024410
2 0.375330 0.863043 0.009401 0.018472
2 0.659437 0.857303 0.010391 0.027048
2 0.734596 0.930862 0.012864 0.019792
2 0.748697 0.928553 0.009401 0.027048
2 0.814009 0.879733 0.009401 0.024410
2 0.973529 0.789682 0.023255 0.019792
2 0.994063 0.819699 0.010885 0.027048
2 0.966849 0.929872 0.009896 0.020451
2 0.868634 0.967806 0.012370 0.015833
2 0.932214 0.964837 0.015833 0.012535
2 0.981198 0.909091 0.003958 0.019792
2 0.990352 0.916018 0.010391 0.012535
2 0.989362 0.927233 0.011380 0.016493
2 0.885209 0.797269 0.013854 0.019132
2 0.902527 0.791661 0.009896 0.022430
2 0.891641 0.830585 0.016823 0.013194
2 0.743452 0.797269 0.018307 0.016493
2 0.303190 0.930664 0.011380 0.027048
2 0.037983 0.787043 0.021276 0.018472
2 0.740484 0.072767 0.017318 0.013854
2 0.816434 0.172120 0.008906 0.025729
2 0.808517 0.169481 0.005937 0.015174
2 0.723908 0.506927 0.013854 0.010555
2 0.476514 0.325835 0.007917 0.021771
2 0.452269 0.348991 0.009896 0.023750
2 0.430400 0.225426 0.012864 0.011215
2 0.372015 0.598166 0.025729 0.015174
2 0.510506 0.718960 0.016328 0.023750
2 0.530792 0.711044 0.018307 0.029028
2 0.591701 0.640454 0.013854 0.026389
2 0.983870 0.510292 0.014844 0.023090
2 0.876946 0.584180 0.017318 0.017812
1 0.689916 0.477636 0.008411 0.010555
1 0.615203 0.410015 0.006432 0.013854
1 0.597143 0.412983 0.005937 0.013194
1 0.537274 0.641839 0.004948 0.009896
1 0.657013 0.711769 0.011875 0.013854
1 0.509269 0.804526 0.005937 0.012535
1 0.544646 0.878414 0.008411 0.013854
1 0.507834 0.977702 0.012370 0.017153
1 0.212050 0.693363 0.008411 0.013194
1 0.233969 0.530017 0.011875 0.010555
1 0.285427 0.484167 0.007917 0.011215
1 0.207003 0.429278 0.008411 0.012535
2 0.836176 0.249967 0.011380 0.013854
2 0.918063 0.347935 0.008906 0.022430
1 0.740434 0.238752 0.013854 0.015174
1 0.652114 0.299116 0.011380 0.015833
1 0.896540 0.228196 0.006432 0.009896
1 0.839144 0.233144 0.009401 0.014514
2 0.965959 0.724172 0.014844 0.021771
1 0.985998 0.881515 0.011380 0.013194
1 0.948641 0.899987 0.009896 0.013194
1 0.946909 0.913511 0.009401 0.008576
2 0.996586 0.888772 0.006828 0.022430
2 0.986987 0.859414 0.015338 0.011215
2 0.837314 0.870431 0.013854 0.019792
2 0.402890 0.759137 0.010885 0.011215
2 0.414517 0.767713 0.010391 0.008576
2 0.417486 0.786515 0.010391 0.009236
2 0.384830 0.767384 0.005443 0.014514
2 0.378645 0.783877 0.007917 0.010555
1 0.039270 0.053767 0.011380 0.023090
1 0.043970 0.476118 0.010885 0.013854
1 0.011166 0.611096 0.010391 0.016493