1 0.522770 0.163808 0.019297 0.032590
1 0.718954 0.239280 0.025729 0.032590
1 0.744683 0.192110 0.018010 0.030875
1 0.899700 0.090051 0.014151 0.025729
1 0.589108 0.589623 0.023156 0.026587
1 0.528323 0.620497 0.018654 0.021441
1 0.580875 0.731990 0.019297 0.019726
1 0.629760 0.731561 0.014151 0.020583
1 0.904160 0.954031 0.011578 0.015437
1 0.120519 0.687221 0.022513 0.019726
1 0.072599 0.269039 0.010292 0.014580
1 0.334906 0.550943 0.014151 0.015437
1 0.475129 0.764923 0.012864 0.012864
1 0.808641 0.896998 0.014794 0.012864
2 0.187414 0.518353 0.013508 0.012007