1 0.762633 0.120567 0.014628 0.030142
1 0.917553 0.150709 0.007979 0.008865
1 0.869016 0.186170 0.009309 0.019504
1 0.792553 0.166667 0.007979 0.012411
1 0.355718 0.470745 0.009309 0.014184
1 0.522606 0.201241 0.026596 0.014184
1 0.881649 0.245567 0.007979 0.010638
1 0.796543 0.248227 0.007979 0.019504
1 0.670878 0.364362 0.014628 0.017730
1 0.625000 0.206560 0.010638 0.010638
1 0.979388 0.257092 0.014628 0.023050
1 0.970080 0.452128 0.009309 0.008865
1 0.960106 0.647163 0.018617 0.030142
1 0.878324 0.640071 0.011968 0.012411
1 0.802527 0.649823 0.009309 0.017730
1 0.253324 0.592199 0.014628 0.019504
1 0.262633 0.609929 0.014628 0.023050
1 0.119681 0.511525 0.013298 0.028369
1 0.241356 0.107270 0.009309 0.014184
0 0.151596 0.079787 0.018617 0.026596
0 0.461436 0.398936 0.015957 0.026596
0 0.673537 0.427305 0.009309 0.015957
1 0.659574 0.460993 0.005319 0.012411
1 0.750000 0.474291 0.010638 0.021277
1 0.690160 0.670213 0.010638 0.008865
1 0.748005 0.893617 0.009309 0.019504
1 0.889628 0.970745 0.007979 0.021277
1 0.827793 0.939716 0.009309 0.012411
1 0.813830 0.390957 0.005319 0.007092
1 0.860372 0.384752 0.010638 0.012411
1 0.428856 0.871454 0.006649 0.014184
1 0.502660 0.796099 0.005319 0.008865
1 0.593085 0.807624 0.010638 0.010638
1 0.132979 0.746454 0.010638 0.019504