0 0.624830 0.880713 0.020129 0.045419
2 0.411216 0.828853 0.018271 0.009084
1 0.759321 0.907345 0.011148 0.011148
1 0.856683 0.736901 0.019819 0.016929
2 0.486777 0.498039 0.005884 0.027251
1 0.505203 0.514761 0.013626 0.014451
2 0.840920 0.440439 0.016413 0.023535
1 0.756472 0.024980 0.010529 0.027664
1 0.682150 0.183038 0.006813 0.016929
1 0.120383 0.661316 0.014025 0.015064
1 0.098177 0.601319 0.010129 0.014545
1 0.197717 0.641837 0.015973 0.012467
1 0.849715 0.450101 0.010839 0.018580
1 0.869225 0.476940 0.004645 0.010322
1 0.806237 0.376853 0.014555 0.022709
1 0.610956 0.021677 0.010219 0.009497
1 0.514276 0.742599 0.011458 0.005368
2 0.865880 0.289938 0.018890 0.008258