2 0.615691 0.276596 0.066489 0.044326
2 0.418218 0.607270 0.014628 0.028369
2 0.375000 0.628546 0.023936 0.024823
2 0.522606 0.341312 0.015957 0.021277
2 0.448803 0.848404 0.025266 0.024823
0 0.767287 0.380319 0.013298 0.028369
0 0.740027 0.047872 0.019947 0.019504
0 0.502660 0.053191 0.013298 0.019504
0 0.797872 0.136525 0.015957 0.030142
0 0.908910 0.183511 0.009309 0.017730
0 0.868351 0.242908 0.018617 0.012411
0 0.964096 0.816489 0.021277 0.021277
0 0.370346 0.898050 0.014628 0.024823
0 0.336436 0.542553 0.023936 0.023050
0 0.693484 0.691489 0.017287 0.026596
0 0.815824 0.788121 0.009309 0.024823
0 0.709441 0.509752 0.022606 0.010638
0 0.783245 0.479610 0.010638 0.007092
2 0.558511 0.360816 0.010638 0.021277
2 0.558511 0.828014 0.021277 0.037234
2 0.761303 0.936170 0.022606 0.023050
2 0.335106 0.811170 0.023936 0.035461
2 0.464761 0.522163 0.022606 0.017730
1 0.476064 0.606383 0.013298 0.019504
1 0.325798 0.462766 0.018617 0.026596
1 0.454787 0.230496 0.013298 0.015957
1 0.496011 0.218972 0.015957 0.017730
1 0.549202 0.089539 0.013298 0.021277
1 0.624335 0.179078 0.019947 0.008865
1 0.554521 0.200355 0.005319 0.015957
1 0.580452 0.186170 0.017287 0.012411
1 0.561835 0.406028 0.009309 0.008865
1 0.556516 0.432624 0.006649 0.012411
1 0.589096 0.500000 0.010638 0.019504
1 0.519282 0.460106 0.025266 0.028369
1 0.265293 0.616135 0.014628 0.024823
1 0.300532 0.652482 0.013298 0.030142
1 0.341755 0.650709 0.013298 0.019504
1 0.450133 0.628546 0.011968 0.017730
1 0.433511 0.680851 0.021277 0.015957
1 0.538564 0.579787 0.010638 0.019504
1 0.561170 0.592199 0.007979 0.033688
1 0.910904 0.641844 0.010638 0.008865
1 0.884309 0.698582 0.005319 0.012411
1 0.781250 0.686170 0.014628 0.030142
1 0.728059 0.671986 0.014628 0.012411
1 0.659574 0.499113 0.013298 0.031915
1 0.197473 0.721631 0.009309 0.030142
1 0.204122 0.768617 0.017287 0.014184
1 0.297207 0.765957 0.009309 0.008865
1 0.514628 0.796986 0.007979 0.010638
1 0.468750 0.797872 0.014628 0.015957
1 0.632314 0.808511 0.019947 0.015957
1 0.834441 0.928191 0.022606 0.017730
1 0.920878 0.958333 0.006649 0.017730