1 0.462766 0.787234 0.007979 0.019504
1 0.658245 0.719858 0.015957 0.023050
2 0.289894 0.691489 0.013298 0.037234
2 0.029255 0.517730 0.021277 0.019504
2 0.314495 0.508865 0.014628 0.030142
2 0.724069 0.198582 0.017287 0.015957
2 0.914894 0.386525 0.010638 0.026596
2 0.473404 0.554078 0.021277 0.024823
1 0.862367 0.461879 0.011968 0.014184
1 0.906250 0.511525 0.011968 0.017730
0 0.636968 0.483156 0.021277 0.017730
0 0.841755 0.321809 0.005319 0.007092
0 0.490691 0.488475 0.015957 0.014184
0 0.325798 0.751773 0.018617 0.019504
0 0.367021 0.765957 0.015957 0.015957
0 0.495346 0.556738 0.022606 0.012411
0 0.686170 0.537234 0.021277 0.015957
3 0.546543 0.382092 0.236702 0.152482