2 0.376758 0.050600 0.018010 0.032590
2 0.536921 0.030017 0.027015 0.022298
2 0.695798 0.126930 0.020583 0.048027
2 0.729245 0.119211 0.025729 0.018868
2 0.735678 0.148370 0.023156 0.022298
2 0.846312 0.391938 0.018010 0.025729
2 0.873328 0.487136 0.033448 0.024014
2 0.610892 0.676672 0.025729 0.042882
2 0.448799 0.773585 0.020583 0.027444
2 0.454588 0.691252 0.016724 0.027444
2 0.592238 0.861921 0.019297 0.025729
2 0.757547 0.964837 0.020583 0.029160
2 0.529846 0.845626 0.023156 0.020583
2 0.772341 0.691252 0.011578 0.037736
1 0.980103 0.927101 0.010292 0.025729
2 0.969811 0.408233 0.012864 0.024014
2 0.846955 0.308748 0.011578 0.024014
1 0.836664 0.481132 0.011578 0.022298
1 0.656792 0.532624 0.015952 0.011938
1 0.685506 0.600343 0.010292 0.017153
1 0.483533 0.394511 0.018010 0.024014
2 0.370969 0.855060 0.016724 0.025729
1 0.522770 0.909091 0.016724 0.020583
1 0.329803 0.919383 0.011578 0.017153