0 0.535987 0.534483 0.129717 0.132835
1 0.848450 0.588050 0.012129 0.027403
1 0.745283 0.507772 0.017520 0.013477
1 0.576381 0.231941 0.013275 0.015274
1 0.768160 0.181491 0.012466 0.013926
1 0.710209 0.142408 0.008423 0.014825
1 0.853100 0.148248 0.013477 0.005840
1 0.930323 0.230458 0.010108 0.007637
1 0.681065 0.391465 0.006739 0.014825
1 0.421833 0.440881 0.015499 0.011231
1 0.299730 0.744385 0.006739 0.018419
1 0.623107 0.856298 0.016447 0.019033
1 0.610365 0.762740 0.009071 0.013707
1 0.627993 0.385986 0.008769 0.005241