0 0.513298 0.028369 0.010638 0.019504
0 0.474734 0.220745 0.018617 0.028369
0 0.538564 0.199468 0.010638 0.024823
0 0.567154 0.290780 0.022606 0.015957
0 0.644282 0.117908 0.014628 0.014184
1 0.920878 0.153369 0.011968 0.010638
0 0.955452 0.177305 0.019947 0.012411
0 0.392287 0.570922 0.013298 0.023050
0 0.417553 0.646277 0.018617 0.024823
0 0.660904 0.791667 0.015957 0.021277
0 0.805851 0.556738 0.018617 0.023050
0 0.599069 0.645390 0.022606 0.015957
0 0.588431 0.679078 0.033245 0.033688
0 0.619681 0.593085 0.039894 0.024823
1 0.612367 0.624113 0.027926 0.023050
1 0.718750 0.312057 0.011968 0.015957
1 0.652261 0.308511 0.006649 0.015957
1 0.611702 0.378546 0.007979 0.024823
1 0.563830 0.381206 0.018617 0.012411
1 0.518617 0.414007 0.007979 0.028369
1 0.329122 0.063830 0.027926 0.015957
1 0.573138 0.429965 0.007979 0.007092
1 0.573138 0.447695 0.002660 0.007092
1 0.586436 0.453014 0.010638 0.010638
1 0.636303 0.456560 0.009309 0.010638
1 0.653590 0.480496 0.011968 0.015957
1 0.445479 0.555851 0.010638 0.017730
1 0.476064 0.504433 0.007979 0.017730
1 0.476064 0.470745 0.015957 0.014184
1 0.481383 0.722518 0.013298 0.021277
1 0.549202 0.727837 0.015957 0.028369
2 0.815824 0.203014 0.035904 0.031915
1 0.695479 0.593085 0.015957 0.024823
1 0.807846 0.435284 0.017287 0.017730
1 0.867021 0.453901 0.005319 0.012411
1 0.641622 0.869681 0.009309 0.017730
1 0.592420 0.958333 0.009309 0.017730
1 0.636968 0.982270 0.015957 0.012411
1 0.603059 0.786348 0.009309 0.017730
1 0.642952 0.670213 0.009309 0.008865
1 0.662234 0.688830 0.013298 0.010638
1 0.727394 0.566489 0.010638 0.017730
1 0.744681 0.595745 0.010638 0.012411
1 0.707447 0.557624 0.010638 0.021277
1 0.738697 0.474291 0.009309 0.014184
1 0.543883 0.609929 0.005319 0.008865
1 0.411569 0.461879 0.014628 0.017730
1 0.312500 0.490248 0.010638 0.017730
1 0.410904 0.931738 0.013298 0.021277
1 0.580452 0.859929 0.003989 0.008865
1 0.815160 0.937943 0.013298 0.012411
1 0.970080 0.693262 0.017287 0.026596
1 0.823803 0.590426 0.019947 0.023050
1 0.913564 0.640071 0.015957 0.023050
1 0.990027 0.468085 0.014628 0.019504
1 0.873670 0.376773 0.015957 0.024823
1 0.924202 0.320035 0.010638 0.017730
1 0.658245 0.430851 0.010638 0.026596
1 0.722074 0.410461 0.013298 0.021277
1 0.505984 0.304965 0.009309 0.012411
1 0.545213 0.324468 0.007979 0.012411
1 0.500665 0.391844 0.011968 0.019504
1 0.667553 0.761525 0.010638 0.017730
1 0.635638 0.955674 0.018617 0.019504
1 0.747340 0.921099 0.010638 0.017730
1 0.821809 0.856383 0.010638 0.019504
1 0.792553 0.501773 0.010638 0.023050
1 0.787899 0.430851 0.009309 0.023050
1 0.653590 0.551418 0.011968 0.019504
1 0.646277 0.529255 0.013298 0.017730
1 0.674867 0.457447 0.011968 0.023050
1 0.660904 0.619681 0.015957 0.024823
1 0.777261 0.704787 0.019947 0.014184