0 0.551252 0.515522 0.009978 0.034672
0 0.572418 0.438115 0.025097 0.032253
0 0.617169 0.457063 0.025701 0.028221
1 0.780146 0.641308 0.011188 0.019352
1 0.758527 0.575391 0.015723 0.011692
1 0.814768 0.547976 0.007257 0.011692
1 0.704554 0.563901 0.008164 0.010482
1 0.703495 0.520763 0.009676 0.016126
1 0.629868 0.529028 0.011188 0.006047
1 0.574958 0.525802 0.009373 0.006047
1 0.510553 0.495767 0.006350 0.008870
1 0.577225 0.602201 0.006047 0.008063
1 0.654904 0.807612 0.016630 0.013304
1 0.597666 0.921706 0.006047 0.008466
0 0.331519 0.648484 0.018747 0.016126
0 0.046021 0.933317 0.014514 0.043138
0 0.275883 0.210652 0.024794 0.019352
1 0.619739 0.153201 0.017537 0.013304
0 0.902697 0.175093 0.014514 0.038703
1 0.876240 0.532374 0.010583 0.019352
1 0.477080 0.331882 0.007862 0.010885