0 0.543726 0.885255 0.022297 0.017342
0 0.616685 0.861514 0.016103 0.019406
0 0.704973 0.900120 0.018271 0.025600
2 0.644742 0.989099 0.016722 0.011148
0 0.956429 0.809282 0.010839 0.025600
0 0.739657 0.719972 0.030658 0.018580
1 0.351171 0.935629 0.005574 0.009910
2 0.302180 0.410422 0.011768 0.013213
0 0.784714 0.447665 0.017961 0.011561
0 0.961538 0.491969 0.015484 0.019406
1 0.933823 0.527891 0.007742 0.019406
1 0.988480 0.389364 0.015484 0.008258
1 0.886442 0.305297 0.014555 0.015690
1 0.623188 0.216978 0.017961 0.028490
2 0.445621 0.193030 0.019819 0.011974
1 0.861142 0.016310 0.015484 0.012800
1 0.903413 0.026426 0.006503 0.014864
2 0.310944 0.687807 0.009600 0.010735