0 0.553191 0.559397 0.018617 0.024823
0 0.762633 0.205674 0.017287 0.023050
0 0.753989 0.371454 0.018617 0.014184
0 0.708112 0.432624 0.019947 0.015957
0 0.571809 0.476064 0.013298 0.024823
0 0.305186 0.028369 0.022606 0.019504
0 0.458777 0.226064 0.013298 0.021277
0 0.463431 0.725177 0.017287 0.019504
0 0.593750 0.740248 0.019947 0.021277
0 0.801197 0.648936 0.014628 0.023050
3 0.359707 0.929965 0.027926 0.024823
3 0.307181 0.843972 0.023936 0.026596
0 0.988697 0.652482 0.011968 0.023050
0 0.910904 0.884752 0.010638 0.023050
0 0.855053 0.921986 0.015957 0.030142
0 0.851064 0.896277 0.015957 0.021277
0 0.714096 0.936170 0.010638 0.019504
0 0.164894 0.979610 0.015957 0.021277
0 0.154255 0.704787 0.015957 0.021277
2 0.541888 0.346631 0.011968 0.031915
2 0.235372 0.750000 0.018617 0.023050
2 0.289894 0.601064 0.021277 0.026596
2 0.354388 0.730496 0.019947 0.019504
2 0.437500 0.687057 0.034574 0.021277
2 0.505319 0.805851 0.015957 0.017730
2 0.563830 0.835993 0.007979 0.017730
2 0.603059 0.804078 0.022606 0.031915
2 0.626995 0.837766 0.019947 0.035461
2 0.661569 0.837766 0.014628 0.028369
2 0.650266 0.789894 0.023936 0.017730
2 0.726729 0.730496 0.014628 0.015957
2 0.724069 0.612589 0.025266 0.021277
2 0.688165 0.559397 0.017287 0.014184
2 0.432846 0.172872 0.017287 0.024823
2 0.619681 0.183511 0.021277 0.024823
2 0.362367 0.076241 0.019947 0.015957
2 0.239362 0.799645 0.015957 0.019504
2 0.361037 0.801418 0.019947 0.015957
2 0.763298 0.731383 0.021277 0.017730
2 0.801862 0.692376 0.021277 0.028369
2 0.799867 0.597518 0.011968 0.026596
2 0.817154 0.606383 0.019947 0.023050
2 0.859707 0.469858 0.014628 0.019504
2 0.939495 0.353723 0.017287 0.014184
2 0.825133 0.664007 0.017287 0.017730
2 0.811170 0.735816 0.015957 0.008865
2 0.833112 0.765071 0.019947 0.014184
2 0.929521 0.761525 0.018617 0.017730
2 0.912234 0.701241 0.015957 0.014184
2 0.750665 0.804078 0.014628 0.028369
2 0.782580 0.781915 0.019947 0.015957
2 0.901596 0.797872 0.013298 0.030142
2 0.968085 0.951241 0.013298 0.028369
2 0.988032 0.866135 0.010638 0.024823
2 0.989362 0.777482 0.013298 0.031915
2 0.753989 0.941489 0.013298 0.030142
2 0.791888 0.935284 0.017287 0.024823
2 0.775266 0.821809 0.007979 0.024823
2 0.722739 0.837766 0.009309 0.014184
2 0.689495 0.881206 0.025266 0.019504
2 0.656250 0.866135 0.009309 0.028369
2 0.676197 0.958333 0.022606 0.028369
2 0.662234 0.910461 0.015957 0.017730
2 0.618351 0.882979 0.013298 0.030142
2 0.615691 0.927305 0.015957 0.023050
2 0.600399 0.954787 0.019947 0.021277
2 0.630984 0.955674 0.025266 0.015957
2 0.433511 0.891844 0.013298 0.033688
2 0.447473 0.916667 0.014628 0.012411
2 0.459441 0.881206 0.022606 0.026596
2 0.515293 0.848404 0.027926 0.010638
2 0.529920 0.812943 0.017287 0.028369
2 0.565824 0.982270 0.019947 0.015957
2 0.286569 0.890071 0.022606 0.019504
2 0.277261 0.720745 0.014628 0.021277
2 0.341090 0.674645 0.011968 0.007092
1 0.338431 0.510638 0.014628 0.015957
1 0.535904 0.406915 0.015957 0.021277
1 0.616356 0.277482 0.009309 0.014184
1 0.523271 0.168440 0.011968 0.012411
1 0.540559 0.195035 0.009309 0.008865
1 0.545213 0.218085 0.010638 0.008865
1 0.501330 0.064716 0.013298 0.014184
1 0.457447 0.158688 0.013298 0.014184
1 0.400931 0.229610 0.019947 0.014184
1 0.418883 0.208333 0.013298 0.014184
1 0.195479 0.273936 0.018617 0.017730
1 0.109043 0.327128 0.013298 0.017730
1 0.304521 0.461879 0.010638 0.010638
1 0.213431 0.510638 0.009309 0.015957
1 0.252660 0.585993 0.007979 0.014184
1 0.279920 0.653369 0.009309 0.017730
1 0.220745 0.648050 0.015957 0.010638
1 0.073138 0.619681 0.015957 0.017730
1 0.117686 0.545213 0.006649 0.010638
1 0.094415 0.727837 0.013298 0.014184
1 0.142287 0.766844 0.013298 0.017730
1 0.113697 0.835106 0.017287 0.019504
1 0.148271 0.820922 0.009309 0.015957
1 0.150266 0.952128 0.010638 0.019504
1 0.196809 0.863475 0.018617 0.015957
1 0.234707 0.821809 0.014628 0.014184
1 0.276596 0.796986 0.013298 0.007092
1 0.633644 0.729610 0.009309 0.010638