0 0.708112 0.348404 0.019947 0.035461
0 0.756649 0.523050 0.013298 0.026596
0 0.710106 0.804965 0.018617 0.019504
1 0.580452 0.343972 0.009309 0.015957
1 0.516622 0.390957 0.011968 0.021277
1 0.528590 0.252660 0.014628 0.010638
1 0.899601 0.045213 0.019947 0.024823
1 0.751330 0.429965 0.010638 0.014184
1 0.728059 0.298759 0.014628 0.017730
1 0.857713 0.501773 0.007979 0.015957
1 0.884973 0.515957 0.009309 0.019504
1 0.636303 0.659574 0.009309 0.012411
1 0.988697 0.942376 0.014628 0.014184
1 0.087766 0.582447 0.015957 0.010638
1 0.119681 0.788121 0.015957 0.021277