2 0.474541 0.587510 0.010006 0.021600
2 0.465488 0.608792 0.017629 0.014612
2 0.446430 0.629121 0.016676 0.010800
2 0.541484 0.651356 0.015247 0.022235
2 0.617480 0.673274 0.018582 0.021600
2 0.680039 0.680071 0.011435 0.029858
2 0.660266 0.701036 0.012864 0.027317
2 0.643352 0.687695 0.016200 0.009529
2 0.639064 0.710565 0.016200 0.012070
2 0.582317 0.737564 0.009053 0.026682
2 0.557541 0.748047 0.014770 0.012070
2 0.460104 0.714313 0.013341 0.011435
2 0.442237 0.746077 0.012864 0.013976
2 0.436758 0.768630 0.008576 0.019694
2 0.449860 0.766089 0.004288 0.015882
2 0.443190 0.785147 0.012864 0.015882
2 0.441760 0.821041 0.010959 0.029223
2 0.405787 0.807382 0.009529 0.024776
2 0.396973 0.634267 0.011912 0.020329
2 0.392685 0.669208 0.012864 0.019059
2 0.372912 0.718442 0.016200 0.017153
2 0.333222 0.767359 0.008100 0.020964
2 0.368004 0.848675 0.018582 0.012070
2 0.347278 0.859158 0.007623 0.021600
2 0.303681 0.723207 0.008100 0.031764
2 0.277714 0.740677 0.017153 0.018423
2 0.240312 0.743218 0.010959 0.014612
2 0.231021 0.778794 0.011435 0.018423
2 0.210295 0.831205 0.016676 0.011435
2 0.187901 0.767041 0.010959 0.017788
2 0.168128 0.791500 0.015247 0.008259
2 0.160743 0.813417 0.018582 0.012706
2 0.137396 0.745442 0.011912 0.020329
2 0.128105 0.793406 0.015247 0.005718
2 0.126199 0.815323 0.019059 0.008894
2 0.086414 0.786100 0.023347 0.011435
2 0.086176 0.803888 0.020011 0.008894
2 0.071882 0.830570 0.017153 0.013976
2 0.052347 0.751795 0.020011 0.017788
2 0.037101 0.693984 0.011435 0.024141
2 0.099041 0.549457 0.025729 0.015882
2 0.141779 0.520869 0.013817 0.015882
2 0.238501 0.604345 0.017629 0.010800
2 0.168938 0.658344 0.015723 0.017153
2 0.184185 0.737437 0.017629 0.010165
2 0.100565 0.696144 0.020964 0.011435
2 0.263039 0.711708 0.007623 0.023505
2 0.299965 0.808589 0.013817 0.026682
2 0.171082 0.847024 0.012388 0.012070
2 0.154644 0.863541 0.010959 0.023505
2 0.183946 0.869894 0.013341 0.012070
2 0.221349 0.852741 0.011912 0.014612
2 0.294581 0.524490 0.013341 0.024141
2 0.260037 0.514008 0.006194 0.015882
2 0.253129 0.518137 0.012388 0.025411
2 0.187139 0.393241 0.014770 0.020329
2 0.307446 0.278826 0.008576 0.022235
2 0.302681 0.257226 0.011435 0.019694
2 0.313401 0.266438 0.009053 0.020329
2 0.326742 0.117845 0.018582 0.013341
2 0.331745 0.131821 0.008576 0.023505
2 0.391303 0.290579 0.012388 0.025411
2 0.400356 0.041293 0.013341 0.026682
2 0.605711 0.269043 0.011435 0.023505
2 0.816070 0.132457 0.018582 0.023505
2 0.738406 0.344895 0.048123 0.027317
2 0.801919 0.955721 0.006670 0.024141
2 0.580411 0.931389 0.017629 0.026047
2 0.593037 0.921860 0.008576 0.023505
2 0.601614 0.821168 0.007623 0.020329
2 0.491074 0.860873 0.013341 0.017153
2 0.467918 0.737628 0.012388 0.018423
2 0.426942 0.724605 0.006670 0.019059
2 0.421940 0.768757 0.010006 0.018423
2 0.357379 0.766533 0.015247 0.013976
2 0.370243 0.896957 0.011435 0.027317
2 0.358332 0.896639 0.007623 0.017788
2 0.344038 0.921415 0.011435 0.020329
2 0.339035 0.895051 0.017629 0.015882
2 0.334270 0.874404 0.008100 0.013976
2 0.316879 0.878216 0.017153 0.008894
2 0.326409 0.904263 0.010482 0.022870
2 0.384775 0.902039 0.014770 0.012070
2 0.388587 0.885522 0.018582 0.009529
2 0.566879 0.783114 0.014770 0.015882
2 0.563306 0.726256 0.012388 0.010165
2 0.719157 0.615717 0.016676 0.016517
2 0.708675 0.565530 0.008100 0.029223
2 0.629582 0.746585 0.014770 0.019059
2 0.690093 0.774538 0.014770 0.026682
2 0.546439 0.847595 0.013341 0.012706
2 0.536910 0.630328 0.014294 0.011435
2 0.399212 0.582365 0.010482 0.018423
2 0.506893 0.600470 0.010482 0.019059
2 0.411457 0.425704 0.007147 0.022235
2 0.424084 0.389175 0.007623 0.022870
2 0.447430 0.386634 0.007623 0.025411
2 0.400308 0.456832 0.008100 0.017153
2 0.537768 0.415857 0.015247 0.027952
2 0.317261 0.502636 0.008576 0.020329
2 0.300584 0.461978 0.018106 0.013976
2 0.299870 0.578870 0.011912 0.017788
2 0.201004 0.506448 0.015247 0.020329
2 0.189569 0.562988 0.013341 0.013976
2 0.271044 0.638269 0.020011 0.013341
2 0.266756 0.495648 0.016200 0.015247
2 0.226256 0.425449 0.013341 0.010800
2 0.140731 0.575694 0.016676 0.017788
2 0.246029 0.910298 0.014770 0.024776
2 0.164554 0.925227 0.018582 0.015247
2 0.174322 0.904898 0.017153 0.016517
2 0.266279 0.903310 0.009529 0.018423
1 0.810304 0.522648 0.012388 0.017153
1 0.858427 0.941109 0.020964 0.019059
1 0.742885 0.847405 0.012864 0.020964
1 0.736453 0.768312 0.010482 0.025411
1 0.680230 0.869640 0.014294 0.024776
1 0.743123 0.941109 0.020964 0.022870
3 0.549441 0.619910 0.015723 0.020329
1 0.521806 0.876437 0.009053 0.016517
1 0.472254 0.463503 0.014770 0.016517
1 0.455101 0.488597 0.009053 0.027317
1 0.446763 0.484150 0.011435 0.027317
1 0.436996 0.518137 0.006194 0.024141
0 0.363620 0.413061 0.043358 0.050823
0 0.675227 0.362874 0.029064 0.025411
1 0.303681 0.775618 0.010959 0.012070
2 0.014707 0.894734 0.017153 0.029223
2 0.070453 0.854393 0.020011 0.019694