2 0.591755 0.166667 0.013298 0.026005
2 0.599734 0.078014 0.010638 0.014184
2 0.696809 0.075650 0.015957 0.014184
2 0.573803 0.523641 0.019947 0.030733
2 0.831782 0.890071 0.014628 0.016548
1 0.240027 0.416076 0.017287 0.028369
1 0.410239 0.730496 0.009309 0.023641
1 0.261303 0.556738 0.006649 0.007092
1 0.346410 0.830969 0.003989 0.016548
1 0.634309 0.937352 0.005319 0.016548
3 0.758644 0.767139 0.011968 0.021277
1 0.664894 0.717494 0.007979 0.016548
1 0.619681 0.295508 0.007979 0.014184
1 0.680186 0.244681 0.006649 0.016548
1 0.916223 0.106383 0.007979 0.023641
1 0.828457 0.273050 0.007979 0.026005