1 0.445205 0.099411 0.017339 0.027593
1 0.642479 0.069207 0.021254 0.023865
1 0.615352 0.129987 0.019576 0.015661
1 0.735047 0.143038 0.021814 0.022373
1 0.818387 0.216123 0.021814 0.020881
1 0.877675 0.263480 0.024051 0.017153
1 0.684428 0.408904 0.011187 0.017153
1 0.652826 0.571929 0.011746 0.032068
1 0.692259 0.639794 0.017898 0.024610
1 0.618148 0.730703 0.016220 0.017898
1 0.613394 0.775822 0.016780 0.024610
1 0.723302 0.835484 0.026288 0.018644
1 0.871075 0.988776 0.013983 0.022448
1 0.812122 0.978298 0.012864 0.022373
1 0.938250 0.951823 0.010068 0.017153
1 0.551756 0.785517 0.016780 0.018644
1 0.433123 0.831382 0.016220 0.022373
1 0.411310 0.921247 0.013983 0.024610
1 0.154299 0.684839 0.016780 0.021627
1 0.667760 0.729510 0.010068 0.017898
1 0.079350 0.390559 0.023492 0.020136
2 0.292882 0.838843 0.018712 0.021051
2 0.507426 0.647825 0.027483 0.021051
2 0.667999 0.653906 0.009941 0.019492
2 0.825337 0.043372 0.009556 0.024994
2 0.752708 0.127665 0.008086 0.023034
2 0.572237 0.059054 0.011027 0.022053
2 0.534967 0.204607 0.017643 0.012252
2 0.424185 0.264641 0.012497 0.017643
2 0.427677 0.275178 0.014335 0.009311