0 0.581117 0.062057 0.015957 0.019504
0 0.593085 0.156915 0.013298 0.021277
0 0.679521 0.201241 0.013298 0.021277
0 0.688165 0.239362 0.022606 0.019504
0 0.715426 0.479610 0.015957 0.021277
0 0.709441 0.384752 0.017287 0.023050
0 0.650931 0.409574 0.019947 0.019504
0 0.736702 0.552305 0.013298 0.024823
0 0.764628 0.530142 0.018617 0.019504
0 0.770612 0.589539 0.014628 0.028369
0 0.720080 0.691489 0.011968 0.026596
0 0.634973 0.703014 0.019947 0.021277
0 0.655585 0.847518 0.013298 0.023050
0 0.532580 0.836879 0.019947 0.015957
0 0.599734 0.859929 0.007979 0.026596
0 0.515293 0.855496 0.011968 0.021277
0 0.533910 0.988032 0.014628 0.023936
0 0.572473 0.850177 0.014628 0.017730
0 0.579787 0.940603 0.013298 0.010638
0 0.526596 0.629433 0.021277 0.030142
0 0.509309 0.563830 0.013298 0.030142
0 0.487367 0.511525 0.019947 0.021277
0 0.823138 0.295213 0.013298 0.021277
0 0.859043 0.249113 0.015957 0.021277
0 0.898936 0.245567 0.013298 0.017730
0 0.279255 0.526596 0.013298 0.030142
0 0.443484 0.953901 0.014628 0.026596
0 0.136968 0.916667 0.010638 0.023050
0 0.258644 0.838652 0.014628 0.026596
0 0.489362 0.739362 0.007979 0.008865
0 0.620346 0.581560 0.009309 0.019504
2 0.553191 0.692376 0.005319 0.028369
2 0.795878 0.824468 0.017287 0.019504
2 0.819814 0.757092 0.011968 0.026596
2 0.801862 0.781915 0.015957 0.023050
2 0.888963 0.709220 0.014628 0.012411
2 0.908245 0.744681 0.005319 0.015957
2 0.976064 0.731383 0.013298 0.024823
2 0.981383 0.802305 0.013298 0.028369
2 0.928191 0.312943 0.013298 0.021277
2 0.857713 0.330674 0.015957 0.017730
2 0.882314 0.270390 0.014628 0.024823
2 0.871676 0.212766 0.014628 0.015957
2 0.915559 0.143617 0.009309 0.019504
2 0.930851 0.165780 0.010638 0.021277
2 0.948138 0.320035 0.018617 0.014184
2 0.928191 0.386525 0.015957 0.019504
2 0.902926 0.318262 0.021277 0.028369
2 0.962101 0.426418 0.006649 0.028369
2 0.997340 0.299645 0.005319 0.023050
2 0.464096 0.539894 0.021277 0.031915
2 0.148271 0.627660 0.011968 0.026596
0 0.163564 0.679965 0.018617 0.017730
0 0.228059 0.061170 0.014628 0.024823
0 0.351729 0.096631 0.006649 0.010638
1 0.944814 0.753546 0.009309 0.019504
1 0.901596 0.812943 0.007979 0.003546
1 0.931516 0.799645 0.009309 0.019504
1 0.946144 0.615248 0.009309 0.015957
1 0.889628 0.681738 0.007979 0.010638
1 0.789229 0.749113 0.006649 0.014184
1 0.692819 0.830674 0.007979 0.010638
1 0.698803 0.868794 0.019947 0.012411
1 0.371011 0.938830 0.021277 0.021277
1 0.343750 0.992465 0.006649 0.015070
2 0.471410 0.958333 0.011968 0.028369
2 0.192154 0.854610 0.019947 0.019504
2 0.347074 0.835106 0.013298 0.023050
2 0.299867 0.766844 0.011968 0.017730
2 0.386968 0.604610 0.015957 0.015957
2 0.426862 0.539894 0.010638 0.014184
1 0.581782 0.424645 0.006649 0.021277
1 0.553856 0.462766 0.006649 0.012411
1 0.562500 0.496454 0.005319 0.008865
1 0.587101 0.337766 0.017287 0.021277
1 0.622340 0.373227 0.010638 0.017730
1 0.653590 0.353723 0.014628 0.014184
1 0.662234 0.284574 0.005319 0.010638
1 0.643617 0.605496 0.007979 0.010638
1 0.557846 0.641844 0.006649 0.008865
1 0.594415 0.609043 0.007979 0.010638
1 0.696809 0.644504 0.010638 0.024823
2 0.857713 0.482270 0.015957 0.023050
2 0.813165 0.456560 0.017287 0.014184
2 0.765957 0.408688 0.015957 0.017730
2 0.937500 0.108156 0.018617 0.023050
2 0.831117 0.109043 0.013298 0.014184
2 0.826463 0.230496 0.014628 0.023050
2 0.926862 0.210993 0.010638 0.019504
2 0.560505 0.287234 0.011968 0.023050
2 0.412234 0.032801 0.010638 0.017730