2 0.557846 0.120567 0.022606 0.023050
2 0.824468 0.436170 0.010638 0.019504
0 0.727394 0.828901 0.021277 0.046099
0 0.654255 0.570922 0.015957 0.026596
0 0.687500 0.579787 0.015957 0.023050
0 0.635638 0.652482 0.015957 0.023050
0 0.124335 0.689716 0.022606 0.033688
0 0.207447 0.393617 0.015957 0.019504
0 0.047872 0.393617 0.021277 0.019504
0 0.195479 0.677305 0.010638 0.015957
0 0.246676 0.716312 0.011968 0.015957
0 0.807846 0.898050 0.009309 0.021277
0 0.762633 0.405142 0.017287 0.017730
0 0.424202 0.288121 0.013298 0.021277
0 0.421543 0.244681 0.018617 0.019504
0 0.637633 0.317376 0.009309 0.015957
0 0.666888 0.415780 0.009309 0.017730
1 0.099069 0.507979 0.014628 0.017730
1 0.363697 0.464539 0.019947 0.044326
1 0.391622 0.437943 0.027926 0.051418
1 0.523936 0.051418 0.015957 0.012411
1 0.712101 0.010195 0.011968 0.020390
1 0.581782 0.721631 0.011968 0.015957
1 0.662234 0.747340 0.010638 0.021277
1 0.672207 0.717199 0.019947 0.010638
1 0.135638 0.542553 0.010638 0.012411
1 0.091090 0.542553 0.009309 0.015957
1 0.119681 0.531915 0.010638 0.030142
1 0.022606 0.883865 0.015957 0.042553