0 0.636303 0.112293 0.014628 0.026005
0 0.452128 0.228132 0.015957 0.016548
0 0.601729 0.336879 0.017287 0.030733
0 0.617686 0.374704 0.014628 0.044917
0 0.574468 0.784870 0.018617 0.028369
0 0.614362 0.546099 0.015957 0.023641
0 0.594415 0.605201 0.013298 0.028369
0 0.707447 0.630024 0.018617 0.026005
0 0.845080 0.604019 0.009309 0.026005
0 0.092420 0.262411 0.014628 0.023641
0 0.128989 0.501182 0.015957 0.018913
1 0.214096 0.326241 0.013298 0.023641
1 0.164229 0.977541 0.014628 0.030733
1 0.371011 0.481087 0.015957 0.021277
1 0.218750 0.449173 0.011968 0.018913
1 0.237367 0.462175 0.017287 0.011820
1 0.442819 0.906619 0.013298 0.021277
1 0.448803 0.456265 0.011968 0.023641
1 0.545213 0.309693 0.007979 0.018913
1 0.732713 0.010638 0.013298 0.021276
1 0.674202 0.619385 0.015957 0.018913
1 0.587766 0.986998 0.013298 0.021277
1 0.496676 0.936170 0.006649 0.018913
1 0.576463 0.459811 0.009309 0.016548
1 0.494681 0.082742 0.013298 0.023641
1 0.360372 0.189125 0.013298 0.014184
1 0.700798 0.752955 0.010638 0.026005
1 0.585106 0.549645 0.007979 0.011820
1 0.568484 0.601655 0.006649 0.016548
1 0.559840 0.652482 0.007979 0.014184
1 0.419548 0.483452 0.011968 0.007092
1 0.505984 0.496454 0.006649 0.009456
1 0.499335 0.613475 0.009309 0.011820
1 0.503989 0.654846 0.005319 0.009456
1 0.474069 0.530733 0.006649 0.011820
1 0.495346 0.534279 0.017287 0.014184
1 0.263963 0.628842 0.009309 0.014184
1 0.750000 0.991726 0.010638 0.016548
1 0.567154 0.879433 0.009309 0.014184
1 0.474069 0.768322 0.006649 0.018913
1 0.388298 0.760047 0.005319 0.016548