0 0.750472 0.624357 0.106775 0.161235
1 0.835377 0.693825 0.011578 0.029160
2 0.620540 0.832762 0.027015 0.022298
1 0.725386 0.186106 0.018010 0.025729
2 0.536278 0.485420 0.012864 0.041166
1 0.082804 0.249571 0.014151 0.022298
1 0.008190 0.430532 0.014151 0.027444
1 0.067367 0.662950 0.019297 0.025729
1 0.118825 0.845626 0.029588 0.034305
2 0.062221 0.835334 0.034734 0.027444
1 0.077015 0.863636 0.023156 0.022298
0 0.875257 0.907376 0.032161 0.048027
1 0.522770 0.303602 0.016724 0.020583
1 0.440437 0.218696 0.014151 0.018868
1 0.601887 0.800172 0.018010 0.022298
1 0.100815 0.688679 0.016724 0.022298
1 0.089237 0.516295 0.019297 0.024014