2 0.813830 0.365248 0.015957 0.030142
2 0.821809 0.453901 0.018617 0.030142
2 0.833777 0.571809 0.013298 0.031915
2 0.926197 0.487589 0.017287 0.026596
2 0.871676 0.702128 0.014628 0.030142
2 0.587101 0.731383 0.019947 0.031915
2 0.716090 0.658688 0.025266 0.017730
2 0.684840 0.617908 0.010638 0.021277
2 0.289229 0.626773 0.017287 0.031915
2 0.482713 0.137411 0.010638 0.024823
2 0.055851 0.612589 0.026596 0.021277
2 0.050532 0.651596 0.031915 0.021277
1 0.115691 0.611702 0.015957 0.026596
1 0.682181 0.881206 0.026596 0.030142
1 0.958112 0.744681 0.009309 0.015957
1 0.978723 0.764184 0.007979 0.008865
1 0.915559 0.736702 0.022606 0.017730
1 0.983378 0.593972 0.014628 0.015957
1 0.396941 0.258865 0.019947 0.019504
1 0.404920 0.979610 0.017287 0.024823
1 0.501330 0.978723 0.015957 0.015957
1 0.640957 0.750887 0.015957 0.024823
1 0.521277 0.947695 0.015957 0.039007
1 0.546543 0.908688 0.007979 0.007092
1 0.488032 0.939716 0.013298 0.019504
1 0.232048 0.869681 0.014628 0.010638
1 0.165559 0.882092 0.014628 0.010638
1 0.083777 0.898936 0.015957 0.023050
1 0.047207 0.837766 0.009309 0.000000
1 0.034574 0.990248 0.013298 0.010638
1 0.021277 0.704787 0.015957 0.010638
1 0.132979 0.448582 0.031915 0.015957
1 0.193484 0.343085 0.022606 0.028369
1 0.839761 0.179965 0.014628 0.024823
1 0.937500 0.122340 0.018617 0.015957
1 0.893617 0.237589 0.005319 0.012411
1 0.714096 0.238475 0.010638 0.017730
1 0.389628 0.475177 0.005319 0.005319