0 0.511535 0.512873 0.018794 0.041765
0 0.492372 0.541863 0.021742 0.021128
0 0.601820 0.502064 0.026902 0.019163
0 0.678140 0.466195 0.021374 0.016215
0 0.732127 0.681162 0.021742 0.026533
0 0.706147 0.748231 0.023585 0.032921
0 0.688827 0.761743 0.023585 0.030464
0 0.817807 0.577486 0.013267 0.041274
1 0.865087 0.741647 0.014372 0.028007
1 0.883144 0.908461 0.012898 0.025550
1 0.923681 0.491794 0.016583 0.019654
1 0.964402 0.457891 0.010318 0.008844
1 0.837080 0.398683 0.015846 0.020145
1 0.850162 0.433815 0.010318 0.011792
1 0.305019 0.307881 0.012161 0.036851
1 0.322782 0.770784 0.014372 0.014741
0 0.465581 0.909739 0.018426 0.042256
1 0.478320 0.457144 0.010583 0.024190
1 0.556332 0.467828 0.004536 0.011692
1 0.441733 0.486172 0.008164 0.010482
1 0.351294 0.173924 0.009676 0.009273
1 0.277213 0.240647 0.012700 0.011289
0 0.926494 0.033114 0.031089 0.018106