0 0.675214 0.668096 0.113208 0.310463
1 0.577444 0.225557 0.023156 0.022298
1 0.655039 0.101973 0.012221 0.023156
1 0.708877 0.242024 0.012864 0.020583
1 0.776737 0.190566 0.010935 0.020583
1 0.217003 0.036021 0.018654 0.018868
1 0.510828 0.246827 0.009648 0.020583
1 0.831475 0.410377 0.011578 0.024871
1 0.961728 0.118096 0.016081 0.014580
1 0.749464 0.819811 0.009648 0.021441
1 0.765223 0.860120 0.018010 0.016295
1 0.819254 0.963894 0.010292 0.021441
1 0.615802 0.935163 0.016081 0.013722
1 0.586857 0.771784 0.012221 0.024871
1 0.530896 0.905575 0.013508 0.012864
1 0.431840 0.947599 0.012221 0.019726
1 0.577852 0.608233 0.021226 0.015437
1 0.574314 0.588079 0.015437 0.021441
1 0.534112 0.563636 0.012221 0.022298
1 0.389065 0.526329 0.010292 0.019726
1 0.376201 0.582504 0.015437 0.022298
1 0.317860 0.704460 0.014794 0.020583
1 0.264794 0.704460 0.014151 0.018868
1 0.149850 0.819811 0.012221 0.018010
1 0.191981 0.811664 0.010292 0.017153
1 0.014451 0.731475 0.015437 0.012864
1 0.063015 0.959177 0.009648 0.015437
1 0.654074 0.796655 0.015437 0.014580
1 0.660184 0.824099 0.014794 0.028302
1 0.712157 0.705232 0.012221 0.026587
1 0.726308 0.593310 0.008362 0.022298
1 0.755253 0.690738 0.009648 0.017153
1 0.783233 0.511063 0.010292 0.009434
1 0.981990 0.196655 0.011578 0.019726
2 0.501630 0.741767 0.019297 0.023156
2 0.511278 0.809091 0.023156 0.020583
2 0.559841 0.793654 0.016081 0.020583
2 0.536364 0.838250 0.011578 0.027444
2 0.570776 0.840823 0.008362 0.024014
2 0.561128 0.871269 0.009648 0.026587
2 0.569385 0.911581 0.012450 0.013833
2 0.547806 0.910474 0.010790 0.017153
2 0.537847 0.943120 0.013279 0.011620
2 0.523737 0.936203 0.009960 0.022132
2 0.510043 0.954186 0.009130 0.020473
2 0.475599 0.986278 0.015769 0.013833
2 0.585985 0.965252 0.007470 0.020473
2 0.595737 0.889448 0.019504 0.009406
2 0.626944 0.982405 0.016184 0.014939
2 0.645410 0.986831 0.009960 0.012726
2 0.632961 0.841034 0.008300 0.014386
2 0.663462 0.939523 0.011205 0.009960
2 0.678609 0.946163 0.013279 0.016599
2 0.701848 0.940630 0.013279 0.021026
2 0.843772 0.769380 0.011620 0.021579
2 0.883030 0.958889 0.009960 0.024346
2 0.938223 0.896088 0.013279 0.011620
2 0.959802 0.920710 0.010790 0.025452
2 0.947767 0.779063 0.015769 0.016599
2 0.958142 0.760803 0.013279 0.012173
2 0.974534 0.745034 0.017844 0.009406
2 0.947560 0.519726 0.008715 0.026006
2 0.275867 0.082720 0.013362 0.019366
2 0.343344 0.176783 0.012864 0.022686
2 0.268190 0.245062 0.010790 0.011620
2 0.452899 0.352459 0.013694 0.027666
2 0.520542 0.517844 0.015354 0.023792
2 0.344755 0.685221 0.016184 0.014386
2 0.415717 0.810712 0.012035 0.017706
2 0.434806 0.812649 0.010375 0.032645
2 0.424224 0.846124 0.015769 0.012173
2 0.365919 0.879323 0.007055 0.016599
2 0.345170 0.891496 0.007885 0.032092
2 0.268315 0.933271 0.012035 0.018259
2 0.279934 0.931334 0.012035 0.027666
2 0.201627 0.884026 0.019089 0.022686
2 0.192082 0.852211 0.007470 0.022132
2 0.033973 0.831185 0.014939 0.022132
2 0.066135 0.707796 0.031124 0.025452
1 0.123817 0.646877 0.010375 0.015382
2 0.210964 0.522437 0.013694 0.012173
2 0.249142 0.513860 0.012035 0.010513
2 0.996334 0.542799 0.007331 0.033199
2 0.949925 0.615559 0.015769 0.010513
2 0.533946 0.885575 0.009130 0.020473
2 0.270929 0.801195 0.013279 0.014386
2 0.404886 0.594755 0.009960 0.011620
2 0.418041 0.628673 0.014524 0.015493
2 0.124232 0.050241 0.009545 0.018813
2 0.827215 0.705583 0.010375 0.014386
1 0.913946 0.892768 0.007055 0.011620
1 0.925981 0.838267 0.007055 0.008853
1 0.872240 0.737564 0.005810 0.011066
1 0.486638 0.934543 0.006640 0.011066
1 0.487882 0.923200 0.008300 0.012726
1 0.376542 0.835777 0.005395 0.011620
1 0.186687 0.712776 0.012450 0.013279
1 0.190422 0.655232 0.008300 0.012173
1 0.136682 0.650805 0.007055 0.011066
1 0.201004 0.689260 0.010375 0.010513
1 0.185650 0.797156 0.008715 0.011620
1 0.113235 0.858297 0.013279 0.017706
1 0.078792 0.616666 0.009130 0.018259
1 0.214657 0.484148 0.008300 0.008853
1 0.538510 0.958612 0.009960 0.010513
1 0.550296 0.688984 0.010790 0.007746
1 0.712596 0.682510 0.008715 0.011620
1 0.795676 0.549936 0.005395 0.009406
1 0.871825 0.498202 0.006640 0.011066