1 0.480839 0.337005 0.011510 0.027986
1 0.553893 0.376317 0.008729 0.027567
1 0.555363 0.550294 0.011486 0.025116
1 0.864800 0.468513 0.015621 0.015927
1 0.628783 0.947256 0.019756 0.016540
1 0.717456 0.993384 0.011486 0.013232
1 0.324721 0.952463 0.007811 0.013477
1 0.922030 0.899247 0.010068 0.022373
1 0.944123 0.141323 0.018458 0.015661
1 0.847360 0.171154 0.012864 0.027593
1 0.584197 0.060407 0.015661 0.011932
3 0.556511 0.049966 0.018458 0.020881
2 0.544653 0.227310 0.007271 0.020881
2 0.548568 0.331345 0.009509 0.018644
2 0.991666 0.772839 0.016220 0.024610
2 0.418693 0.936908 0.008390 0.017153
1 0.809326 0.296443 0.009509 0.014170
1 0.714464 0.794466 0.007271 0.009695
1 0.443135 0.960027 0.010068 0.015661
1 0.285405 0.707510 0.019017 0.030576
1 0.905082 0.093967 0.015102 0.022373