1 0.923537 0.007535 0.011968 0.015070
1 0.992686 0.020390 0.014628 0.014184
1 0.964761 0.162234 0.017287 0.021277
1 0.916888 0.244681 0.014628 0.023050
1 0.938830 0.313830 0.015957 0.012411
1 0.955452 0.286348 0.017287 0.017730
1 0.962766 0.197695 0.018617 0.014184
1 0.986702 0.243794 0.018617 0.017730
1 0.819814 0.231383 0.022606 0.024823
1 0.652926 0.097518 0.015957 0.019504
1 0.646277 0.054078 0.007979 0.014184
1 0.422872 0.070922 0.015957 0.012411
1 0.376995 0.179965 0.017287 0.017730
1 0.292553 0.182624 0.021277 0.012411
1 0.325133 0.304078 0.011968 0.031915
2 0.236702 0.219858 0.021277 0.051418
1 0.257979 0.316489 0.013298 0.024823
1 0.332447 0.414007 0.021277 0.014184
1 0.327128 0.443262 0.026596 0.012411
1 0.325133 0.512411 0.027926 0.019504
1 0.399601 0.423759 0.014628 0.015957
1 0.091090 0.205674 0.014628 0.019504
1 0.027261 0.175532 0.011968 0.019504
1 0.183511 0.476950 0.015957 0.030142
1 0.175532 0.533688 0.018617 0.026596
1 0.217420 0.570922 0.017287 0.015957
1 0.221410 0.399823 0.009309 0.017730
1 0.556516 0.277482 0.011968 0.017730
1 0.500000 0.378546 0.018617 0.024823
1 0.499335 0.397163 0.025266 0.019504
1 0.581117 0.379433 0.010638 0.019504
1 0.585106 0.345745 0.023936 0.015957
1 0.599734 0.293440 0.021277 0.014184
1 0.622340 0.275709 0.013298 0.028369
1 0.700798 0.294326 0.013298 0.012411
1 0.727394 0.267730 0.010638 0.023050
1 0.777261 0.265957 0.017287 0.026596
1 0.818484 0.341312 0.011968 0.028369
1 0.785239 0.337766 0.017287 0.014184
1 0.794548 0.374113 0.006649 0.015957
2 0.742021 0.336879 0.013298 0.033688
2 0.916888 0.825355 0.022606 0.017730
2 0.537234 0.539894 0.013298 0.042553
2 0.424867 0.510638 0.022606 0.019504
2 0.359043 0.583333 0.015957 0.030142
1 0.130319 0.680851 0.015957 0.023050
1 0.149601 0.772163 0.019947 0.017730
1 0.097739 0.620567 0.014628 0.012411
1 0.418883 0.684397 0.013298 0.019504
1 0.454787 0.605496 0.007979 0.014184
1 0.486037 0.655142 0.017287 0.017730
1 0.466090 0.484929 0.009309 0.017730
1 0.496011 0.457447 0.015957 0.019504
1 0.515293 0.618794 0.011968 0.012411
1 0.535239 0.671099 0.014628 0.017730
1 0.685505 0.520390 0.006649 0.010638
1 0.555186 0.756206 0.017287 0.031915
1 0.622340 0.748227 0.018617 0.019504
1 0.803191 0.735816 0.018617 0.019504
1 0.726064 0.481383 0.013298 0.017730
1 0.607048 0.522163 0.019947 0.039007
1 0.263963 0.772163 0.014628 0.014184
1 0.250665 0.782801 0.011968 0.014184
1 0.458777 0.784574 0.013298 0.017730
1 0.511968 0.835106 0.018617 0.015957
1 0.662899 0.844858 0.014628 0.017730
1 0.605053 0.763298 0.018617 0.024823
1 0.759973 0.589539 0.009309 0.021277
1 0.936835 0.595745 0.014628 0.023050
1 0.994016 0.623227 0.011968 0.014184
1 0.959441 0.851064 0.006649 0.023050
1 0.982713 0.861702 0.015957 0.030142
1 0.231383 0.937943 0.013298 0.033688
1 0.564495 0.926418 0.017287 0.024823
1 0.599734 0.858156 0.010638 0.023050
1 0.686170 0.817376 0.018617 0.026596
1 0.792553 0.443262 0.010638 0.026596
1 0.644947 0.310284 0.010638 0.015957
1 0.609043 0.384752 0.010638 0.023050
1 0.627660 0.613475 0.018617 0.015957
2 0.581782 0.614362 0.022606 0.014184
2 0.515957 0.569149 0.021277 0.033688
2 0.553856 0.579787 0.011968 0.023050
2 0.660904 0.641844 0.013298 0.019504
2 0.297207 0.722518 0.022606 0.024823
2 0.375000 0.646277 0.018617 0.028369
2 0.083112 0.770390 0.019947 0.024823
2 0.082447 0.726950 0.013298 0.023050