1 0.474528 0.283019 0.030875 0.048027
1 0.082100 0.352344 0.016617 0.038593
1 0.505687 0.289790 0.016250 0.021667
1 0.618760 0.494087 0.018958 0.017153
1 0.548005 0.631760 0.019635 0.014444
1 0.469125 0.727905 0.009479 0.026180
1 0.780378 0.733773 0.018281 0.030694
1 0.743816 0.642593 0.012864 0.025278
1 0.751264 0.511240 0.011510 0.024375
1 0.991288 0.585177 0.010833 0.025278
1 0.984856 0.773404 0.016927 0.020764
1 0.955742 0.838855 0.008802 0.016250
1 0.775977 0.886251 0.020312 0.013542
1 0.770899 0.871806 0.019635 0.020764
1 0.868060 0.987587 0.018958 0.024826
1 0.685587 0.893924 0.016927 0.018055
1 0.674754 0.799585 0.018281 0.020764
1 0.642254 0.914688 0.015573 0.027083
1 0.100456 0.250068 0.012864 0.018055
2 0.104518 0.513135 0.023698 0.019861
2 0.754649 0.590322 0.019635 0.035208
2 0.721811 0.414733 0.013542 0.025278
2 0.850794 0.584996 0.008802 0.021667