0 0.452128 0.284870 0.013298 0.021277
0 0.397606 0.308511 0.013298 0.026005
0 0.432846 0.210402 0.009309 0.014184
0 0.503324 0.124113 0.014628 0.016548
0 0.499335 0.186761 0.011968 0.014184
0 0.575133 0.572104 0.009309 0.018913
0 0.658910 0.524823 0.014628 0.014184
0 0.611702 0.621749 0.018617 0.009456
0 0.581117 0.646572 0.013298 0.011820
0 0.466090 0.652482 0.011968 0.014184
0 0.503324 0.875887 0.009309 0.030733
0 0.619681 0.913712 0.007979 0.021277
0 0.688830 0.802600 0.015957 0.021277
0 0.627660 0.884161 0.010638 0.018913
0 0.764628 0.861702 0.005319 0.016548
0 0.807846 0.959811 0.014628 0.023641
0 0.692819 0.645390 0.013298 0.023641
0 0.610372 0.643026 0.018617 0.028369
0 0.436170 0.419622 0.007979 0.026005
0 0.351064 0.562648 0.021277 0.014184
0 0.287899 0.781324 0.011968 0.016548
0 0.219415 0.725768 0.007979 0.018913
0 0.449468 0.414894 0.013298 0.040189
0 0.615027 0.319149 0.009309 0.014184
0 0.690824 0.329787 0.009309 0.016548
0 0.737367 0.427896 0.011968 0.018913
0 0.698138 0.236407 0.007979 0.018913
2 0.476064 0.264775 0.010638 0.023641
2 0.581117 0.053191 0.013298 0.021277
2 0.437500 0.016548 0.013298 0.028369
2 0.603059 0.178487 0.011968 0.016548
0 0.650266 0.839243 0.015957 0.023641
0 0.656250 0.726950 0.014628 0.021277
2 0.424867 0.628842 0.017287 0.028369
2 0.558511 0.790780 0.007979 0.021277
2 0.752660 0.408983 0.018617 0.028369
1 0.829787 0.073286 0.002660 0.023641
1 0.853723 0.184397 0.013298 0.014184
1 0.727394 0.112293 0.007979 0.016548
1 0.400931 0.711584 0.009309 0.014184
1 0.438165 0.669031 0.006649 0.009456
1 0.448803 0.708038 0.006649 0.007092
1 0.426197 0.700946 0.009309 0.007092
1 0.463431 0.492908 0.011968 0.021277
1 0.563830 0.419622 0.005319 0.021277
2 0.323138 0.437352 0.010638 0.014184
1 0.232713 0.248227 0.015957 0.018913
1 0.218750 0.130024 0.011968 0.018913
2 0.418218 0.841608 0.009309 0.023641
2 0.571144 0.871158 0.011968 0.011820
2 0.676197 0.627660 0.006649 0.021277
1 0.927527 0.508274 0.009309 0.018913
1 0.926862 0.622931 0.007979 0.026005
1 0.928856 0.260047 0.009309 0.018913
1 0.494016 0.226950 0.009309 0.009456
1 0.420213 0.576832 0.013298 0.014184
1 0.392952 0.588652 0.014628 0.023641
1 0.262633 0.651300 0.006649 0.007092
1 0.491356 0.861702 0.009309 0.016548
1 0.204122 0.995272 0.017287 0.009456
1 0.682181 0.992908 0.005319 0.014184
1 0.691489 0.371158 0.010638 0.018913
1 0.654255 0.179669 0.007979 0.014184
1 0.553856 0.921986 0.006649 0.009456