1 0.686835 0.299645 0.027926 0.019504
1 0.932181 0.165780 0.013298 0.024823
1 0.853059 0.010638 0.019947 0.019504
1 0.536569 0.009309 0.022606 0.018617
2 0.632314 0.492908 0.009309 0.026596
0 0.793218 0.603723 0.019947 0.021277
0 0.868351 0.740248 0.015957 0.028369
0 0.117021 0.730496 0.013298 0.033688
0 0.217420 0.676418 0.011968 0.010638
0 0.232713 0.520390 0.010638 0.007092
0 0.189495 0.472518 0.009309 0.017730
0 0.066489 0.220745 0.013298 0.010638
0 0.063830 0.820035 0.015957 0.021277
1 0.382979 0.975177 0.015957 0.008865
1 0.899601 0.859043 0.011968 0.010638
1 0.799202 0.851950 0.007979 0.010638
1 0.731383 0.704787 0.007979 0.007092