0 0.695479 0.503546 0.015957 0.026596
0 0.634309 0.128546 0.021277 0.024823
0 0.382979 0.464539 0.023936 0.030142
0 0.507979 0.503546 0.015957 0.026596
0 0.542553 0.473404 0.010638 0.026596
0 0.573138 0.539007 0.015957 0.019504
0 0.585106 0.216312 0.015957 0.019504
0 0.601729 0.021277 0.027926 0.015957
0 0.748670 0.550532 0.013298 0.035461
0 0.720080 0.701241 0.009309 0.017730
0 0.774601 0.718085 0.025266 0.026596
0 0.892952 0.726064 0.014628 0.017730
0 0.712766 0.871454 0.021277 0.024823
2 0.597074 0.601950 0.018617 0.021277
2 0.831117 0.806738 0.013298 0.040780
2 0.905585 0.793440 0.029255 0.028369
2 0.947473 0.852837 0.011968 0.019504
2 0.927527 0.823582 0.011968 0.021277
2 0.950133 0.774823 0.019947 0.012411
2 0.961436 0.818262 0.023936 0.017730
2 0.980718 0.555851 0.011968 0.014184
2 0.873005 0.468972 0.019947 0.028369
2 0.978723 0.371454 0.013298 0.024823
2 0.849734 0.345745 0.015957 0.023050
2 0.845080 0.402482 0.009309 0.033688
2 0.685505 0.284574 0.019947 0.028369
2 0.739362 0.170213 0.015957 0.019504
2 0.920878 0.923759 0.033245 0.051418
2 0.896277 0.934397 0.015957 0.023050
2 0.919548 0.859043 0.009309 0.014184
2 0.968085 0.941489 0.018617 0.026596
2 0.955452 0.895390 0.006649 0.008865
2 0.970745 0.866135 0.013298 0.028369
1 0.668218 0.935284 0.027926 0.017730
1 0.749335 0.902482 0.009309 0.012411
1 0.762633 0.870567 0.006649 0.015957
1 0.668218 0.595745 0.009309 0.026596
1 0.745346 0.676418 0.011968 0.017730
1 0.668218 0.802305 0.017287 0.031915
1 0.722739 0.735816 0.014628 0.012411
1 0.801862 0.584220 0.007979 0.014184
1 0.428191 0.721631 0.010638 0.019504
1 0.452128 0.711879 0.023936 0.024823
1 0.452793 0.639184 0.011968 0.010638
1 0.514628 0.644504 0.010638 0.010638
1 0.579787 0.812057 0.013298 0.030142
1 0.582447 0.857270 0.013298 0.014184
1 0.589761 0.890957 0.022606 0.024823
1 0.612367 0.847518 0.030585 0.026596
1 0.599734 0.934397 0.015957 0.015957
1 0.536569 0.830674 0.003989 0.014184
1 0.380984 0.742021 0.014628 0.021277
1 0.459441 0.615248 0.006649 0.008865
1 0.527926 0.609929 0.010638 0.012411
1 0.581782 0.710106 0.011968 0.014184
1 0.492021 0.693262 0.015957 0.005319
1 0.296543 0.602837 0.023936 0.019504
1 0.011968 0.572695 0.013298 0.026596
1 0.124335 0.534574 0.006649 0.010638