0 0.748005 0.660757 0.011968 0.026005
0 0.517952 0.572104 0.014628 0.018913
0 0.603059 0.527187 0.011968 0.018913
0 0.837101 0.068558 0.009309 0.023641
2 0.519282 0.599291 0.017287 0.030733
2 0.609043 0.592199 0.005319 0.016548
2 0.879654 0.328605 0.014628 0.014184
2 0.694814 0.989362 0.014628 0.016548
2 0.309176 0.630024 0.014628 0.026005
2 0.364362 0.588652 0.010638 0.009456
2 0.404255 0.745863 0.013298 0.026005
2 0.353723 0.698582 0.007979 0.016548
0 0.763963 0.700946 0.017287 0.021277
0 0.777926 0.713948 0.018617 0.037825
2 0.475399 0.557920 0.014628 0.018913
0 0.488697 0.815603 0.022606 0.018913
1 0.626995 0.513002 0.009309 0.023641
1 0.271277 0.561466 0.010638 0.011820
1 0.225399 0.552009 0.003989 0.011820
1 0.450133 0.559102 0.009309 0.016548
1 0.782580 0.437352 0.006649 0.009456
1 0.813165 0.413712 0.003989 0.014184
1 0.831117 0.411348 0.007979 0.009456
1 0.915559 0.484634 0.006649 0.014184
1 0.615027 0.561466 0.011968 0.016548
1 0.362367 0.621749 0.009309 0.014184
1 0.303856 0.719858 0.006649 0.021277
1 0.712766 0.427896 0.007979 0.014184
1 0.552527 0.899527 0.006649 0.011820