1 0.607255 0.670366 0.021189 0.046413
1 0.704117 0.413076 0.015135 0.024216
1 0.574715 0.403996 0.024216 0.022198
1 0.623903 0.585612 0.022702 0.018162
1 0.708657 0.614368 0.016648 0.027242
1 0.740062 0.713752 0.015891 0.022198
1 0.664388 0.745535 0.017405 0.027242
1 0.713197 0.799516 0.012108 0.026233
1 0.630713 0.872162 0.019675 0.024216
1 0.427000 0.607305 0.016648 0.025224
1 0.857658 0.473111 0.018918 0.017153
1 0.853874 0.514479 0.018918 0.019171
1 0.865604 0.512965 0.010594 0.022198
1 0.803173 0.543235 0.015891 0.010090
1 0.887549 0.225406 0.030269 0.020180
1 0.831172 0.321259 0.009838 0.024216
1 0.740137 0.174554 0.009081 0.026233
1 0.678085 0.201796 0.012108 0.028251
1 0.627762 0.182121 0.012864 0.031278
1 0.615276 0.177580 0.013621 0.030269
1 0.580845 0.053980 0.020432 0.025224
1 0.628897 0.012108 0.012108 0.024216
1 0.557764 0.043891 0.013621 0.043386
1 0.785920 0.046413 0.017405 0.020180
1 0.986454 0.077691 0.015891 0.020180
1 0.969050 0.147816 0.009838 0.025224
1 0.964358 0.388861 0.012864 0.024216
1 0.680961 0.936636 0.015135 0.023207
1 0.493820 0.238119 0.015891 0.022198
1 0.152760 0.387448 0.010594 0.026233
1 0.191731 0.462617 0.023459 0.023207
1 0.089951 0.730501 0.015135 0.032287
1 0.141409 0.802644 0.015135 0.029260
1 0.566845 0.951872 0.018162 0.028251
1 0.857658 0.413581 0.012864 0.027242
2 0.849090 0.789088 0.014844 0.011215
2 0.838946 0.806571 0.016328 0.013194
2 0.853790 0.851102 0.018307 0.024410
2 0.830782 0.860998 0.010885 0.020451
2 0.849337 0.883758 0.015338 0.014514
2 0.848347 0.896622 0.021276 0.019132
2 0.838204 0.918723 0.016823 0.009236
2 0.918607 0.894973 0.016328 0.023750
2 0.942110 0.886397 0.008906 0.022430
2 0.900053 0.838897 0.011875 0.011875
2 0.884220 0.786779 0.014844 0.015833
2 0.871850 0.761710 0.009896 0.023750
2 0.867644 0.725096 0.014349 0.016493
2 0.913165 0.767318 0.012370 0.015174
2 0.927019 0.786120 0.006432 0.017153
2 0.979813 0.789484 0.014844 0.012535
2 0.853642 0.992875 0.021771 0.014250
2 0.996586 0.878546 0.006828 0.017812
2 0.995844 0.862383 0.008312 0.015833
2 0.995349 0.833685 0.009302 0.023090
2 0.984266 0.747592 0.009896 0.029028
2 0.957052 0.723512 0.015833 0.013854
2 0.927860 0.728790 0.019792 0.012535
2 0.931323 0.669086 0.015833 0.010555
2 0.945177 0.695474 0.006927 0.015833
2 0.749185 0.642367 0.009005 0.005146
2 0.783362 0.547084 0.027015 0.014580
2 0.786256 0.558662 0.027659 0.013722
2 0.740909 0.565952 0.019297 0.019726
2 0.791724 0.512350 0.018010 0.020583
2 0.828388 0.508919 0.015437 0.020583
2 0.869876 0.569382 0.019940 0.019726
2 0.877916 0.552230 0.010292 0.011149
2 0.884605 0.495026 0.010292 0.022298
2 0.935742 0.508319 0.004503 0.030017
2 0.944104 0.507890 0.009648 0.022298
2 0.951822 0.486021 0.016081 0.016295
2 0.974657 0.513894 0.010292 0.025729
2 0.954395 0.627101 0.013508 0.022298
2 0.977608 0.721377 0.012462 0.024657
2 0.963537 0.748714 0.014071 0.015009
2 0.807113 0.788111 0.014473 0.011256
2 0.799475 0.756218 0.013669 0.021441
2 0.818570 0.743621 0.012462 0.025193
2 0.783595 0.787843 0.013267 0.017153
2 0.765906 0.786235 0.012462 0.009648
2 0.760680 0.769618 0.012462 0.010720
2 0.761082 0.791059 0.016483 0.012864
2 0.765504 0.805800 0.017287 0.012328
2 0.787615 0.811696 0.018091 0.009112
2 0.805907 0.811160 0.012060 0.010184
2 0.733785 0.825793 0.012864 0.017153
2 0.725343 0.806497 0.008844 0.008576
2 0.695393 0.826597 0.009246 0.016617
2 0.731172 0.850986 0.010050 0.016081
2 0.745444 0.866531 0.014473 0.006432
2 0.742228 0.840802 0.012060 0.006432
2 0.721323 0.895208 0.012060 0.011256
2 0.739816 0.926029 0.010452 0.021441
2 0.662227 0.842678 0.016081 0.028409
2 0.682126 0.857419 0.014071 0.016081
2 0.702830 0.904588 0.005628 0.018225
2 0.624437 0.915845 0.008040 0.027873
2 0.597502 0.925225 0.014473 0.014473
2 0.553883 0.803012 0.014071 0.030553
2 0.608960 0.744318 0.010854 0.025729
2 0.594688 0.731186 0.014473 0.025193
2 0.613181 0.780768 0.014473 0.021441
2 0.623030 0.815877 0.008442 0.025193
2 0.546848 0.711621 0.018493 0.019297
2 0.463631 0.708941 0.013669 0.027873
2 0.457601 0.750214 0.012864 0.017153
2 0.409560 0.793632 0.017287 0.022513
2 0.337398 0.906196 0.007236 0.019297
2 0.316493 0.907268 0.009648 0.010720
2 0.314282 0.926565 0.010854 0.008576
2 0.278905 0.825257 0.018091 0.024657
2 0.259005 0.812929 0.021709 0.008576
2 0.240914 0.818289 0.013669 0.013937
2 0.268453 0.847234 0.018895 0.017153
2 0.232070 0.777283 0.015277 0.014473
2 0.230060 0.803548 0.018493 0.012328
2 0.213376 0.780232 0.007638 0.011792
2 0.191065 0.800064 0.019297 0.012864
2 0.179205 0.817485 0.030151 0.012328
2 0.179205 0.834102 0.016483 0.016617
2 0.170763 0.864119 0.017287 0.013401
2 0.163124 0.891992 0.008442 0.026265
2 0.149054 0.899228 0.008442 0.022513
2 0.321720 0.803012 0.008040 0.019833
2 0.238502 0.682086 0.019297 0.023049
2 0.265478 0.584262 0.013749 0.024657
2 0.129797 0.636685 0.017689 0.010720
2 0.094822 0.683587 0.020101 0.021977
2 0.113516 0.538325 0.014071 0.010184
2 0.132611 0.569415 0.013669 0.010184
2 0.044369 0.746033 0.008442 0.038593
2 0.102661 0.886632 0.017287 0.027337
2 0.430224 0.709584 0.006030 0.018225
2 0.450525 0.641509 0.008844 0.018225
2 0.360675 0.659198 0.005226 0.013937
2 0.357660 0.684391 0.012864 0.016081
2 0.520355 0.634166 0.013267 0.020905
2 0.678106 0.699507 0.015679 0.015009
2 0.703232 0.698167 0.009648 0.015545
2 0.717102 0.687178 0.007638 0.022513
2 0.723534 0.747213 0.011658 0.022513
2 0.748580 0.739440 0.011256 0.014473
2 0.770690 0.675118 0.005628 0.018761
2 0.778530 0.692003 0.015679 0.011792
2 0.781545 0.587747 0.009648 0.019833
2 0.909667 0.591713 0.010854 0.011256
2 0.925547 0.590105 0.008040 0.011256
2 0.937205 0.591177 0.008040 0.019833
2 0.853666 0.647995 0.016885 0.016617
2 0.791756 0.847931 0.016081 0.018761
2 0.889245 0.818718 0.018091 0.010720
2 0.850651 0.748499 0.008442 0.013937
2 0.991357 0.686642 0.009246 0.015009
2 0.983115 0.695487 0.004824 0.018761
2 0.715574 0.869211 0.007638 0.019297
2 0.641362 0.794972 0.010854 0.017689
2 0.579050 0.759863 0.009246 0.023585
2 0.631111 0.703045 0.008040 0.018225
2 0.671915 0.908340 0.012462 0.019297
2 0.737645 0.526908 0.008844 0.020369
2 0.637543 0.466874 0.016885 0.017153
1 0.564135 0.337532 0.009648 0.011256
1 0.409476 0.429960 0.010226 0.014954
1 0.389519 0.351234 0.015833 0.012315
1 0.388695 0.464705 0.010226 0.014074
1 0.485178 0.373884 0.011215 0.010995
1 0.749387 0.311382 0.008270 0.010414
2 0.873897 0.289941 0.006432 0.027567
2 0.871370 0.379074 0.013324 0.013477
2 0.983246 0.274626 0.010108 0.023891
2 0.984854 0.252267 0.006892 0.019603
2 0.993461 0.130054 0.013078 0.026342
2 0.994150 0.335580 0.011700 0.025729
2 0.981867 0.451482 0.019297 0.007351
2 0.995758 0.488116 0.008484 0.022053
2 0.981637 0.566038 0.015162 0.015927
2 0.909734 0.518562 0.012864 0.021441
2 0.911112 0.411970 0.011946 0.009189
2 0.824507 0.565425 0.019756 0.009802
1 0.888829 0.694438 0.007811 0.011027
1 0.881248 0.629503 0.005513 0.009802
1 0.957057 0.599485 0.008270 0.011027
1 0.893424 0.926427 0.006892 0.014090
1 0.706337 0.831475 0.007811 0.012864
1 0.477166 0.880483 0.009648 0.027567
1 0.597311 0.840051 0.011027 0.014090
1 0.457180 0.822286 0.021135 0.016540
1 0.348061 0.730091 0.012405 0.014702
1 0.306481 0.832394 0.007351 0.019603
1 0.460947 0.570632 0.009189 0.012864
1 0.497243 0.634036 0.006432 0.012252
1 0.871830 0.456445 0.012405 0.015315
1 0.154083 0.565854 0.010567 0.018990
1 0.163456 0.691497 0.011486 0.014702
1 0.098260 0.814629 0.011946 0.012252
1 0.089531 0.761639 0.012864 0.009189
1 0.030262 0.720902 0.011946 0.009802
2 0.181879 0.353406 0.024810 0.020216
2 0.313005 0.477457 0.009189 0.017153
2 0.443672 0.739280 0.007351 0.028179
2 0.363820 0.798701 0.014702 0.014702
2 0.398279 0.731622 0.012864 0.012864
2 0.266877 0.756432 0.019297 0.037981
2 0.045194 0.874969 0.016081 0.023891
2 0.045194 0.849240 0.023432 0.015315