0 0.595745 0.750000 0.061170 0.047872
1 0.770612 0.053191 0.019947 0.023050
1 0.650266 0.046099 0.018617 0.019504
1 0.849069 0.066489 0.011968 0.017730
1 0.831782 0.147163 0.017287 0.030142
1 0.730053 0.283688 0.021277 0.026596
1 0.305186 0.715426 0.022606 0.021277
1 0.232713 0.621454 0.013298 0.031915
1 0.236037 0.226064 0.025266 0.031915
1 0.184840 0.291667 0.015957 0.017730
1 0.283910 0.470745 0.011968 0.010638
1 0.323138 0.519504 0.013298 0.019504
1 0.293883 0.538121 0.013298 0.024823
1 0.357713 0.631206 0.023936 0.033688
1 0.326463 0.587766 0.011968 0.010638
1 0.304521 0.768617 0.015957 0.021277
1 0.359043 0.861702 0.018617 0.019504
1 0.763963 0.938830 0.019947 0.028369
1 0.862367 0.855496 0.019947 0.014184
1 0.759309 0.813830 0.015957 0.012411
1 0.611702 0.558511 0.018617 0.019504
1 0.418883 0.353723 0.015957 0.031915
1 0.336436 0.327128 0.023936 0.024823
1 0.312500 0.289007 0.010638 0.008865
1 0.501330 0.297872 0.015957 0.015957
1 0.500665 0.426418 0.006649 0.031915
1 0.513298 0.442376 0.015957 0.035461
1 0.719415 0.360816 0.007979 0.021277
1 0.547872 0.316489 0.021277 0.021277
1 0.264628 0.533688 0.015957 0.015957
1 0.325798 0.641844 0.010638 0.012411
1 0.312500 0.599291 0.013298 0.023050
1 0.435505 0.771277 0.014628 0.023050
1 0.182846 0.647163 0.014628 0.026596
1 0.115691 0.695922 0.010638 0.021277
1 0.105053 0.731383 0.010638 0.007092
1 0.045878 0.771277 0.017287 0.023050
1 0.003989 0.731383 0.007978 0.024823
1 0.060505 0.294326 0.009309 0.023050