0 0.731175 0.437393 0.021870 0.034305
3 0.858533 0.241237 0.011578 0.025245
1 0.876739 0.233892 0.011970 0.022870
1 0.906132 0.289880 0.019297 0.020583
3 0.953731 0.240137 0.019297 0.017153
1 0.887479 0.481132 0.018010 0.018868
1 0.986535 0.630360 0.015437 0.015437
2 0.850815 0.044597 0.019297 0.030875
2 0.735678 0.089194 0.023156 0.030875
0 0.671355 0.180103 0.023156 0.020583
2 0.338808 0.555746 0.014151 0.030875
1 0.242324 0.734991 0.014151 0.022298
1 0.529846 0.974271 0.018010 0.024014
1 0.618611 0.897942 0.015437 0.025729
2 0.205660 0.959691 0.018010 0.029160
1 0.311149 0.984563 0.015437 0.020583
3 0.661063 0.508576 0.018010 0.018868
2 0.239751 0.013722 0.024443 0.024014
2 0.015995 0.434820 0.031990 0.022298