1 0.617951 0.229417 0.015277 0.025729
1 0.665389 0.032697 0.018493 0.011792
1 0.364565 0.315495 0.014151 0.018296
1 0.264094 0.350943 0.008576 0.025157
1 0.121941 0.271184 0.015009 0.010863
1 0.042824 0.252316 0.012864 0.024585
2 0.508755 0.357347 0.016081 0.037164
1 0.853809 0.928030 0.015009 0.020726
1 0.591534 0.921241 0.014473 0.031447
1 0.669793 0.736850 0.016617 0.024300
2 0.453288 0.576444 0.021441 0.016009
2 0.559942 0.375276 0.024810 0.011027
2 0.652751 0.472066 0.024810 0.018378
2 0.650913 0.597648 0.021135 0.019603
2 0.873836 0.525974 0.013783 0.025729
2 0.942753 0.415707 0.015621 0.033080
2 0.861890 0.416932 0.013783 0.020828
2 0.639978 0.882504 0.016540 0.028179
2 0.429092 0.616638 0.008270 0.023279
2 0.350067 0.619088 0.011946 0.023279
2 0.600925 0.661358 0.021135 0.012252
2 0.335181 0.908233 0.026648 0.015927
2 0.046649 0.512129 0.019297 0.019603
1 0.551764 0.086988 0.020216 0.029405