2 0.242970 0.551303 0.011148 0.024774
2 0.386814 0.333664 0.012697 0.026013
1 0.296699 0.287625 0.011458 0.014864
2 0.395795 0.030967 0.007742 0.022297
1 0.301189 0.085264 0.009910 0.010322
1 0.611514 0.621743 0.010219 0.014039
1 0.657438 0.697593 0.011768 0.019406
1 0.609036 0.776869 0.004026 0.007019
2 0.788028 0.980016 0.016413 0.007019
1 0.138022 0.900739 0.006503 0.009497
1 0.296110 0.931500 0.006193 0.014039
1 0.653567 0.412858 0.009600 0.008671
1 0.923139 0.848879 0.005574 0.012800
1 0.942493 0.737066 0.004645 0.005368