2 0.156915 0.457447 0.021277 0.026596
2 0.170878 0.523936 0.014628 0.017730
2 0.222074 0.524823 0.018617 0.040780
2 0.283910 0.421099 0.009309 0.017730
2 0.370346 0.217199 0.011968 0.024823
2 0.353059 0.206560 0.009309 0.010638
2 0.278590 0.216312 0.019947 0.008865
2 0.280585 0.238475 0.021277 0.007092
2 0.359043 0.148936 0.010638 0.012411
2 0.517952 0.046099 0.014628 0.019504
2 0.559840 0.087766 0.007979 0.021277
2 0.575133 0.094858 0.017287 0.014184
1 0.638298 0.169326 0.018617 0.010638
1 0.867686 0.151596 0.009309 0.017730
1 0.961436 0.499113 0.021277 0.024823
1 0.917553 0.734043 0.010638 0.026596
1 0.888963 0.817376 0.011968 0.026596
1 0.842420 0.837766 0.022606 0.031915
1 0.845745 0.923759 0.013298 0.019504
2 0.672207 0.732270 0.014628 0.019504
2 0.786569 0.063830 0.011968 0.012411
2 0.825798 0.056738 0.021277 0.026596
2 0.894947 0.081560 0.010638 0.015957
2 0.907580 0.148936 0.025266 0.037234
2 0.920878 0.235816 0.011968 0.030142
2 0.933511 0.148050 0.015957 0.031915
2 0.476729 0.245567 0.030585 0.024823
2 0.551862 0.273050 0.021277 0.026596
2 0.573138 0.162234 0.015957 0.024823
2 0.287234 0.516844 0.021277 0.028369
2 0.307181 0.517730 0.010638 0.015957
2 0.228059 0.382092 0.019947 0.024823
2 0.154920 0.343972 0.014628 0.012411
2 0.190824 0.390071 0.017287 0.037234
2 0.201463 0.298759 0.022606 0.024823
2 0.387633 0.280142 0.019947 0.023050
2 0.323803 0.060284 0.030585 0.026596
2 0.270612 0.132979 0.014628 0.019504
2 0.315160 0.134752 0.010638 0.012411
2 0.154920 0.104610 0.022606 0.026596
2 0.094415 0.406028 0.018617 0.008865
2 0.104388 0.440603 0.011968 0.028369
2 0.141622 0.369681 0.014628 0.014184
2 0.153590 0.575355 0.011968 0.028369
2 0.119016 0.554078 0.022606 0.017730
2 0.112367 0.617021 0.019947 0.015957
2 0.149601 0.634752 0.022606 0.012411
2 0.213431 0.605496 0.011968 0.031915
2 0.196809 0.564716 0.005319 0.007092
2 0.404920 0.539894 0.027926 0.014184
2 0.371011 0.583333 0.018617 0.023050
2 0.392287 0.656028 0.026596 0.015957
2 0.457447 0.624113 0.023936 0.015957
2 0.362367 0.669326 0.014628 0.017730
2 0.330452 0.745567 0.009309 0.028369
2 0.280585 0.729610 0.013298 0.028369
2 0.363032 0.727837 0.015957 0.024823
2 0.313165 0.733156 0.009309 0.039007
2 0.418883 0.848404 0.013298 0.021277
1 0.428191 0.789894 0.018617 0.021277
1 0.743351 0.767730 0.010638 0.019504
1 0.213431 0.917553 0.017287 0.021277
1 0.311835 0.914894 0.006649 0.008865
1 0.301862 0.618794 0.015957 0.012411
2 0.257314 0.601950 0.014628 0.024823
2 0.162899 0.431738 0.014628 0.017730
2 0.120346 0.387411 0.011968 0.014184
2 0.140957 0.282801 0.005319 0.017730
2 0.105053 0.664007 0.013298 0.028369
2 0.128989 0.710993 0.015957 0.026596
2 0.142952 0.666667 0.019947 0.015957
2 0.203457 0.638298 0.023936 0.026596
2 0.289894 0.648936 0.013298 0.019504
2 0.197473 0.812943 0.011968 0.056738
2 0.313165 0.786348 0.014628 0.035461
2 0.237367 0.857270 0.011968 0.021277
2 0.290559 0.850177 0.025266 0.021277
2 0.351064 0.812057 0.010638 0.026596
2 0.376995 0.868794 0.017287 0.026596
2 0.535239 0.854610 0.009309 0.026596
2 0.646277 0.594858 0.015957 0.024823
2 0.650266 0.809397 0.013298 0.021277
2 0.570479 0.929965 0.037234 0.021277
2 0.554521 0.968972 0.010638 0.021277
2 0.709441 0.874113 0.030585 0.033688
2 0.625000 0.857270 0.021277 0.021277
2 0.626995 0.920213 0.022606 0.023050
2 0.707447 0.943262 0.013298 0.012411
2 0.363032 0.984929 0.010638 0.017730
2 0.399601 0.953014 0.019947 0.028369
2 0.365027 0.905142 0.009309 0.028369
2 0.208112 0.752660 0.025266 0.031915
2 0.152261 0.761525 0.001330 0.000000
2 0.057181 0.700355 0.034574 0.079787
2 0.019947 0.584220 0.031915 0.063830
2 0.049202 0.524823 0.013298 0.030142
2 0.024601 0.494681 0.009309 0.015957
2 0.080452 0.304965 0.035904 0.132979
3 0.095080 0.132979 0.025266 0.023050