0 0.508644 0.574468 0.022606 0.044326
0 0.513963 0.464539 0.019947 0.015957
0 0.499335 0.418440 0.022606 0.019504
0 0.757979 0.178191 0.015957 0.014184
0 0.862367 0.066489 0.011968 0.014184
0 0.567819 0.947695 0.021277 0.028369
0 0.838431 0.926418 0.017287 0.024823
0 0.982713 0.945922 0.034574 0.049645
2 0.936835 0.700355 0.017287 0.047872
2 0.682846 0.699468 0.011968 0.014184
2 0.694149 0.327128 0.010638 0.017730
1 0.542553 0.575355 0.013298 0.021277
1 0.589761 0.671986 0.003989 0.015957
1 0.601729 0.674645 0.014628 0.007092
1 0.787234 0.516844 0.007979 0.014184
1 0.879654 0.296099 0.009309 0.015957
1 0.970745 0.430851 0.018617 0.023050
1 0.991356 0.382979 0.014628 0.019504
1 0.886968 0.670213 0.013298 0.026596
1 0.628989 0.868794 0.015957 0.015957
1 0.081117 0.625000 0.015957 0.024823