0 0.835106 0.107270 0.015957 0.028369
0 0.676197 0.120567 0.011968 0.023050
0 0.757979 0.123227 0.010638 0.010638
0 0.952128 0.067376 0.007979 0.012411
0 0.519282 0.626773 0.017287 0.014184
0 0.531915 0.556738 0.023936 0.026596
0 0.591090 0.750000 0.019947 0.012411
0 0.592420 0.770390 0.009309 0.021277
0 0.592420 0.730496 0.009309 0.015957
0 0.695479 0.768617 0.013298 0.021277
3 0.773271 0.867021 0.014628 0.026596
3 0.882979 0.524823 0.039894 0.047872
2 0.626995 0.321809 0.017287 0.024823
2 0.672872 0.296986 0.015957 0.014184
2 0.702793 0.304078 0.011968 0.017730
2 0.706782 0.348404 0.009309 0.014184
2 0.741356 0.428191 0.014628 0.031915
2 0.797872 0.432624 0.010638 0.033688
2 0.730053 0.319149 0.013298 0.019504
2 0.809176 0.275709 0.014628 0.021277
2 0.875665 0.170213 0.025266 0.015957
2 0.880319 0.213652 0.021277 0.010638
2 0.788564 0.046099 0.010638 0.012411
2 0.260638 0.836879 0.018617 0.026596
1 0.258644 0.739362 0.009309 0.012411
1 0.178191 0.714539 0.007979 0.008865
1 0.222739 0.767730 0.009309 0.012411
1 0.280585 0.754433 0.005319 0.010638
1 0.265293 0.790780 0.011968 0.008865
1 0.601064 0.286348 0.015957 0.017730
1 0.476064 0.586879 0.015957 0.026596
1 0.462766 0.648050 0.015957 0.028369
1 0.322473 0.803191 0.011968 0.015957
2 0.589761 0.616135 0.017287 0.017730
2 0.706117 0.562057 0.018617 0.015957
2 0.571144 0.420213 0.011968 0.015957
2 0.581782 0.457447 0.019947 0.008865
2 0.644282 0.203014 0.009309 0.010638
2 0.655585 0.222518 0.015957 0.010638
1 0.229388 0.049645 0.017287 0.019504
1 0.139628 0.120567 0.010638 0.015957
1 0.023936 0.078014 0.013298 0.026596
1 0.175532 0.311170 0.010638 0.014184
1 0.048537 0.838652 0.017287 0.044326
1 0.116356 0.950355 0.014628 0.030142
1 0.088431 0.980496 0.011968 0.023050
1 0.351064 0.941489 0.015957 0.023050
1 0.373005 0.804078 0.009309 0.014184
1 0.723404 0.625000 0.018617 0.021277
1 0.756649 0.597518 0.013298 0.019504
1 0.754654 0.793440 0.017287 0.021277
1 0.721410 0.760638 0.009309 0.012411