2 0.441489 0.250000 0.007979 0.019504
2 0.483378 0.265736 0.011968 0.026152
2 0.517952 0.474291 0.009309 0.024823
2 0.212101 0.578901 0.022606 0.010638
2 0.222739 0.546986 0.019947 0.021277
2 0.268617 0.518617 0.010638 0.017730
2 0.266622 0.585106 0.009309 0.015957
2 0.246011 0.629433 0.021277 0.023050
2 0.270612 0.608156 0.014628 0.015957
2 0.204122 0.293440 0.025266 0.021277
2 0.187500 0.242908 0.015957 0.023050
2 0.278590 0.249113 0.017287 0.017730
2 0.347739 0.201241 0.027926 0.010638
2 0.323138 0.162234 0.010638 0.024823
2 0.373670 0.054965 0.010638 0.033688
2 0.380984 0.018617 0.022606 0.021277
2 0.434840 0.103723 0.013298 0.035461
2 0.498005 0.127660 0.022606 0.015957
2 0.599734 0.078014 0.023936 0.019504
2 0.591090 0.046099 0.017287 0.023050
2 0.683511 0.073582 0.010638 0.024823
2 0.827128 0.054965 0.007979 0.019504
2 0.714096 0.147163 0.018617 0.023050
2 0.735372 0.106383 0.013298 0.023050
2 0.605718 0.138298 0.014628 0.026596
2 0.503324 0.185284 0.017287 0.007092
2 0.355053 0.317376 0.023936 0.015957
2 0.387633 0.264184 0.014628 0.030142
2 0.252660 0.308511 0.015957 0.012411
2 0.177527 0.718085 0.019947 0.047872
2 0.411569 0.807624 0.014628 0.042553
2 0.438830 0.791667 0.026596 0.024823
2 0.465426 0.861702 0.018617 0.019504
2 0.413564 0.496454 0.018617 0.030142
2 0.315824 0.383865 0.017287 0.021277
2 0.460771 0.330674 0.017287 0.021277
2 0.516622 0.351950 0.014628 0.010638
2 0.456117 0.210993 0.013298 0.012411
2 0.559176 0.469858 0.011968 0.023050
2 0.576463 0.492021 0.025266 0.021277
2 0.523271 0.407801 0.014628 0.023050
2 0.488032 0.406915 0.021277 0.021277
2 0.483378 0.540780 0.009309 0.012411
2 0.525931 0.498227 0.014628 0.019504
2 0.509309 0.510638 0.007979 0.037234
2 0.587766 0.435284 0.010638 0.028369
2 0.642287 0.355496 0.007979 0.010638
1 0.547207 0.234043 0.009309 0.015957
1 0.736037 0.889184 0.017287 0.021277
1 0.684840 0.841312 0.013298 0.021277
1 0.679521 0.788121 0.023936 0.010638
1 0.778590 0.634752 0.019947 0.015957
1 0.781250 0.594858 0.009309 0.017730
1 0.885638 0.506206 0.013298 0.021277
1 0.988697 0.281028 0.011968 0.017730
1 0.890957 0.203014 0.015957 0.014184
2 0.899601 0.164007 0.019947 0.010638
2 0.874335 0.131206 0.014628 0.015957
0 0.619681 0.025709 0.018617 0.021277
2 0.714761 0.603723 0.011968 0.031915
2 0.956782 0.622340 0.017287 0.047872
2 0.733378 0.525709 0.014628 0.024823
2 0.799202 0.434397 0.013298 0.023050
2 0.811835 0.467199 0.003989 0.017730
2 0.823803 0.518617 0.006649 0.024823
2 0.485372 0.773936 0.013298 0.010638
2 0.499335 0.789007 0.009309 0.030142
2 0.605053 0.607270 0.007979 0.031915
2 0.564495 0.612589 0.009309 0.010638
2 0.571809 0.574468 0.007979 0.023050
2 0.591755 0.570257 0.007979 0.017287
2 0.623005 0.448582 0.006649 0.019504
2 0.648936 0.414894 0.018617 0.015957
2 0.663564 0.475177 0.007979 0.015957
2 0.382979 0.680851 0.018617 0.019504
2 0.384309 0.558511 0.015957 0.012411
2 0.363032 0.473404 0.015957 0.026596
2 0.335771 0.352837 0.019947 0.023050
2 0.320479 0.309397 0.013298 0.021277
2 0.462101 0.406915 0.001330 0.000000
2 0.479388 0.367908 0.007979 0.020390
2 0.492686 0.382535 0.014628 0.017730
2 0.527926 0.335550 0.010638 0.019504
2 0.504322 0.264184 0.004654 0.006206
2 0.582447 0.324025 0.010638 0.017730
2 0.598404 0.316933 0.009309 0.019504
2 0.615027 0.325798 0.005319 0.012411
2 0.567487 0.283245 0.013963 0.014184
2 0.558511 0.241578 0.006649 0.031915
2 0.584109 0.251330 0.019282 0.008865
2 0.566157 0.401596 0.016622 0.018617
2 0.539229 0.386082 0.006649 0.023050
2 0.552194 0.385195 0.007314 0.019504
2 0.546210 0.412234 0.017952 0.018617
2 0.542886 0.354167 0.005984 0.014184
2 0.528258 0.361259 0.004654 0.014184
2 0.603723 0.439273 0.015957 0.007092
2 0.629322 0.398936 0.004654 0.011525
2 0.694149 0.435727 0.005319 0.010638
2 0.719082 0.487145 0.011303 0.007092
0 0.667553 0.561613 0.013298 0.015957
2 0.635638 0.486259 0.015957 0.024823
2 0.615359 0.483599 0.015293 0.008865
2 0.607713 0.500000 0.013298 0.018617
2 0.678856 0.492465 0.015957 0.015957
2 0.707114 0.539894 0.007314 0.015071
2 0.722074 0.467199 0.017287 0.022163
2 0.641955 0.579344 0.016622 0.014184
2 0.498005 0.685284 0.013298 0.018617
2 0.510971 0.612589 0.011303 0.023936
2 0.494016 0.634309 0.010638 0.015957
2 0.392620 0.609043 0.019282 0.009752
2 0.485705 0.612589 0.008644 0.018617
2 0.543551 0.545213 0.011303 0.011525
0 0.430519 0.509309 0.011303 0.024823
0 0.411569 0.542996 0.007979 0.014184
0 0.405253 0.599734 0.007314 0.010638
2 0.379654 0.535018 0.010638 0.021277
2 0.480718 0.738475 0.015957 0.022163
2 0.501662 0.730940 0.020612 0.024823
1 0.604056 0.658688 0.008644 0.013298
1 0.612699 0.741578 0.009973 0.010638
1 0.652593 0.655585 0.007314 0.008865
2 0.626330 0.595301 0.017287 0.012411
2 0.615691 0.522163 0.017287 0.006206
2 0.623338 0.541223 0.015293 0.014184
2 0.605053 0.553191 0.021277 0.013298
2 0.646941 0.522163 0.006649 0.006206
2 0.676197 0.533245 0.003989 0.007092
1 0.678191 0.189716 0.009309 0.007979
1 0.617354 0.218972 0.008644 0.011525
1 0.721742 0.180851 0.009973 0.007979
1 0.591090 0.215869 0.005319 0.008865
1 0.633311 0.236702 0.004654 0.004433
1 0.598737 0.243351 0.007314 0.014184
1 0.549202 0.179965 0.010638 0.016844
2 0.536237 0.171099 0.011303 0.022163
2 0.474734 0.141844 0.006649 0.015071
2 0.340758 0.105496 0.007314 0.006206
2 0.427194 0.240248 0.019282 0.025709
2 0.516622 0.990027 0.013298 0.019946
2 0.391290 0.867908 0.020612 0.018617
2 0.715093 0.889628 0.012633 0.026596
2 0.692487 0.749113 0.023271 0.011525
2 0.572141 0.660018 0.007314 0.015957
2 0.548205 0.617908 0.017952 0.006206
2 0.543883 0.640957 0.013298 0.025709
2 0.514295 0.709220 0.013963 0.011525
2 0.433843 0.625000 0.017952 0.023936
2 0.441489 0.680408 0.009309 0.017730
2 0.423205 0.678191 0.009973 0.018617
0 0.332779 0.808067 0.019282 0.021277
0 0.295213 0.644504 0.009309 0.015071
0 0.536902 0.716755 0.009973 0.008865
1 0.528258 0.792553 0.008644 0.015071
0 0.462434 0.941489 0.015293 0.018617
0 0.475399 0.883422 0.017287 0.017730
0 0.463431 0.626773 0.009309 0.016844
0 0.624003 0.569592 0.013963 0.026596
1 0.462101 0.608156 0.005319 0.011525
2 0.531915 0.756649 0.013298 0.014184
2 0.633976 0.935284 0.005984 0.015071
2 0.715758 0.725177 0.005984 0.020390
2 0.725399 0.695479 0.018617 0.014184
2 0.657912 0.605496 0.015293 0.018617
2 0.564495 0.696809 0.007979 0.018617