2 0.604173 0.131425 0.021737 0.026025
2 0.194417 0.052345 0.013308 0.025433
2 0.181996 0.300586 0.009759 0.021293
2 0.177560 0.284616 0.019519 0.008281
2 0.246318 0.332821 0.007985 0.018336
2 0.234563 0.394925 0.005767 0.023067
2 0.213491 0.393447 0.007098 0.020110
2 0.199740 0.428816 0.009759 0.021293
2 0.185988 0.427929 0.007098 0.018336
2 0.191755 0.459573 0.009759 0.020110
2 0.108357 0.285503 0.022180 0.039629
2 0.126545 0.137635 0.015083 0.021884
2 0.238111 0.302774 0.007541 0.023067
2 0.128098 0.410599 0.019075 0.009464
2 0.027888 0.428698 0.015970 0.010646
2 0.095316 0.465369 0.015970 0.011829
2 0.093098 0.529544 0.011534 0.024250
2 0.113725 0.500562 0.008428 0.012421
2 0.067812 0.498492 0.012421 0.015378
2 0.057609 0.518602 0.012421 0.022476
2 0.007926 0.509138 0.012421 0.020110
2 0.097312 0.580647 0.012864 0.012421
2 0.320355 0.417993 0.012864 0.024250
2 0.611448 0.089430 0.009316 0.021293
2 0.388626 0.274620 0.008872 0.020701
2 0.273955 0.181168 0.013752 0.011238
2 0.250355 0.608328 0.014639 0.013604
2 0.186920 0.580825 0.011090 0.013012
2 0.191356 0.613947 0.012864 0.014195
2 0.189138 0.631987 0.014639 0.012421
2 0.183149 0.669545 0.014195 0.015378
2 0.031880 0.600935 0.013308 0.013012
2 0.057831 0.626664 0.011977 0.019519
2 0.048515 0.606258 0.018188 0.021293
2 0.070474 0.610990 0.008872 0.011829
2 0.050245 0.681020 0.012421 0.011829
2 0.051354 0.738688 0.025285 0.014787
2 0.060005 0.823268 0.010646 0.028982
2 0.067990 0.675046 0.010646 0.006506
2 0.078192 0.736263 0.015970 0.017744
2 0.082850 0.759626 0.013752 0.010055
2 0.102147 0.709943 0.006210 0.017153
2 0.100594 0.732714 0.008428 0.020110
2 0.128763 0.763471 0.007985 0.020110
2 0.100373 0.805761 0.014195 0.021884
2 0.163142 0.711717 0.019075 0.028982
2 0.234296 0.628024 0.015526 0.010646
2 0.244721 0.638670 0.010646 0.014195
2 0.258428 0.590229 0.005767 0.024250
2 0.427308 0.300704 0.014195 0.010646
2 0.489368 0.332111 0.010203 0.015970
2 0.640282 0.212930 0.005767 0.014195
2 0.686860 0.207015 0.005767 0.015378
2 0.817502 0.542201 0.005323 0.018336
2 0.866742 0.385876 0.016857 0.036671
2 0.852990 0.429940 0.015083 0.011238
2 0.949695 0.429940 0.010646 0.011238
2 0.822248 0.107648 0.012864 0.015378
2 0.839771 0.951026 0.009759 0.007689
2 0.590332 0.967883 0.007541 0.027208
2 0.525744 0.945112 0.014639 0.018336
2 0.439907 0.939493 0.012421 0.008281
2 0.376959 0.924114 0.008428 0.023659
2 0.364538 0.934169 0.016413 0.026025
2 0.389602 0.814988 0.010646 0.014787
2 0.278701 0.862601 0.015083 0.022476
2 0.247649 0.798131 0.008872 0.016561
2 0.232566 0.783640 0.013308 0.014787
2 0.227021 0.762938 0.009316 0.014787
2 0.236559 0.760277 0.007098 0.018927
2 0.231236 0.743716 0.008872 0.018927
2 0.221920 0.738097 0.007098 0.011238
2 0.215266 0.725972 0.007985 0.018927
2 0.211052 0.764121 0.010203 0.014787
2 0.245874 0.714734 0.013308 0.013012
2 0.256743 0.737209 0.013752 0.017744
2 0.243213 0.743124 0.006210 0.015378
2 0.324392 0.654108 0.016857 0.025433
2 0.230127 0.820311 0.012864 0.025433
2 0.364716 0.742474 0.006654 0.024250
2 0.341870 0.751050 0.018631 0.015378
2 0.350299 0.785651 0.015083 0.013604
2 0.330337 0.846868 0.012421 0.011829
2 0.224315 0.519785 0.007985 0.017744
2 0.196368 0.804933 0.008872 0.024250
2 0.018350 0.647188 0.016413 0.011829
2 0.113060 0.353286 0.016857 0.033714
2 0.125924 0.712782 0.009759 0.014787
2 0.151210 0.764240 0.011534 0.020701
2 0.085778 0.699769 0.020849 0.021884
2 0.081342 0.682025 0.019962 0.013604
2 0.114612 0.716330 0.009316 0.027799
2 0.050290 0.899095 0.011090 0.023067
2 0.159860 0.844561 0.011090 0.015970
2 0.180266 0.876205 0.010203 0.020110
2 0.141894 0.851068 0.005323 0.015970
2 0.145221 0.867037 0.006654 0.014787
2 0.141007 0.909032 0.015083 0.018336
2 0.169397 0.889513 0.014195 0.021884
2 0.156311 0.889809 0.005767 0.020110
2 0.124372 0.892766 0.011977 0.016561
2 0.125924 0.851068 0.022180 0.013604
2 0.142781 0.889809 0.011534 0.017744
2 0.133244 0.869995 0.014639 0.015970
2 0.117939 0.874726 0.018631 0.017153
2 0.398962 0.677471 0.018188 0.018927
2 0.412048 0.748152 0.010646 0.015970
2 0.460845 0.880641 0.012421 0.012421
2 0.420255 0.713551 0.014639 0.010646
2 0.427131 0.695511 0.012421 0.018336
2 0.438664 0.710593 0.014195 0.009464
2 0.461954 0.700243 0.016413 0.017153
2 0.312193 0.582362 0.016413 0.010646
2 0.319069 0.631454 0.014195 0.010646
2 0.437245 0.538298 0.020406 0.012421
2 0.411960 0.586798 0.013308 0.015970
2 0.378467 0.562844 0.007541 0.022476
2 0.497797 0.617555 0.013752 0.014787
2 0.474108 0.780683 0.012864 0.028982
2 0.856982 0.594488 0.013308 0.013604
2 0.352073 0.057373 0.008517 0.016561
2 0.398030 0.152895 0.012421 0.027799
2 0.290146 0.604897 0.012421 0.015970
2 0.490877 0.565210 0.008428 0.022476
2 0.916869 0.522920 0.013308 0.012421
2 0.198897 0.202875 0.010203 0.010646
2 0.134353 0.261726 0.008872 0.019519
2 0.069675 0.894836 0.009759 0.024250
2 0.324792 0.725498 0.009316 0.011829
2 0.347193 0.728751 0.009759 0.008872
2 0.398430 0.906666 0.011977 0.019519
1 0.213536 0.286272 0.009316 0.010646
0 0.155646 0.416396 0.040811 0.048501
3 0.330760 0.621998 0.016081 0.017867
1 0.519440 0.772227 0.011792 0.025014
1 0.528552 0.852630 0.015009 0.020011
1 0.489155 0.581332 0.016617 0.011435
1 0.628520 0.637722 0.011256 0.023585
1 0.651569 0.950543 0.020905 0.022870
1 0.446005 0.701758 0.011792 0.019297
1 0.308301 0.876858 0.009112 0.015009
1 0.103380 0.772513 0.008576 0.016438
1 0.047366 0.797885 0.016617 0.024300
1 0.016545 0.796098 0.010720 0.007862
1 0.017081 0.820755 0.012864 0.011435
1 0.011721 0.695683 0.007504 0.014294
1 0.105525 0.693182 0.007504 0.010720
1 0.594054 0.525943 0.008576 0.013579
1 0.952169 0.386221 0.009112 0.012864
1 0.931800 0.391224 0.014473 0.017153
1 0.811732 0.442324 0.010184 0.017867
1 0.656929 0.140366 0.012328 0.011435
1 0.965302 0.240709 0.022513 0.021441
1 0.868925 0.668882 0.009648 0.016438
1 0.875357 0.707118 0.007504 0.012864
1 0.950132 0.727130 0.008040 0.014294
1 0.872945 0.762150 0.008040 0.010006
1 0.956028 0.771083 0.006968 0.009291
1 0.948524 0.828259 0.005896 0.007862
1 0.665773 0.736063 0.009648 0.010720
1 0.683998 0.683176 0.007504 0.013579
1 0.709459 0.599200 0.006968 0.010006
1 0.544901 0.718553 0.008040 0.011435
1 0.432604 0.683605 0.010720 0.007862
1 0.507647 0.537736 0.005360 0.007147
1 0.383826 0.633719 0.008576 0.012150
1 0.370962 0.604417 0.008576 0.012150
1 0.390902 0.390152 0.008576 0.015009
1 0.884041 0.355203 0.006432 0.011435
1 0.027802 0.528659 0.009648 0.015009
2 0.003448 0.989137 0.006896 0.021441