1 0.651596 0.401596 0.021277 0.017730
0 0.865027 0.501773 0.195479 0.225177
0 0.427527 0.567376 0.019947 0.030142
0 0.678191 0.850177 0.013298 0.024823
0 0.698803 0.714539 0.025266 0.019504
0 0.621011 0.625887 0.010638 0.015957
0 0.583112 0.717199 0.011968 0.017730
0 0.568484 0.695035 0.009309 0.019504
0 0.833112 0.680851 0.011968 0.026596
0 0.819149 0.753546 0.007979 0.008865
0 0.777261 0.815603 0.009309 0.015957
0 0.823803 0.859929 0.017287 0.019504
0 0.906915 0.731383 0.015957 0.010638
0 0.750000 0.619681 0.023936 0.014184
0 0.711436 0.511525 0.010638 0.010638
0 0.978723 0.320922 0.007979 0.015957
0 0.989362 0.274823 0.018617 0.015957
0 0.834441 0.027482 0.027926 0.017730
1 0.690160 0.143617 0.010638 0.015957
1 0.462101 0.206560 0.017287 0.028369
1 0.696144 0.765957 0.011968 0.012411
1 0.673537 0.786348 0.006649 0.007092
1 0.493351 0.699468 0.010638 0.017730
1 0.564495 0.643617 0.003989 0.019504
1 0.324468 0.522163 0.018617 0.028369
1 0.222074 0.373227 0.037234 0.017730
1 0.233378 0.112589 0.006649 0.007092
1 0.323803 0.040780 0.025266 0.023050
1 0.263298 0.503546 0.013298 0.005319
1 0.259309 0.603723 0.013298 0.014184
1 0.276596 0.717199 0.007979 0.017730
1 0.481383 0.773936 0.013298 0.014184
1 0.525266 0.781028 0.010638 0.017730
1 0.359707 0.742908 0.009309 0.005319
1 0.204787 0.954787 0.010638 0.031915