0 0.694149 0.058511 0.010638 0.023050
0 0.882314 0.236702 0.019947 0.021277
0 0.760638 0.630319 0.021277 0.028369
0 0.681516 0.779255 0.014628 0.035461
0 0.617686 0.845745 0.014628 0.015957
0 0.644282 0.745567 0.025266 0.021277
0 0.575133 0.501773 0.011968 0.023050
0 0.855718 0.740248 0.009309 0.010638
0 0.994016 0.453901 0.011968 0.030142
0 0.823803 0.534574 0.022606 0.024823
0 0.496676 0.750887 0.011968 0.024823
0 0.489362 0.551418 0.018617 0.015957
0 0.388963 0.087766 0.014628 0.021277
0 0.055851 0.407801 0.021277 0.026596
0 0.045213 0.258865 0.010638 0.012411
0 0.439495 0.877660 0.011968 0.023050
0 0.637633 0.506206 0.014628 0.028369