1 0.296088 0.655455 0.011746 0.021627
1 0.223096 0.633082 0.015661 0.017153
1 0.242393 0.683049 0.009509 0.018644
1 0.124655 0.592438 0.015661 0.013424
1 0.119341 0.525319 0.013983 0.017898
1 0.022298 0.576031 0.020136 0.016407
1 0.103680 0.759863 0.012864 0.020136
1 0.039358 0.652472 0.013983 0.015661
1 0.579611 0.964427 0.021254 0.014915
1 0.845123 0.815348 0.009509 0.015661
1 0.837572 0.968603 0.010068 0.016407
1 0.795622 0.948467 0.008949 0.016407
1 0.994854 0.946230 0.010292 0.019390
1 0.620945 0.459393 0.011746 0.016407
1 0.769446 0.077560 0.011187 0.013424
1 0.067604 0.305541 0.017898 0.012678
1 0.187020 0.175255 0.022932 0.016407
1 0.223656 0.765754 0.013424 0.014915
1 0.473898 0.064136 0.017898 0.025356
2 0.831699 0.361623 0.009509 0.024610
2 0.854911 0.527034 0.015661 0.015661
2 0.684596 0.579014 0.019576 0.013424
2 0.668655 0.590573 0.016780 0.017153
2 0.648799 0.605862 0.012864 0.017898
2 0.861623 0.697218 0.013424 0.020136
2 0.867496 0.683794 0.011746 0.011187
2 0.949437 0.910806 0.016780 0.030576
2 0.811004 0.879111 0.011746 0.013424
2 0.588280 0.886942 0.017339 0.023119
2 0.567026 0.898874 0.011746 0.027593
2 0.559475 0.879111 0.016780 0.029831
2 0.551644 0.954434 0.019017 0.035797
2 0.512827 0.685957 0.017898 0.026848
2 0.502200 0.731822 0.013424 0.021627
2 0.431054 0.878738 0.014542 0.014170
2 0.295417 0.789619 0.011746 0.019390
2 0.332053 0.912671 0.011187 0.019390
2 0.208442 0.819450 0.015661 0.029831
2 0.348833 0.914908 0.015661 0.014915
2 0.477478 0.519204 0.016780 0.017898
2 0.502368 0.353643 0.008390 0.017898
2 0.523063 0.310761 0.015102 0.021627
2 0.632131 0.307107 0.015102 0.017898
2 0.714073 0.390633 0.010068 0.022373
2 0.768607 0.292938 0.013983 0.011932
2 0.753785 0.325378 0.013424 0.017153
2 0.298885 0.095085 0.019576 0.012678
2 0.331829 0.318443 0.015661 0.016407
2 0.148706 0.628981 0.023492 0.024461
1 0.541521 0.507868 0.009509 0.017898
1 0.686106 0.466851 0.011187 0.016407
1 0.305038 0.280558 0.009509 0.013424
1 0.114587 0.301066 0.011187 0.017153
1 0.152062 0.681781 0.012305 0.017898
1 0.070960 0.826833 0.011187 0.021627
1 0.435640 0.104035 0.008949 0.012678
1 0.862201 0.420504 0.009401 0.010555
1 0.939636 0.474601 0.008906 0.011875
1 0.900053 0.751748 0.006927 0.012535