1 0.575798 0.218972 0.018617 0.024823
1 0.541888 0.147163 0.017287 0.019504
1 0.700798 0.019504 0.015957 0.015957
1 0.871011 0.027482 0.018617 0.017730
1 0.704787 0.302305 0.026596 0.024823
1 0.708777 0.326241 0.021277 0.019504
1 0.651596 0.239362 0.015957 0.019504
1 0.594415 0.231383 0.015957 0.039007
1 0.585771 0.271277 0.022606 0.015957
1 0.678191 0.249113 0.013298 0.024823
1 0.558511 0.360816 0.023936 0.014184
1 0.498005 0.398936 0.017287 0.030142
1 0.603059 0.399823 0.011968 0.024823
1 0.551197 0.482270 0.017287 0.015957
1 0.673537 0.433511 0.014628 0.024823
1 0.640957 0.466312 0.010638 0.026596
1 0.706782 0.481383 0.017287 0.024823
1 0.897606 0.502660 0.007979 0.031915
1 0.585106 0.573582 0.015957 0.021277
1 0.589096 0.523050 0.015957 0.023050
1 0.565160 0.562943 0.015957 0.017730
1 0.586436 0.626773 0.013298 0.024823
1 0.591090 0.687943 0.011968 0.019504
1 0.636303 0.801418 0.014628 0.030142
1 0.688830 0.916667 0.018617 0.026596
1 0.632979 0.619681 0.015957 0.039007
1 0.657580 0.588652 0.011968 0.012411
1 0.825133 0.704787 0.022606 0.042553
1 0.855053 0.837766 0.013298 0.031915
1 0.896941 0.757979 0.011968 0.017730
1 0.964096 0.828014 0.018617 0.015957
1 0.357048 0.467199 0.014628 0.028369
1 0.456117 0.400709 0.013298 0.023050
1 0.317819 0.852837 0.018617 0.030142
1 0.363032 0.863475 0.018617 0.019504
1 0.458777 0.885638 0.018617 0.024823
1 0.526596 0.898050 0.010638 0.021277
1 0.765957 0.712766 0.021277 0.023050
1 0.934176 0.248227 0.019947 0.026596
1 0.648936 0.125887 0.015957 0.023050
1 0.736037 0.703901 0.019947 0.019504
1 0.823803 0.789894 0.009309 0.010638
1 0.682846 0.843085 0.017287 0.024823
1 0.696809 0.774823 0.005319 0.015957
1 0.666888 0.734929 0.014628 0.014184
1 0.674202 0.390071 0.007979 0.012411
2 0.146277 0.882979 0.015957 0.026596
2 0.116356 0.939716 0.017287 0.033688
2 0.115691 0.865248 0.013298 0.019504
2 0.486037 0.614362 0.006649 0.010638
2 0.933511 0.076241 0.015957 0.023050
2 0.774601 0.028369 0.009309 0.019504
2 0.091090 0.082447 0.017287 0.024823
2 0.197473 0.082447 0.017287 0.017730
2 0.049202 0.088652 0.018617 0.026596
2 0.078457 0.326241 0.013298 0.019504
2 0.737367 0.978723 0.019947 0.019504
2 0.942154 0.912234 0.011968 0.014184
2 0.930186 0.918440 0.011968 0.026596
2 0.861037 0.876773 0.019947 0.024823
2 0.890293 0.826241 0.014628 0.012411
2 0.877660 0.843085 0.015957 0.024823
2 0.713431 0.710993 0.011968 0.026596
2 0.468750 0.624113 0.009309 0.019504
2 0.517952 0.667553 0.009309 0.017730
2 0.615027 0.757979 0.019947 0.017730