0 0.293218 0.375887 0.014628 0.026596
0 0.275266 0.297872 0.013298 0.026596
0 0.488697 0.319149 0.022606 0.030142
0 0.386968 0.367908 0.015957 0.021277
0 0.233378 0.630319 0.014628 0.021277
0 0.233378 0.701241 0.014628 0.024823
0 0.765957 0.301418 0.015957 0.030142
0 0.968750 0.092199 0.017287 0.015957
1 0.648936 0.406915 0.015957 0.021277
1 0.865691 0.506206 0.013298 0.028369
1 0.909574 0.523050 0.013298 0.030142
1 0.832447 0.507979 0.005319 0.024823
1 0.977394 0.553191 0.007979 0.008865
2 0.765293 0.704787 0.027926 0.028369
0 0.804521 0.907801 0.023936 0.015957
0 0.820479 0.828014 0.013298 0.026596
0 0.784574 0.802305 0.015957 0.014184
2 0.797872 0.647163 0.015957 0.026596
2 0.746676 0.553191 0.017287 0.033688
2 0.718085 0.617021 0.010638 0.023050
2 0.577128 0.286348 0.010638 0.017730
1 0.602394 0.311170 0.023936 0.024823
1 0.668883 0.146277 0.021277 0.017730
1 0.487367 0.655142 0.009309 0.017730
1 0.120346 0.433511 0.009309 0.017730
1 0.099734 0.471631 0.007979 0.015957
1 0.073138 0.722518 0.018617 0.014184
1 0.335106 0.475177 0.013298 0.015957
1 0.201463 0.100177 0.006649 0.010638
2 0.634973 0.602837 0.078457 0.097518
2 0.462766 0.443262 0.021277 0.033688
2 0.411569 0.577128 0.014628 0.035461
2 0.394282 0.502660 0.022606 0.021277
2 0.367021 0.504433 0.026596 0.017730
2 0.335106 0.536348 0.013298 0.017730
2 0.415559 0.687057 0.006649 0.017730
2 0.387633 0.709220 0.014628 0.026596
2 0.736702 0.887411 0.085106 0.085106
2 0.513963 0.475177 0.027926 0.015957