0 0.471410 0.315603 0.011968 0.019504
0 0.650266 0.640957 0.039894 0.035461
0 0.685505 0.417553 0.017287 0.028369
0 0.800532 0.425532 0.018617 0.015957
0 0.821144 0.445035 0.014628 0.030142
0 0.830452 0.542553 0.014628 0.030142
2 0.823803 0.256206 0.014628 0.024823
2 0.775931 0.328014 0.011968 0.026596
2 0.666888 0.867021 0.009309 0.023050
0 0.682181 0.811170 0.010638 0.017730
2 0.916223 0.947695 0.013298 0.021277
2 0.409574 0.501773 0.023936 0.019504
2 0.689495 0.576241 0.017287 0.026596
2 0.886303 0.795213 0.011968 0.035461
2 0.911569 0.764184 0.011968 0.019504
2 0.431516 0.978723 0.014628 0.023050
2 0.621676 0.970745 0.011968 0.024823
2 0.678191 0.909574 0.018617 0.008865
2 0.787234 0.745567 0.010638 0.031915
2 0.683511 0.517730 0.013298 0.019504
2 0.617686 0.556738 0.017287 0.012411
2 0.744681 0.549645 0.010638 0.026596
2 0.901596 0.524823 0.013298 0.019504
1 0.926862 0.454787 0.013298 0.021277
1 0.820479 0.315603 0.010638 0.019504
1 0.926197 0.338652 0.014628 0.012411
1 0.749335 0.637411 0.014628 0.028369
1 0.699468 0.955674 0.010638 0.012411
1 0.777261 0.885638 0.019947 0.017730
1 0.840426 0.809397 0.010638 0.014184
1 0.832447 0.758865 0.013298 0.005319
1 0.753324 0.712766 0.009309 0.015957
1 0.770612 0.673759 0.011968 0.012411
1 0.842420 0.673759 0.022606 0.015957
1 0.914894 0.576241 0.018617 0.008865
1 0.878324 0.625000 0.009309 0.007092
1 0.923537 0.734043 0.009309 0.015957
1 0.870346 0.695922 0.011968 0.010638
1 0.823138 0.718085 0.007979 0.012411
1 0.769947 0.719858 0.018617 0.019504
2 0.688165 0.788121 0.022606 0.021277
2 0.799867 0.856383 0.009309 0.023050
2 0.845745 0.887411 0.021277 0.017730
2 0.855053 0.856383 0.010638 0.015957
2 0.913564 0.847518 0.015957 0.005319
2 0.924867 0.818262 0.011968 0.017730
2 0.921543 0.799645 0.015957 0.015957
2 0.979388 0.752660 0.009309 0.021277
2 0.990027 0.659574 0.014628 0.023050
2 0.994016 0.715426 0.009309 0.021277
2 0.904255 0.117021 0.013298 0.030142
2 0.927527 0.120567 0.011968 0.008865
2 0.744016 0.179965 0.011968 0.010638
2 0.584441 0.354610 0.022606 0.019504
2 0.384973 0.811170 0.017287 0.031915
2 0.409574 0.830674 0.007979 0.024823
2 0.412899 0.795213 0.011968 0.010638
2 0.432846 0.601950 0.011968 0.021277
2 0.448803 0.610816 0.014628 0.014184
2 0.243351 0.803191 0.021277 0.023050
2 0.286569 0.788121 0.014628 0.017730
2 0.300532 0.835993 0.015957 0.024823
2 0.279920 0.876773 0.017287 0.021277
2 0.265293 0.836879 0.009309 0.023050
2 0.275931 0.909574 0.017287 0.015957
2 0.301197 0.908688 0.014628 0.010638
1 0.510404 0.517835 0.011733 0.014602
1 0.512359 0.560075 0.015645 0.013559
1 0.524875 0.681581 0.009387 0.010430
1 0.482243 0.696704 0.010169 0.013559
1 0.457603 0.671673 0.009387 0.013559
1 0.448217 0.637255 0.003129 0.005215
1 0.436874 0.685753 0.007040 0.010430
1 0.500626 0.741552 0.004693 0.007301
1 0.517835 0.784835 0.006258 0.006258
1 0.522137 0.839591 0.008605 0.011473
1 0.544039 0.811431 0.010169 0.019816
1 0.604662 0.747810 0.004693 0.009387
1 0.584324 0.770234 0.006258 0.008344
1 0.553035 0.772320 0.006258 0.006258
1 0.445870 0.743116 0.015645 0.010430
1 0.469728 0.771798 0.017991 0.013559
1 0.467381 0.752503 0.010169 0.010430
1 0.434919 0.952232 0.006258 0.005215
1 0.382509 0.976220 0.004693 0.007301
1 0.674671 0.833333 0.007040 0.011473
2 0.641427 0.833333 0.009387 0.019816
2 0.641036 0.888089 0.010169 0.020859
2 0.725516 0.967877 0.013298 0.013559
2 0.746636 0.866708 0.008605 0.023988
2 0.778317 0.865665 0.007822 0.019816
2 0.761499 0.860972 0.007040 0.012516
2 0.788094 0.848978 0.008605 0.023988
2 0.721605 0.830204 0.014862 0.015645
2 0.716130 0.756675 0.014862 0.012516
2 0.574155 0.777534 0.012516 0.022945
2 0.343789 0.416667 0.011733 0.010430
2 0.474030 0.342094 0.009387 0.013559
2 0.360998 0.735294 0.011733 0.019816
2 0.321887 0.565811 0.014862 0.012516
2 0.360216 0.842199 0.005476 0.018773
2 0.430225 0.941802 0.015645 0.019816
2 0.395025 0.951189 0.015645 0.026074
2 0.375078 0.990300 0.014862 0.018773
2 0.314847 0.963183 0.016427 0.018773
2 0.325016 0.884960 0.017991 0.014602
2 0.293727 0.868794 0.013298 0.023988
2 0.257353 0.926679 0.009387 0.014602
2 0.271824 0.945453 0.013298 0.022945
2 0.245228 0.952753 0.008605 0.022945
2 0.211593 0.977263 0.019556 0.015645
1 0.222935 0.928765 0.009387 0.006258
1 0.222153 0.913642 0.009387 0.009387
1 0.248357 0.890175 0.010169 0.012516
1 0.258135 0.871923 0.009387 0.007301
1 0.231931 0.738423 0.017991 0.026074
1 0.291380 0.755111 0.007040 0.007301
1 0.389941 0.737902 0.010169 0.008344
1 0.205726 0.482374 0.017209 0.016688
1 0.766974 0.578327 0.013298 0.012516
1 0.742725 0.390592 0.008605 0.012516
1 0.684449 0.620567 0.007822 0.011473
1 0.555773 0.715478 0.013298 0.013559
1 0.445870 0.901648 0.007822 0.010430
1 0.429834 0.875052 0.005476 0.003129
1 0.434919 0.892261 0.004693 0.004172
1 0.533870 0.604923 0.010169 0.011473
1 0.602707 0.501147 0.007040 0.010430
1 0.596840 0.572069 0.004693 0.008344
1 0.681712 0.353567 0.007040 0.007301
1 0.745463 0.377034 0.007822 0.010430
1 0.772059 0.372340 0.003129 0.003129
1 0.438439 0.501669 0.007040 0.011473
1 0.363345 0.505319 0.010169 0.016688
1 0.619524 0.738423 0.004693 0.007301
1 0.782228 0.817689 0.004693 0.009387
1 0.763845 0.815603 0.007040 0.003129
1 0.801392 0.824468 0.008605 0.010430
2 0.705178 0.936587 0.011733 0.019816
2 0.797090 0.894347 0.004693 0.016688
2 0.542475 0.846892 0.005476 0.015645
2 0.564768 0.835419 0.006258 0.013559
2 0.526830 0.501669 0.008605 0.011473
2 0.502190 0.571026 0.007822 0.012516