0 0.619944 0.425457 0.020905 0.040738
0 0.484820 0.874908 0.174957 0.250184
0 0.798867 0.827616 0.016617 0.027158
1 0.397817 0.022513 0.017689 0.022156
1 0.157411 0.082905 0.021441 0.017153
1 0.611324 0.186045 0.014243 0.023891
1 0.900775 0.057094 0.012405 0.020828
1 0.800616 0.313159 0.015162 0.015927
1 0.825885 0.442416 0.007811 0.024504
1 0.834615 0.445479 0.009648 0.023279
1 0.853682 0.542882 0.009189 0.024504
1 0.689659 0.538655 0.016540 0.014090
1 0.826666 0.665707 0.014702 0.018990
1 0.801075 0.754349 0.013324 0.012252
1 0.659428 0.755330 0.017459 0.012252
1 0.565012 0.723475 0.016081 0.014702
1 0.508500 0.703872 0.014243 0.017153
1 0.884694 0.964102 0.013324 0.012252
1 0.895951 0.967471 0.006432 0.025116
1 0.720442 0.902230 0.011027 0.012252
1 0.645553 0.809115 0.006432 0.012252
1 0.375123 0.817998 0.011027 0.020216
1 0.323665 0.789512 0.014702 0.015927
1 0.376041 0.657498 0.008270 0.011639
1 0.183304 0.737442 0.016081 0.015927
1 0.288722 0.074185 0.010292 0.011149
1 0.566660 0.442110 0.009648 0.023156
1 0.538872 0.512178 0.012221 0.018868
1 0.581647 0.524614 0.011578 0.016295
1 0.568782 0.579931 0.015437 0.024014
1 0.315352 0.650343 0.009005 0.011149
1 0.303130 0.649485 0.007719 0.018010
1 0.168439 0.571098 0.006432 0.009434
1 0.958190 0.357890 0.010292 0.018010
1 0.938701 0.681304 0.007075 0.012007
1 0.330210 0.823242 0.007075 0.016295
2 0.247556 0.710892 0.020583 0.023156
2 0.229545 0.719897 0.010292 0.025729
2 0.201887 0.840395 0.014151 0.024871
2 0.107654 0.854974 0.008362 0.021441
2 0.108619 0.939451 0.015437 0.017153
2 0.046870 0.919726 0.010292 0.020583
2 0.101222 0.599828 0.021226 0.010292
2 0.289044 0.866552 0.014794 0.017153
2 0.321205 0.933019 0.012221 0.019726
2 0.235656 0.989623 0.016081 0.007719
2 0.234048 0.967753 0.014151 0.012007
2 0.373628 0.860549 0.010292 0.024014
2 0.382311 0.892710 0.021226 0.014580
2 0.409005 0.843396 0.016724 0.018868
2 0.391960 0.851115 0.010935 0.025729
2 0.694854 0.738336 0.018010 0.026587
2 0.772620 0.956604 0.012221 0.020583
2 0.828259 0.977616 0.012864 0.021441
2 0.847877 0.931304 0.010935 0.014580
2 0.884541 0.932590 0.013508 0.025729
2 0.847234 0.797084 0.010935 0.027444
2 0.750107 0.788937 0.014794 0.018010
2 0.704117 0.806518 0.024443 0.018868
2 0.750429 0.865266 0.011578 0.023156
2 0.759434 0.832676 0.007719 0.024871
2 0.726308 0.833105 0.009648 0.027444
2 0.780982 0.879417 0.014794 0.013722
2 0.758791 0.904717 0.012864 0.014580
2 0.738208 0.904717 0.012864 0.014580
2 0.723092 0.881561 0.008362 0.014580
2 0.718268 0.867410 0.011578 0.010292
2 0.713443 0.928731 0.007075 0.021441
2 0.724057 0.936449 0.015437 0.018010
2 0.700257 0.948456 0.011578 0.019726
2 0.662950 0.983190 0.016724 0.015437
2 0.614708 0.844683 0.015437 0.012864
2 0.606990 0.807376 0.016724 0.015437
2 0.895476 0.595540 0.013508 0.018868
2 0.906732 0.604974 0.015437 0.015437
2 0.905124 0.731475 0.012221 0.012864
2 0.897084 0.672727 0.009005 0.020583
2 0.873606 0.782504 0.013508 0.012007
2 0.867817 0.821098 0.008362 0.027444
2 0.820540 0.835678 0.007719 0.018868
2 0.786449 0.559348 0.011578 0.012007
2 0.696334 0.508834 0.014794 0.012864
2 0.710356 0.375815 0.010935 0.024014
2 0.642496 0.344940 0.007719 0.020583
2 0.582676 0.374528 0.010292 0.031732
2 0.744640 0.292710 0.012864 0.011149
2 0.900300 0.230961 0.011578 0.021441
2 0.533276 0.173328 0.015437 0.023156
2 0.558362 0.230360 0.007719 0.013722
2 0.558040 0.247513 0.010935 0.012007
2 0.461235 0.071612 0.016724 0.016295
2 0.297213 0.034734 0.005146 0.019726
2 0.436664 0.510549 0.011578 0.011149
2 0.454031 0.938593 0.009005 0.015437
2 0.466574 0.933876 0.009648 0.024871
2 0.625643 0.814666 0.010292 0.026587
2 0.918246 0.727187 0.014794 0.009434
2 0.370540 0.714751 0.015437 0.012007
2 0.454996 0.237993 0.012221 0.019726
2 0.714537 0.517410 0.011578 0.012864
2 0.535399 0.685506 0.016081 0.019726
2 0.596505 0.588593 0.017367 0.018010
2 0.659220 0.673928 0.014151 0.013722
1 0.678073 0.918296 0.008576 0.009720
1 0.676358 0.931732 0.007719 0.008005
1 0.726958 0.952030 0.012864 0.008576
1 0.365580 0.604345 0.008576 0.010292
1 0.252373 0.615209 0.008576 0.013722
1 0.649543 0.046884 0.007719 0.013722