2 0.582447 0.429965 0.023936 0.035461
2 0.583112 0.339539 0.022606 0.028369
2 0.476064 0.329787 0.018617 0.026596
2 0.706782 0.379433 0.014628 0.030142
2 0.729388 0.367021 0.009309 0.033688
2 0.759973 0.443262 0.011968 0.030142
2 0.460106 0.367908 0.010638 0.031915
2 0.348404 0.053191 0.018617 0.026596
2 0.347739 0.184397 0.019947 0.026596
2 0.251995 0.230496 0.014628 0.015957
2 0.327793 0.757979 0.017287 0.031915
1 0.888963 0.966312 0.014628 0.023050
2 0.890957 0.665780 0.018617 0.014184
2 0.317819 0.564716 0.013298 0.024823
2 0.315160 0.520390 0.013298 0.021277
2 0.307846 0.699468 0.011968 0.031915
2 0.406915 0.567376 0.026596 0.015957
2 0.458112 0.482270 0.017287 0.015957
2 0.489362 0.507092 0.018617 0.012411
2 0.519282 0.492908 0.019947 0.015957
2 0.569149 0.494681 0.013298 0.023050
2 0.535904 0.616135 0.015957 0.014184
1 0.254654 0.727837 0.019947 0.014184
1 0.531915 0.772163 0.015957 0.031915
1 0.566489 0.734043 0.021277 0.012411
1 0.329122 0.257092 0.017287 0.023050
1 0.366356 0.326241 0.017287 0.012411
1 0.380319 0.360816 0.015957 0.017730
1 0.388963 0.393617 0.009309 0.008865
1 0.209441 0.500000 0.014628 0.019504
1 0.232713 0.487589 0.010638 0.012411
1 0.309840 0.445035 0.015957 0.015957
1 0.451463 0.659574 0.014628 0.023050
1 0.600399 0.613475 0.011968 0.033688
1 0.888298 0.263298 0.015957 0.014184
1 0.519282 0.562943 0.019947 0.021277
1 0.381649 0.508865 0.013298 0.015957
1 0.309840 0.478723 0.005319 0.008865
1 0.542553 0.440603 0.010638 0.010638
1 0.512633 0.848404 0.011968 0.024823
1 0.555851 0.909574 0.007979 0.008865
1 0.612367 0.860816 0.011968 0.017730
1 0.979388 0.942376 0.019947 0.021277
1 0.967420 0.917553 0.011968 0.010638
1 0.409574 0.635638 0.018617 0.017730
1 0.410904 0.533688 0.013298 0.023050
1 0.220080 0.191489 0.014628 0.012411
1 0.226729 0.579787 0.011968 0.030142
1 0.835771 0.740248 0.009309 0.017730
1 0.493351 0.710106 0.015957 0.007092
1 0.303191 0.652482 0.010638 0.012411
1 0.217420 0.649823 0.009309 0.014184
1 0.206782 0.720745 0.011968 0.021277
1 0.152926 0.927305 0.021277 0.023050
1 0.105053 0.888298 0.013298 0.023050
1 0.105718 0.756206 0.011968 0.017730
1 0.440160 0.890071 0.010638 0.012411