0 0.044854 0.480274 0.033448 0.072041
1 0.623756 0.535163 0.020583 0.027444
1 0.611535 0.543739 0.014151 0.034305
1 0.614878 0.133520 0.009479 0.025278
1 0.918040 0.566444 0.017943 0.015799
1 0.879785 0.637989 0.010495 0.023472
1 0.785671 0.658211 0.019974 0.024375
1 0.752325 0.700867 0.010156 0.021215
1 0.903347 0.775661 0.012526 0.019861
1 0.551402 0.969802 0.011172 0.020312
1 0.681366 0.854869 0.017867 0.020011
1 0.008886 0.575186 0.017772 0.017153
1 0.016700 0.839146 0.013579 0.017153
1 0.228964 0.684772 0.010720 0.019059
1 0.755908 0.078140 0.010006 0.013341
1 0.648359 0.124582 0.007109 0.010833
1 0.847725 0.420872 0.008125 0.009930
1 0.824704 0.520538 0.005417 0.009930
1 0.853819 0.686287 0.006771 0.009930
1 0.843663 0.693509 0.008125 0.011736
1 0.874300 0.691478 0.007109 0.009479
1 0.831475 0.816060 0.008125 0.013993
2 0.604479 0.749253 0.006420 0.015622
1 0.620734 0.846213 0.008463 0.013993
1 0.563352 0.837862 0.005417 0.009028
1 0.281450 0.793491 0.007786 0.009479
1 0.317843 0.919879 0.009479 0.010382
1 0.281857 0.655141 0.009141 0.019861
1 0.392627 0.549066 0.018620 0.010833
1 0.606346 0.460512 0.008949 0.015661
1 0.672067 0.466105 0.007271 0.014915
1 0.756525 0.621747 0.010627 0.014170
1 0.490958 0.612648 0.010627 0.009695
1 0.105638 0.526512 0.008949 0.013424
1 0.127172 0.636364 0.007271 0.011187
1 0.367962 0.918637 0.011187 0.011932
1 0.088858 0.764263 0.007831 0.010441
1 0.027053 0.651652 0.009509 0.013424
1 0.140484 0.623984 0.012864 0.015661
1 0.289936 0.282273 0.009509 0.011187
2 0.739690 0.326273 0.013424 0.015661
2 0.699698 0.391528 0.010627 0.017898
2 0.730461 0.563055 0.007271 0.019390
2 0.668935 0.579834 0.015102 0.012678
2 0.634536 0.607428 0.013424 0.017153
2 0.544765 0.878738 0.017339 0.030576
2 0.554273 0.896637 0.008390 0.026102
2 0.571892 0.887314 0.016780 0.022373
2 0.536095 0.952569 0.017898 0.032068
2 0.361194 0.584682 0.018458 0.010441
2 0.458293 0.521814 0.022932 0.017153
2 0.498285 0.687374 0.020136 0.024610
2 0.932378 0.910806 0.012864 0.021627
2 0.993064 0.925722 0.008949 0.021627
2 0.614960 0.011559 0.016780 0.023118
2 0.174379 0.177493 0.024051 0.016407
2 0.105358 0.592438 0.026288 0.022373
2 0.268122 0.770751 0.012864 0.027593
2 0.193172 0.824073 0.017339 0.017898
2 0.209001 0.632038 0.014542 0.018644
2 0.415225 0.877247 0.015102 0.018644
2 0.326740 0.914535 0.015102 0.026102
2 0.315833 0.908196 0.010068 0.020881
2 0.074316 0.779178 0.013424 0.010441
2 0.059214 0.827653 0.010068 0.016407
2 0.015027 0.774331 0.015661 0.009695
2 0.317063 0.319785 0.015661 0.010441
2 0.194011 0.363040 0.007831 0.019390
2 0.652994 0.800433 0.014542 0.009695
2 0.897420 0.618614 0.015661 0.011187
1 0.838690 0.527258 0.010068 0.011932
1 0.419755 0.103289 0.007831 0.011187
1 0.459468 0.063763 0.017898 0.027593
2 0.870292 0.213513 0.007271 0.017153
2 0.754232 0.294205 0.012305 0.011187
2 0.488832 0.354240 0.006153 0.016407
2 0.480163 0.702662 0.007831 0.016407