1 0.513765 0.022298 0.024443 0.027444
1 0.702873 0.522298 0.014151 0.025729
1 0.688528 0.576935 0.016648 0.030269
1 0.884522 0.600141 0.019675 0.018162
1 0.628746 0.702755 0.016648 0.021189
1 0.573126 0.702755 0.012864 0.019171
1 0.493063 0.817274 0.014378 0.020180
1 0.487388 0.804157 0.010594 0.012108
1 0.295782 0.739582 0.016648 0.018162
1 0.449021 0.824841 0.011351 0.023207
1 0.046817 0.537786 0.016648 0.020180
1 0.008980 0.939360 0.010594 0.024216
1 0.434265 0.651801 0.010594 0.014126
1 0.424427 0.647261 0.012108 0.021189
1 0.494047 0.656341 0.012108 0.015135
1 0.489507 0.714358 0.016648 0.022198
1 0.046817 0.814953 0.016648 0.021189
1 0.082383 0.531430 0.012108 0.015135
1 0.576001 0.236101 0.014378 0.020180
2 0.651070 0.887398 0.012864 0.031278
2 0.744905 0.811724 0.017405 0.041368
2 0.819443 0.799112 0.025729 0.022198
2 0.865226 0.782464 0.017405 0.021189
2 0.867117 0.857633 0.013621 0.024216
2 0.839875 0.828373 0.010594 0.024216
2 0.829659 0.512057 0.014378 0.025224
2 0.873438 0.824737 0.008270 0.026342
2 0.931558 0.825962 0.007811 0.018990
2 0.957517 0.792575 0.011027 0.026954
2 0.851384 0.899779 0.014702 0.022053
2 0.829791 0.916626 0.007351 0.016540
2 0.841277 0.928878 0.011946 0.012864
2 0.835534 0.939292 0.017000 0.016540
2 0.816237 0.942967 0.012405 0.018990
2 0.778792 0.976354 0.016540 0.015927
2 0.920301 0.963183 0.011946 0.014090
2 0.938679 0.966246 0.010108 0.015315
2 0.990367 0.916320 0.011486 0.020828
2 0.976124 0.812485 0.007811 0.025116
2 0.982556 0.774810 0.016081 0.012252
2 0.886073 0.949093 0.010567 0.020216
2 0.873208 0.897329 0.015162 0.013477
2 0.897329 0.872213 0.016540 0.009802
2 0.830939 0.871600 0.006892 0.012252
2 0.839669 0.871906 0.006892 0.014090
2 0.726139 0.801458 0.013783 0.015315
2 0.674681 0.874357 0.008270 0.015315
2 0.585549 0.925508 0.009189 0.014702
2 0.584630 0.939904 0.009189 0.016540
2 0.571995 0.937454 0.013324 0.017765
2 0.492052 0.859654 0.011486 0.025116
2 0.581184 0.798089 0.016081 0.015927
2 0.519389 0.934085 0.014702 0.018378
2 0.316084 0.842808 0.017000 0.024504
2 0.347096 0.974822 0.014702 0.015315
2 0.217441 0.859348 0.010108 0.020828
2 0.214684 0.946949 0.014702 0.022053
2 0.149672 0.920301 0.009648 0.022666
2 0.500873 0.891509 0.022513 0.018990
2 0.733858 0.840051 0.017459 0.012864
2 0.811183 0.733705 0.016081 0.022666
2 0.717410 0.587601 0.017459 0.018378
2 0.345764 0.719370 0.014243 0.021441
2 0.365061 0.712019 0.019756 0.025116
2 0.529359 0.844033 0.014243 0.017153
2 0.513278 0.852916 0.015162 0.033693
2 0.760874 0.345442 0.011027 0.022666
2 0.904221 0.559851 0.018378 0.017765
2 0.652536 0.170914 0.017459 0.024504
2 0.577876 0.068917 0.017000 0.017765
2 0.413624 0.030630 0.008270 0.023279
2 0.312454 0.329147 0.011027 0.022666
1 0.345667 0.804378 0.011027 0.017969
1 0.380891 0.877481 0.007964 0.017153
1 0.242138 0.757821 0.009802 0.013069
1 0.368333 0.616924 0.008576 0.018786
1 0.554501 0.747611 0.010414 0.012252
1 0.561852 0.762313 0.010414 0.017153
1 0.506412 0.689619 0.009802 0.013885
1 0.522891 0.479948 0.009189 0.011435
1 0.462550 0.366413 0.009802 0.014702
1 0.431001 0.414196 0.010414 0.012252
1 0.678183 0.228784 0.009802 0.013885
1 0.676039 0.247162 0.009189 0.016336
1 0.738524 0.225517 0.010414 0.015519
1 0.759352 0.219799 0.009189 0.013885
1 0.867169 0.235727 0.009189 0.009802
1 0.778649 0.350486 0.008576 0.012252
1 0.957527 0.918729 0.012252 0.011435
1 0.836062 0.895577 0.013254 0.014554
1 0.793765 0.925724 0.009746 0.012475
1 0.794740 0.912210 0.012475 0.012475
1 0.681961 0.817610 0.005847 0.011435
1 0.667537 0.744321 0.008966 0.011435
1 0.726012 0.768231 0.008186 0.010396
1 0.687419 0.829305 0.005068 0.011955
1 0.526223 0.793700 0.009356 0.011435
1 0.469307 0.776808 0.008576 0.007797
1 0.444943 0.887260 0.006627 0.012475
1 0.049457 0.963927 0.008576 0.011955
1 0.057643 0.431831 0.006237 0.011435
1 0.130932 0.486148 0.008576 0.012994
1 0.271467 0.391548 0.009746 0.009876
1 0.610388 0.256458 0.009746 0.010396
1 0.581150 0.191486 0.005847 0.009356
1 0.600837 0.259577 0.005458 0.009356
1 0.604930 0.272052 0.005068 0.007277
1 0.532733 0.213057 0.007407 0.008836
1 0.253885 0.220074 0.006237 0.012475
1 0.259343 0.212277 0.007797 0.009356
1 0.272987 0.228910 0.008576 0.009356
1 0.264996 0.231769 0.008186 0.008836
1 0.305577 0.389053 0.005458 0.009876
1 0.308696 0.467280 0.005458 0.008316
1 0.326940 0.556058 0.008576 0.010396
2 0.404354 0.870947 0.017153 0.017153
2 0.210467 0.600588 0.023891 0.012252
2 0.110614 0.788451 0.020216 0.015519
2 0.557196 0.510169 0.014090 0.013069
2 0.656130 0.682186 0.019603 0.014702