0 0.722091 0.633415 0.070318 0.073375
1 0.667060 0.526264 0.015287 0.023294
1 0.736286 0.479967 0.017470 0.027370
1 0.688921 0.357523 0.014514 0.023786
1 0.748337 0.380826 0.016630 0.017175
1 0.802401 0.658483 0.013002 0.012901
1 0.871190 0.670981 0.013909 0.011289
0 0.406265 0.581116 0.032051 0.032656
1 0.576046 0.248387 0.015421 0.010482
1 0.612270 0.213877 0.013002 0.023383
1 0.680152 0.226576 0.011490 0.024593
1 0.628145 0.283220 0.013304 0.011289
2 0.629354 0.338655 0.008466 0.021368
1 0.697781 0.048782 0.014211 0.013304
1 0.902848 0.989538 0.013002 0.020924
2 0.852201 0.862764 0.017537 0.007660
2 0.504777 0.279955 0.012700 0.011692
2 0.325925 0.294469 0.015421 0.013304