0 0.198138 0.802305 0.186170 0.070922
1 0.649601 0.241135 0.011968 0.019504
1 0.740691 0.024823 0.023936 0.015957
1 0.587101 0.374113 0.011968 0.023050
1 0.384309 0.522163 0.018617 0.014184
1 0.315824 0.554078 0.011968 0.010638
1 0.704787 0.341312 0.013298 0.014184
1 0.799867 0.441489 0.017287 0.015957
1 0.904255 0.361702 0.010638 0.023050
1 0.594415 0.710993 0.021277 0.026596
1 0.522606 0.741135 0.007979 0.008865
1 0.424867 0.933511 0.017287 0.010638
1 0.577128 0.968972 0.005319 0.010638
1 0.705452 0.891844 0.017287 0.033688
1 0.679521 0.816489 0.005319 0.010638
1 0.750665 0.838652 0.027926 0.019504
1 0.739362 0.930851 0.013298 0.019504
1 0.731383 0.889184 0.023936 0.017730
1 0.721410 0.853723 0.017287 0.017730
1 0.726064 0.649823 0.007979 0.014184
1 0.720745 0.709220 0.010638 0.012411
1 0.652926 0.641844 0.005319 0.008865
1 0.805851 0.794326 0.010638 0.019504
1 0.806516 0.923759 0.033245 0.026596
1 0.962101 0.792553 0.017287 0.033688
1 0.908245 0.711879 0.029255 0.017730
1 0.876330 0.869681 0.007979 0.024823
1 0.886968 0.903369 0.015957 0.017730
1 0.898271 0.869681 0.014628 0.028369
1 0.902261 0.813830 0.006649 0.008865
1 0.880984 0.670213 0.009309 0.008865
1 0.261968 0.535461 0.007979 0.008865
1 0.295878 0.528369 0.009309 0.012411
1 0.214096 0.498227 0.010638 0.012411
1 0.060505 0.707447 0.019947 0.015957
1 0.070479 0.092199 0.013298 0.015957