0 0.671543 0.093085 0.015957 0.028369
0 0.736702 0.195922 0.023936 0.028369
0 0.752660 0.259752 0.026596 0.017730
0 0.724069 0.444149 0.014628 0.024823
0 0.771941 0.434397 0.027926 0.023050
0 0.849734 0.400709 0.015957 0.015957
0 0.853059 0.502660 0.017287 0.017730
0 0.793883 0.592199 0.023936 0.015957
0 0.873670 0.648050 0.021277 0.014184
0 0.945479 0.509752 0.010638 0.014184
0 0.706782 0.704787 0.027926 0.017730
0 0.677527 0.563830 0.017287 0.012411
0 0.632314 0.639184 0.014628 0.021277
0 0.650266 0.660461 0.018617 0.024823
0 0.603059 0.683511 0.014628 0.021277
0 0.410239 0.390957 0.014628 0.014184
0 0.489362 0.479610 0.018617 0.017730
0 0.230053 0.032801 0.018617 0.021277
0 0.209441 0.414007 0.014628 0.014184
0 0.123670 0.555851 0.018617 0.021277
0 0.264628 0.619681 0.018617 0.017730
0 0.452128 0.659574 0.015957 0.023050
0 0.386303 0.724291 0.017287 0.017730
0 0.512633 0.322695 0.014628 0.026596
0 0.573803 0.892730 0.011968 0.021277
0 0.600399 0.884752 0.027926 0.015957
0 0.971410 0.571809 0.017287 0.024823
0 0.961436 0.631206 0.015957 0.033688
0 0.736037 0.915780 0.014628 0.021277
0 0.707447 0.810284 0.010638 0.023050
0 0.914229 0.810284 0.011968 0.012411
0 0.888963 0.824468 0.025266 0.026596
2 0.281915 0.241135 0.013298 0.023050
2 0.538564 0.179078 0.015957 0.033688
2 0.668218 0.196809 0.022606 0.015957
2 0.552527 0.236702 0.009309 0.010638
2 0.458112 0.403369 0.009309 0.014184
2 0.525931 0.422872 0.009309 0.028369
2 0.578457 0.397163 0.018617 0.023050
2 0.631649 0.403369 0.013298 0.014184
2 0.638963 0.458333 0.011968 0.035461
2 0.722074 0.596631 0.015957 0.017730
2 0.737367 0.605496 0.022606 0.014184
2 0.841755 0.704787 0.015957 0.017730
2 0.753989 0.763298 0.015957 0.017730
2 0.751995 0.668440 0.019947 0.019504
2 0.727394 0.680851 0.013298 0.023050
2 0.647606 0.734043 0.010638 0.019504
2 0.685505 0.735816 0.019947 0.023050
2 0.645612 0.838652 0.009309 0.019504
2 0.573138 0.791667 0.018617 0.024823
2 0.517287 0.745567 0.021277 0.049645
2 0.528590 0.805851 0.030585 0.031915
2 0.446809 0.812057 0.021277 0.033688
2 0.487367 0.831560 0.011968 0.023050
2 0.551862 0.838652 0.018617 0.033688
2 0.535239 0.936170 0.017287 0.019504
2 0.550532 0.957447 0.010638 0.008865
2 0.600399 0.966312 0.014628 0.023050
2 0.684176 0.946809 0.022606 0.033688
2 0.714761 0.942376 0.011968 0.028369
2 0.674867 0.811170 0.011968 0.028369
2 0.702128 0.832447 0.013298 0.028369
2 0.436835 0.844858 0.019947 0.017730
2 0.381649 0.881206 0.018617 0.026596
2 0.355718 0.889184 0.011968 0.024823
2 0.288564 0.929965 0.021277 0.031915
2 0.281915 0.802305 0.013298 0.024823
2 0.361702 0.682624 0.018617 0.026596
2 0.357713 0.170213 0.013298 0.026596
2 0.148936 0.651596 0.007979 0.010638
2 0.213431 0.601950 0.019947 0.024823
2 0.198138 0.710106 0.010638 0.017730
2 0.492686 0.988475 0.019947 0.021277
2 0.426197 0.972518 0.014628 0.024823
2 0.897606 0.956560 0.013298 0.028369
2 0.950798 0.892730 0.018617 0.028369
2 0.974734 0.912234 0.010638 0.024823
2 0.991356 0.944149 0.017287 0.010638
2 0.825133 0.800532 0.014628 0.021277
2 0.850399 0.755319 0.009309 0.012411
2 0.962766 0.778369 0.021277 0.015957
2 0.975399 0.758865 0.009309 0.012411
2 0.985372 0.731383 0.015957 0.017730
2 0.267952 0.672872 0.014628 0.003546
1 0.309840 0.866135 0.015957 0.021277
1 0.077128 0.947695 0.007979 0.010638
1 0.098404 0.979610 0.021277 0.017730
1 0.214096 0.885638 0.018617 0.021277
1 0.422872 0.529255 0.005319 0.000000
1 0.236037 0.460993 0.001330 0.005319
1 0.448138 0.174645 0.018617 0.010638
1 0.463431 0.220745 0.006649 0.010638
1 0.462766 0.343972 0.013298 0.023050