2 0.478059 0.425532 0.011968 0.026596
2 0.857713 0.241135 0.015957 0.026596
2 0.392287 0.132092 0.005319 0.021277
2 0.642952 0.085106 0.009309 0.019504
2 0.701463 0.107270 0.011968 0.014184
2 0.769947 0.121454 0.007979 0.017730
2 0.685505 0.170213 0.006649 0.012411
2 0.778590 0.161348 0.009309 0.019504
2 0.760638 0.225177 0.021277 0.012411
2 0.810505 0.049645 0.017287 0.019504
2 0.855718 0.144504 0.011968 0.024823
2 0.891622 0.287234 0.011968 0.015957
2 0.952128 0.238475 0.013298 0.017730
2 0.976064 0.253546 0.015957 0.015957
2 0.781915 0.245567 0.021277 0.007092
2 0.555851 0.100177 0.013298 0.014184
2 0.573803 0.115248 0.022606 0.023050
2 0.552527 0.195922 0.022606 0.017730
2 0.442154 0.168440 0.009309 0.023050
2 0.332447 0.279255 0.010638 0.028369
2 0.373670 0.188830 0.013298 0.010638
2 0.433511 0.289894 0.010638 0.024823
2 0.490691 0.293440 0.010638 0.021277
2 0.458112 0.262411 0.011968 0.012411
2 0.546543 0.245567 0.010638 0.024823
2 0.583112 0.241135 0.009309 0.015957
2 0.565824 0.391844 0.009309 0.012411
2 0.289229 0.529255 0.017287 0.028369
2 0.248670 0.503546 0.018617 0.019504
2 0.203457 0.427305 0.007979 0.023050
2 0.216090 0.375000 0.011968 0.035461
2 0.031915 0.296986 0.015957 0.014184
2 0.315824 0.490248 0.011968 0.014184
2 0.339761 0.508865 0.006649 0.012411
2 0.268617 0.563830 0.007979 0.033688
2 0.335106 0.553191 0.015957 0.015957
2 0.401596 0.511525 0.007979 0.010638
2 0.445479 0.503546 0.015957 0.015957
2 0.466755 0.447695 0.015957 0.017730
2 0.367021 0.263298 0.010638 0.021277
2 0.555851 0.276596 0.021277 0.026596
2 0.552527 0.312943 0.022606 0.017730
2 0.640293 0.248227 0.014628 0.015957
2 0.642287 0.289894 0.015957 0.024823
2 0.698803 0.291667 0.017287 0.028369
2 0.835106 0.229610 0.015957 0.021277
2 0.793883 0.405142 0.021277 0.031915
2 0.692819 0.378546 0.010638 0.028369
2 0.652261 0.358156 0.011968 0.015957
2 0.505319 0.388298 0.010638 0.008865
2 0.520612 0.434397 0.014628 0.030142
2 0.541888 0.398936 0.014628 0.015957
2 0.561170 0.343085 0.021277 0.017730
2 0.372340 0.668440 0.010638 0.012411
2 0.337101 0.596631 0.009309 0.024823
2 0.378324 0.572695 0.014628 0.012411
2 0.440824 0.537234 0.019947 0.040780
2 0.553191 0.457447 0.018617 0.012411
2 0.495346 0.487589 0.017287 0.019504
2 0.615027 0.386525 0.017287 0.012411
2 0.656915 0.459220 0.015957 0.023050
2 0.639628 0.408688 0.015957 0.031915
2 0.662234 0.421099 0.015957 0.014184
2 0.900931 0.531915 0.014628 0.015957
2 0.962766 0.569149 0.010638 0.015957
2 0.952793 0.609043 0.019947 0.010638
2 0.875665 0.573582 0.014628 0.021277
2 0.809840 0.506206 0.013298 0.024823
2 0.794548 0.513298 0.009309 0.021277
2 0.791223 0.644504 0.013298 0.028369
2 0.728059 0.512411 0.009309 0.019504
2 0.724734 0.543440 0.005319 0.021277
2 0.744681 0.544326 0.015957 0.019504
2 0.770612 0.576241 0.025266 0.012411
2 0.757979 0.597518 0.013298 0.026596
2 0.865027 0.716312 0.011968 0.026596
2 0.829122 0.733156 0.011968 0.024823
2 0.787899 0.722518 0.011968 0.028369
2 0.810505 0.734929 0.009309 0.039007
2 0.893617 0.683511 0.007979 0.017730
2 0.944149 0.686170 0.010638 0.012411
2 0.923537 0.773936 0.011968 0.021277
2 0.845080 0.799645 0.011968 0.026596
2 0.789229 0.838652 0.014628 0.012411
2 0.788564 0.889184 0.013298 0.021277
2 0.861037 0.887411 0.011968 0.028369
2 0.891622 0.933511 0.009309 0.024823
2 0.855718 0.968085 0.006649 0.030142
2 0.848404 0.930851 0.018617 0.015957
2 0.624335 0.707447 0.022606 0.037234
2 0.673537 0.756206 0.022606 0.039007
2 0.125665 0.503546 0.014628 0.023050
2 0.429521 0.387411 0.007979 0.017730
2 0.202793 0.734043 0.009309 0.023050
2 0.214761 0.632979 0.009309 0.023050
2 0.218085 0.664894 0.015957 0.008865
2 0.448138 0.659574 0.010638 0.023050
2 0.412234 0.661348 0.007979 0.015957
2 0.535904 0.523050 0.013298 0.019504
2 0.551862 0.578901 0.013298 0.021277
2 0.601064 0.555851 0.005319 0.021277
2 0.608378 0.619681 0.019947 0.021277
2 0.572473 0.621454 0.011968 0.021277
2 0.583112 0.679965 0.014628 0.031915
2 0.519947 0.566489 0.015957 0.021277
2 0.494681 0.598404 0.045213 0.063830
2 0.483378 0.679078 0.022606 0.012411
2 0.510638 0.706560 0.002660 0.028369
2 0.545213 0.698582 0.042553 0.051418
2 0.674202 0.648936 0.013298 0.008865
2 0.653590 0.655142 0.011968 0.010638
2 0.638298 0.673759 0.021277 0.001773
2 0.647606 0.627660 0.018617 0.008865
2 0.654920 0.570922 0.009309 0.012411
2 0.700798 0.564716 0.015957 0.014184
2 0.675532 0.576241 0.002660 0.001773
2 0.708112 0.630319 0.019947 0.017730
2 0.504654 0.819149 0.011968 0.023050
2 0.477394 0.773936 0.018617 0.028369
2 0.441489 0.799645 0.010638 0.023050
2 0.523271 0.740248 0.011968 0.014184
2 0.483378 0.745567 0.006649 0.014184
2 0.657580 0.803191 0.011968 0.023050
2 0.690160 0.819149 0.015957 0.026596
2 0.293883 0.841312 0.015957 0.021277
2 0.259309 0.697695 0.013298 0.021277
2 0.324468 0.758865 0.010638 0.026596
2 0.331782 0.696809 0.019947 0.015957
2 0.246676 0.741135 0.011968 0.015957
2 0.030585 0.591312 0.015957 0.024823
2 0.030585 0.540780 0.007979 0.015957
2 0.148936 0.748227 0.018617 0.033688
2 0.170213 0.804078 0.005319 0.014184
2 0.151596 0.844858 0.007979 0.017730
2 0.181516 0.850177 0.009309 0.014184
2 0.208112 0.797872 0.033245 0.019504
2 0.265293 0.918440 0.006649 0.026596
2 0.357713 0.859043 0.000000 0.014184
2 0.317819 0.810284 0.015957 0.015957
2 0.282580 0.764184 0.017287 0.008865
2 0.270612 0.728723 0.003989 0.030142
2 0.306516 0.719858 0.019947 0.030142
2 0.394282 0.713652 0.006649 0.014184
2 0.404255 0.815603 0.021277 0.019504
2 0.377660 0.895390 0.013298 0.044326
2 0.420878 0.888298 0.027926 0.019504
2 0.406250 0.926418 0.019947 0.028369
2 0.363032 0.940603 0.015957 0.017730
2 0.404920 0.859043 0.014628 0.014184
2 0.367686 0.802305 0.022606 0.010638
2 0.103059 0.732270 0.009309 0.023050
2 0.111037 0.757979 0.011968 0.017730
2 0.130319 0.794326 0.015957 0.015957
2 0.611037 0.846631 0.019947 0.017730
2 0.634973 0.863475 0.025266 0.019504
2 0.619016 0.898936 0.006649 0.026596
2 0.576463 0.890071 0.041223 0.069149
2 0.582447 0.762411 0.013298 0.026596
2 0.609043 0.767730 0.023936 0.026596
2 0.589096 0.713652 0.015957 0.017730
2 0.727394 0.586879 0.015957 0.033688
2 0.568484 0.493794 0.011968 0.014184
2 0.503989 0.515071 0.026596 0.035461
2 0.185505 0.947695 0.009309 0.021277
2 0.071144 0.890957 0.025266 0.014184
2 0.066489 0.853723 0.018617 0.014184
2 0.060505 0.828901 0.003989 0.003546
2 0.036569 0.789894 0.027926 0.042553
2 0.032580 0.645390 0.011968 0.015957
2 0.079122 0.631206 0.025266 0.019504
2 0.055186 0.589539 0.009309 0.017730
2 0.221410 0.867908 0.019947 0.039007
2 0.231383 0.921986 0.007979 0.019504
2 0.259973 0.876773 0.046543 0.031915
2 0.267287 0.808511 0.010638 0.015957