2 0.607676 0.179245 0.219983 0.255575
2 0.612178 0.673242 0.283019 0.238422
0 0.402487 0.864094 0.102916 0.158605
1 0.911921 0.376501 0.020583 0.046312
1 0.719218 0.444627 0.012305 0.025356
1 0.639235 0.452084 0.007831 0.023865
1 0.502200 0.474830 0.015661 0.021627
1 0.469479 0.695727 0.033000 0.033560
1 0.784380 0.883213 0.016220 0.024610
1 0.560650 0.850772 0.011746 0.023865
1 0.417294 0.981654 0.015661 0.017153
1 0.298717 0.973824 0.019017 0.017898
1 0.290495 0.724364 0.016220 0.015661
1 0.236800 0.701245 0.015102 0.018644
1 0.387370 0.479976 0.017339 0.019390
1 0.912242 0.291222 0.018458 0.018644
1 0.907208 0.192035 0.010627 0.020136
1 0.939089 0.251324 0.013983 0.014915
1 0.982437 0.108509 0.015661 0.020136
1 0.142274 0.041390 0.016220 0.023119
1 0.362760 0.708479 0.011746 0.020881
1 0.005836 0.701767 0.011671 0.020881
1 0.584922 0.931323 0.015338 0.019132
1 0.814702 0.585961 0.014349 0.018472
2 0.888711 0.886070 0.011510 0.022569
2 0.614155 0.863050 0.005417 0.023472
2 0.954530 0.867006 0.009648 0.020216
2 0.974516 0.847403 0.008270 0.028792
2 0.964408 0.840358 0.005513 0.026954
2 0.956138 0.836070 0.008270 0.019603
2 0.926963 0.855060 0.006892 0.024504
2 0.885843 0.926121 0.006432 0.024504
2 0.963949 0.738912 0.008270 0.029405
2 0.900315 0.750245 0.014243 0.007964
2 0.883086 0.765866 0.015621 0.011027
2 0.871600 0.784857 0.015621 0.015927
2 0.925815 0.550233 0.010108 0.019603
2 0.919612 0.533999 0.014243 0.016540
2 0.869303 0.515499 0.006432 0.026342
2 0.714378 0.483337 0.016540 0.007351
2 0.696689 0.508148 0.017918 0.017765
2 0.767444 0.383178 0.013324 0.021441
2 0.801443 0.612901 0.010567 0.022666
2 0.809253 0.793801 0.013324 0.014702
2 0.484655 0.839439 0.005513 0.022666
2 0.486952 0.912644 0.016540 0.012252
2 0.479371 0.872519 0.006892 0.023891
2 0.463061 0.911725 0.010108 0.017765
2 0.429062 0.954913 0.012864 0.020828
2 0.332899 0.806052 0.015162 0.019603
2 0.340480 0.844340 0.016540 0.011639
2 0.284887 0.874969 0.006432 0.020216
2 0.264901 0.884771 0.009648 0.023891
2 0.620007 0.941742 0.009189 0.021441
2 0.561198 0.988299 0.011946 0.015315
2 0.575901 0.810034 0.008270 0.023891
2 0.807278 0.962877 0.008270 0.020828
2 0.861952 0.903455 0.014702 0.011027
2 0.810678 0.156212 0.018378 0.014702
2 0.924207 0.185249 0.010567 0.013477
2 0.994272 0.321490 0.005513 0.020828
2 0.470641 0.493935 0.014243 0.016540
2 0.366117 0.348444 0.009189 0.019603
2 0.284612 0.253798 0.010108 0.012864
2 0.286449 0.236339 0.008270 0.014702
2 0.265085 0.178571 0.012405 0.023891
2 0.302989 0.033693 0.015621 0.008576
2 0.200303 0.086376 0.014243 0.012252
2 0.443075 0.622335 0.014243 0.021441
2 0.189460 0.930103 0.012405 0.020216
2 0.203244 0.925815 0.005973 0.016540
2 0.115949 0.849547 0.007811 0.020828
2 0.115260 0.807584 0.010108 0.022666
2 0.075288 0.812791 0.008270 0.020828
2 0.391846 0.985849 0.014702 0.012864
2 0.503216 0.965940 0.011027 0.022053
2 0.500919 0.898248 0.006432 0.021441
2 0.451758 0.944805 0.018378 0.017765
2 0.429705 0.806665 0.025729 0.018378
2 0.599470 0.829637 0.008729 0.026342
2 0.454101 0.446398 0.005054 0.015315
2 0.524626 0.500306 0.006432 0.014090
2 0.483736 0.391877 0.012864 0.009189
2 0.170510 0.511467 0.012388 0.010800
2 0.123102 0.602630 0.013817 0.015247
2 0.191624 0.799085 0.012007 0.019440
2 0.453716 0.802230 0.009434 0.010863