3 0.819814 0.397163 0.043883 0.089835
1 0.373005 0.414894 0.014628 0.021277
1 0.453457 0.373522 0.005319 0.014184
1 0.402261 0.660757 0.009309 0.040189
1 0.569814 0.394799 0.011968 0.014184
1 0.487367 0.449173 0.009309 0.023641
1 0.536569 0.453901 0.011968 0.018913
1 0.597074 0.434988 0.018617 0.023641
1 0.333112 0.257683 0.019947 0.014184
1 0.519947 0.276596 0.013298 0.018913
1 0.365027 0.297872 0.009309 0.009456
1 0.565824 0.895981 0.022606 0.023641
3 0.385638 0.976359 0.015957 0.018913
0 0.207447 0.836879 0.015957 0.028369
0 0.569814 0.204492 0.009309 0.021277
0 0.615691 0.328605 0.010638 0.023641
0 0.606383 0.291962 0.010638 0.021277
0 0.650931 0.287234 0.014628 0.030733
0 0.691489 0.247045 0.010638 0.021277
0 0.720745 0.177305 0.015957 0.018913
0 0.561170 0.085106 0.005319 0.023641
0 0.638963 0.011820 0.017287 0.018913
0 0.687500 0.404255 0.007979 0.033097
0 0.654255 0.382979 0.010638 0.023641
0 0.570479 0.366430 0.013298 0.009456
0 0.614362 0.585106 0.013298 0.026005
0 0.643617 0.685579 0.010638 0.014184
0 0.839761 0.789598 0.011968 0.023641
0 0.482048 0.920804 0.014628 0.021277
0 0.139628 0.800236 0.010638 0.021277
1 0.142287 0.752955 0.007979 0.007092
0 0.354388 0.602837 0.017287 0.014184
0 0.436835 0.557920 0.009309 0.023641
0 0.523936 0.492908 0.013298 0.021277
0 0.347739 0.452719 0.006649 0.016548
1 0.497340 0.541371 0.010638 0.018913
1 0.541223 0.570922 0.010638 0.007092
1 0.511968 0.637116 0.007979 0.011820
1 0.450798 0.755319 0.007979 0.026005
0 0.384973 0.692671 0.006649 0.033097
0 0.718085 0.852246 0.007979 0.011820
0 0.835106 0.690307 0.005319 0.023641
0 0.889628 0.650118 0.010638 0.014184
1 0.896941 0.527187 0.003989 0.014184
2 0.317819 0.625296 0.013298 0.026005
1 0.851064 0.777778 0.013298 0.018913
1 0.870346 0.861702 0.011968 0.016548
1 0.843750 0.905437 0.003989 0.009456
1 0.628989 0.534279 0.010638 0.014184
1 0.672207 0.567376 0.009309 0.014184
1 0.759309 0.030733 0.010638 0.014184
1 0.909574 0.178487 0.013298 0.021277
1 0.929521 0.238771 0.010638 0.023641
1 0.446809 0.277778 0.007979 0.016548
1 0.489362 0.346336 0.007979 0.016548
1 0.501330 0.280142 0.007979 0.021277
1 0.539894 0.392435 0.005319 0.009456
1 0.554521 0.528369 0.005319 0.007092
1 0.372340 0.813239 0.005319 0.014184
1 0.311835 0.934988 0.009309 0.016548
1 0.509973 0.786052 0.006649 0.011820
1 0.531250 0.704492 0.009309 0.018913
1 0.718085 0.725768 0.002660 0.004728