0 0.464761 0.145390 0.017287 0.030142
0 0.791223 0.254433 0.013298 0.014184
0 0.845745 0.272163 0.018617 0.017730
0 0.990027 0.318262 0.019946 0.035461
0 0.684840 0.218085 0.010638 0.019504
0 0.580452 0.009309 0.019947 0.018617
0 0.604388 0.075355 0.014628 0.021277
0 0.744681 0.080674 0.026596 0.031915
0 0.722074 0.273936 0.015957 0.028369
0 0.749335 0.438830 0.014628 0.017730
0 0.516622 0.285461 0.017287 0.023050
0 0.441489 0.185284 0.010638 0.014184
0 0.461436 0.395390 0.018617 0.015957
0 0.589761 0.579787 0.014628 0.019504
0 0.655585 0.569149 0.018617 0.026596
0 0.627660 0.555851 0.005319 0.017730
0 0.811835 0.576241 0.014628 0.030142
0 0.851729 0.459220 0.014628 0.026596
0 0.871676 0.350177 0.019947 0.024823
0 0.842420 0.221631 0.006649 0.019504
0 0.655585 0.750887 0.018617 0.024823
0 0.786569 0.707447 0.009309 0.023050
0 0.748670 0.648050 0.013298 0.021277
0 0.711436 0.958333 0.013298 0.021277
0 0.669548 0.957447 0.011968 0.023050
0 0.569149 0.945035 0.021277 0.012411
0 0.593085 0.923759 0.013298 0.030142
0 0.606383 0.807624 0.015957 0.028369
0 0.946144 0.859043 0.009309 0.024823
0 0.186835 0.525709 0.017287 0.014184
0 0.405585 0.646277 0.010638 0.024823
0 0.311835 0.686170 0.017287 0.019504
0 0.916223 0.550532 0.023936 0.028369
0 0.602394 0.273936 0.021277 0.024823
2 0.631649 0.109929 0.010638 0.040780
2 0.650266 0.114362 0.018617 0.021277
2 0.575798 0.234929 0.021277 0.017730
2 0.420213 0.217199 0.013298 0.024823
2 0.386303 0.340426 0.011968 0.026596
2 0.295878 0.311170 0.009309 0.021277
2 0.301862 0.361702 0.015957 0.015957
2 0.323803 0.536348 0.009309 0.021277
2 0.414894 0.369681 0.013298 0.021277
2 0.398271 0.524823 0.017287 0.026596
2 0.455452 0.551418 0.017287 0.030142
2 0.529920 0.453014 0.011968 0.017730
2 0.656915 0.462766 0.018617 0.023050
2 0.748670 0.574468 0.018617 0.023050
2 0.698138 0.508865 0.010638 0.008865
2 0.679521 0.568262 0.015957 0.010638
2 0.666888 0.609043 0.011968 0.024823
2 0.618351 0.525709 0.015957 0.014184
2 0.724069 0.677305 0.017287 0.023050
2 0.837101 0.671099 0.014628 0.021277
2 0.903590 0.695035 0.014628 0.037234
2 0.939495 0.693262 0.022606 0.044326
2 0.924202 0.633865 0.013298 0.024823
0 0.409574 0.937057 0.013298 0.017730
2 0.447473 0.976950 0.025266 0.015957
2 0.341090 0.973404 0.014628 0.030142
2 0.160239 0.935284 0.019947 0.021277
2 0.130319 0.937943 0.013298 0.023050
2 0.116356 0.961879 0.014628 0.014184
2 0.259973 0.812057 0.017287 0.026596
2 0.324468 0.628546 0.018617 0.021277
2 0.396941 0.617021 0.006649 0.012411
2 0.459441 0.642730 0.011968 0.035461
2 0.504654 0.753546 0.011968 0.033688
2 0.563830 0.743794 0.013298 0.021277
2 0.559176 0.679965 0.027926 0.017730
2 0.598404 0.621454 0.018617 0.031915
2 0.643617 0.664007 0.007979 0.014184
2 0.666223 0.671986 0.007979 0.008865
2 0.682846 0.705674 0.009309 0.012411
2 0.589761 0.708333 0.022606 0.017730
2 0.605053 0.723404 0.013298 0.026596
2 0.744681 0.749113 0.015957 0.024823
3 0.761303 0.793440 0.011968 0.028369
2 0.812500 0.898050 0.018617 0.031915
2 0.859707 0.955674 0.019947 0.015957
2 0.833112 0.953014 0.006649 0.017730
2 0.842420 0.852837 0.003989 0.012411
2 0.829122 0.721631 0.017287 0.008865
2 0.804521 0.687943 0.018617 0.012411
2 0.800532 0.786348 0.010638 0.024823
2 0.691489 0.775709 0.007979 0.014184
2 0.666888 0.802305 0.009309 0.024823
2 0.650266 0.816489 0.015957 0.028369
2 0.635638 0.851950 0.018617 0.010638
2 0.621011 0.900709 0.015957 0.012411
2 0.574468 0.871454 0.013298 0.021277
2 0.513298 0.861702 0.015957 0.019504
2 0.459441 0.866135 0.009309 0.014184
2 0.515957 0.905142 0.010638 0.007092
2 0.492686 0.884752 0.009309 0.023050
2 0.484707 0.678191 0.006649 0.007092
2 0.470745 0.721631 0.013298 0.023050
2 0.493351 0.726950 0.007979 0.023050
2 0.433511 0.760638 0.015957 0.015957
2 0.406250 0.795213 0.017287 0.021277
2 0.722074 0.864362 0.015957 0.024823
2 0.751330 0.855496 0.005319 0.017730
2 0.734043 0.911348 0.021277 0.023050
2 0.791223 0.914894 0.010638 0.005319
2 0.787899 0.895390 0.011968 0.015957
2 0.789894 0.851950 0.018617 0.024823
2 0.840426 0.782801 0.023936 0.024823
2 0.886303 0.774823 0.017287 0.023050
2 0.940824 0.724291 0.006649 0.014184
2 0.982713 0.745567 0.010638 0.021277
2 0.906915 0.795213 0.018617 0.014184
2 0.838431 0.890071 0.009309 0.030142
2 0.829122 0.839539 0.014628 0.017730
1 0.170213 0.737589 0.010638 0.008865
1 0.252660 0.609929 0.010638 0.012411
1 0.237367 0.620567 0.009309 0.008865
1 0.161569 0.684397 0.009309 0.015957
1 0.172207 0.612589 0.011968 0.021277
1 0.235372 0.679078 0.015957 0.015957
1 0.271941 0.713652 0.011968 0.010638
1 0.287234 0.728723 0.010638 0.005319
1 0.318484 0.746454 0.006649 0.008865
1 0.292553 0.777482 0.015957 0.024823
1 0.236702 0.781915 0.007979 0.012411
1 0.223404 0.739362 0.007979 0.008865
1 0.191489 0.766844 0.015957 0.017730
1 0.180851 0.665780 0.010638 0.014184
1 0.139628 0.787234 0.018617 0.019504
1 0.123005 0.735816 0.017287 0.019504
1 0.093085 0.728723 0.007979 0.012411
1 0.664894 0.289894 0.010638 0.017730
1 0.744016 0.387411 0.014628 0.028369
1 0.795213 0.469858 0.010638 0.023050
1 0.808511 0.445922 0.007979 0.017730
1 0.928191 0.298759 0.018617 0.021277
1 0.939495 0.265957 0.011968 0.019504
1 0.927527 0.242021 0.006649 0.010638
1 0.950133 0.093085 0.009309 0.010638
1 0.982048 0.259752 0.006649 0.014184
1 0.992686 0.165780 0.009309 0.024823
1 0.914894 0.507979 0.007979 0.017730
1 0.956782 0.576241 0.011968 0.033688
1 0.970080 0.618794 0.009309 0.005319
1 0.670878 0.349291 0.009309 0.008865
1 0.539229 0.320035 0.006649 0.017730
1 0.523271 0.231383 0.019947 0.024823
1 0.460106 0.245567 0.005319 0.014184
1 0.462101 0.182624 0.011968 0.012411
1 0.580452 0.126773 0.006649 0.007092
1 0.388963 0.142730 0.014628 0.014184
1 0.073138 0.420213 0.007979 0.015957
1 0.094415 0.515071 0.007979 0.017730
1 0.057846 0.570035 0.014628 0.017730
1 0.112367 0.596631 0.006649 0.014184
1 0.026596 0.778369 0.007979 0.008865
1 0.040559 0.825355 0.014628 0.021277
1 0.094415 0.833333 0.010638 0.015957
1 0.116356 0.809397 0.011968 0.017730
1 0.136968 0.824468 0.010638 0.026596
1 0.061835 0.873227 0.014628 0.021277
1 0.033245 0.851950 0.010638 0.021277
1 0.039894 0.897163 0.010638 0.012411
1 0.057181 0.948582 0.015957 0.023050
1 0.021277 0.893617 0.002660 0.023050
1 0.563830 0.848404 0.010638 0.010638