2 0.639837 0.057461 0.014151 0.025729
2 0.675858 0.076329 0.011578 0.029160
2 0.861106 0.073756 0.011578 0.030875
0 0.637264 0.144082 0.014151 0.027444
0 0.662350 0.169811 0.023156 0.024014
0 0.725386 0.246141 0.018010 0.025729
2 0.610249 0.448542 0.011578 0.029160
0 0.694511 0.584906 0.018010 0.030875
2 0.830232 0.450257 0.011578 0.025729
2 0.743396 0.572041 0.018010 0.018868
2 0.665566 0.653516 0.014151 0.027444
0 0.633405 0.704974 0.019297 0.034305
3 0.138765 0.930532 0.028302 0.029160
1 0.387693 0.921098 0.011578 0.020583
0 0.690652 0.872213 0.015437 0.025729
2 0.690652 0.765866 0.020583 0.022298
2 0.818653 0.590909 0.011578 0.029160
2 0.656561 0.528302 0.011578 0.030875
2 0.787779 0.373928 0.016724 0.024014
0 0.848885 0.792453 0.018010 0.030875
1 0.834734 0.831904 0.012864 0.020583
1 0.706732 0.807033 0.014151 0.018868
1 0.783276 0.900515 0.010292 0.020583
1 0.944915 0.485479 0.014530 0.015378
2 0.992324 0.445969 0.011578 0.030875
2 0.807075 0.493997 0.014151 0.027444