0 0.723404 0.111702 0.021277 0.015957
0 0.857048 0.140071 0.019947 0.037234
0 0.891622 0.135638 0.014628 0.017730
0 0.923537 0.187057 0.011968 0.024823
0 0.739362 0.178191 0.013298 0.024823
0 0.638298 0.228723 0.018617 0.019504
0 0.636968 0.158688 0.010638 0.017730
0 0.742686 0.014184 0.006649 0.012411
0 0.658910 0.313830 0.011968 0.026596
0 0.769282 0.279255 0.017287 0.031915
0 0.612367 0.459220 0.022606 0.019504
0 0.565160 0.404255 0.018617 0.023050
0 0.518617 0.378546 0.013298 0.024823
0 0.574468 0.361702 0.010638 0.019504
0 0.634309 0.430851 0.023936 0.019504
0 0.793218 0.327128 0.027926 0.017730
0 0.589096 0.394504 0.010638 0.024823
0 0.776596 0.463652 0.013298 0.010638
0 0.898271 0.694149 0.019947 0.039007
0 0.807846 0.698582 0.019947 0.015957
0 0.764628 0.685284 0.018617 0.024823
0 0.763963 0.741135 0.011968 0.019504
0 0.682181 0.710993 0.021277 0.030142
0 0.698803 0.693262 0.022606 0.026596
0 0.645612 0.520390 0.014628 0.024823
0 0.623670 0.523936 0.013298 0.024823
0 0.603059 0.838652 0.014628 0.026596
0 0.611702 0.857270 0.018617 0.028369
1 0.946809 0.507979 0.010638 0.014184
1 0.936170 0.426418 0.010638 0.007092
1 0.905585 0.462766 0.007979 0.012411
3 0.402261 0.778369 0.038564 0.037234
0 0.505319 0.886525 0.015957 0.030142
0 0.387633 0.917553 0.011968 0.031915
0 0.383644 0.962766 0.025266 0.019504
0 0.296543 0.994238 0.026596 0.011524
0 0.082447 0.907801 0.021277 0.015957
0 0.079122 0.837766 0.014628 0.021277
0 0.160904 0.750000 0.015957 0.023050
0 0.329122 0.699468 0.011968 0.017730
0 0.296543 0.759752 0.010638 0.021277
0 0.562500 0.699468 0.013298 0.024823
0 0.447473 0.472518 0.014628 0.014184
0 0.519282 0.475177 0.014628 0.012411
0 0.591755 0.685284 0.021277 0.021277
1 0.450798 0.652482 0.015957 0.015957
1 0.486702 0.468972 0.013298 0.010638
1 0.683511 0.607270 0.007979 0.010638
1 0.768617 0.197695 0.015957 0.010638
1 0.835106 0.262411 0.007979 0.015957
1 0.931516 0.661348 0.009309 0.008865
1 0.570479 0.975177 0.007979 0.008865