2 0.656561 0.054889 0.019297 0.027444
2 0.755617 0.049743 0.016724 0.024014
2 0.897770 0.076329 0.015437 0.015437
2 0.735678 0.313894 0.012864 0.027444
2 0.713808 0.414237 0.015437 0.025729
2 0.790352 0.500000 0.024443 0.032590
0 0.913851 0.276158 0.016724 0.020583
2 0.738894 0.622642 0.019297 0.013722
2 0.752401 0.635506 0.020583 0.015437
2 0.653988 0.677530 0.011578 0.027444
2 0.649485 0.757290 0.020583 0.022298
2 0.626329 0.772727 0.015437 0.025729
2 0.733105 0.897942 0.012864 0.029160
2 0.973027 0.750429 0.011578 0.025729
2 0.923499 0.981990 0.020583 0.022298
1 0.349743 0.286449 0.018010 0.027444
2 0.176715 0.704117 0.016724 0.018868
2 0.230103 0.941681 0.015437 0.020583
2 0.052573 0.488851 0.010292 0.030875
2 0.095669 0.427101 0.016724 0.024014
2 0.539494 0.680961 0.019297 0.020583
2 0.711235 0.526587 0.020583 0.020583
2 0.698370 0.617496 0.015437 0.027444
2 0.661063 0.303602 0.018010 0.030875
2 0.515695 0.469125 0.018010 0.029160
2 0.609605 0.932247 0.023156 0.015437
2 0.183147 0.178388 0.016724 0.024014
2 0.168353 0.618353 0.018010 0.022298
1 0.513765 0.922813 0.011578 0.024014