0 0.335209 0.511905 0.019879 0.041330
0 0.256199 0.434412 0.020216 0.033693
0 0.198753 0.479784 0.019879 0.029200
0 0.311119 0.574798 0.013477 0.029650
1 0.423821 0.475966 0.011119 0.023360
1 0.390465 0.532120 0.008423 0.014376
0 0.442520 0.541105 0.016173 0.032345
1 0.113949 0.543980 0.022911 0.011680
1 0.066779 0.621923 0.014151 0.020216
0 0.254953 0.725831 0.021226 0.035939
0 0.367385 0.744609 0.030323 0.020665
0 0.360478 0.781222 0.027291 0.018419
0 0.373619 0.882974 0.014488 0.033243
1 0.328302 0.841869 0.018194 0.010332
1 0.276247 0.897350 0.020553 0.009883
1 0.334198 0.984097 0.010445 0.010332
1 0.147204 0.891105 0.008423 0.008535
1 0.403538 0.970620 0.010445 0.009434
0 0.480155 0.786658 0.020553 0.033243
0 0.585445 0.749146 0.029650 0.022911
1 0.550067 0.653774 0.019542 0.008985
1 0.544845 0.503774 0.011792 0.020216
1 0.546024 0.475472 0.016173 0.022013
0 0.531199 0.314106 0.026280 0.018419
0 0.665297 0.433827 0.024933 0.024259
0 0.602965 0.438095 0.016846 0.008535
0 0.731031 0.456334 0.031334 0.019317
0 0.748046 0.535894 0.021563 0.034142
0 0.734737 0.584771 0.014488 0.011680
0 0.818295 0.497844 0.014488 0.035490
0 0.818801 0.533558 0.024933 0.028751
0 0.918093 0.568688 0.018531 0.039533
0 0.902426 0.510916 0.019542 0.035939
1 0.951954 0.435130 0.009434 0.019317
1 0.890465 0.571474 0.015162 0.016173
0 0.874461 0.285669 0.025606 0.015274
0 0.738780 0.146002 0.017857 0.032794
0 0.764892 0.108715 0.014825 0.035490
0 0.671563 0.045373 0.026954 0.021114
0 0.867554 0.095687 0.017857 0.026505
0 0.876314 0.109838 0.021226 0.021563
0 0.948416 0.142408 0.016509 0.028302
1 0.900741 0.098383 0.015499 0.015723
1 0.824427 0.056155 0.010445 0.018419
1 0.757143 0.233738 0.018194 0.016173
1 0.899158 0.358850 0.009097 0.015723
1 0.777606 0.735607 0.011792 0.010885
0 0.913583 0.675859 0.019956 0.024593
0 0.936563 0.697025 0.010885 0.028221
0 0.713383 0.939365 0.020864 0.018949
0 0.719430 0.954685 0.032958 0.016530
0 0.102020 0.105628 0.013304 0.031043
0 0.265995 0.130826 0.023283 0.019352
0 0.245737 0.156023 0.017235 0.031850
1 0.407777 0.170255 0.010281 0.013707