1 0.524755 0.051828 0.014321 0.023186
2 0.661313 0.247545 0.009206 0.032733
2 0.693535 0.458947 0.010229 0.030005
2 0.561068 0.366203 0.009206 0.024550
2 0.501227 0.184124 0.018412 0.025914
1 0.587152 0.395526 0.010229 0.017730
1 0.809124 0.460311 0.012275 0.013639
1 0.842881 0.591244 0.010229 0.010911
1 0.851064 0.529869 0.010229 0.010911
1 0.882774 0.525777 0.004092 0.005456
1 0.709390 0.601473 0.013298 0.020458
1 0.698650 0.688080 0.016367 0.016367
1 0.370806 0.329378 0.011252 0.016367
1 0.547770 0.296645 0.007160 0.021822
1 0.648527 0.322559 0.012275 0.013639
1 0.700696 0.390753 0.008183 0.021822
1 0.768719 0.187534 0.011252 0.019094
1 0.474632 0.306874 0.010229 0.012275
1 0.210209 0.448036 0.015344 0.019094
1 0.322729 0.296645 0.017390 0.013639
1 0.335004 0.236634 0.005115 0.005456
1 0.513502 0.480769 0.010229 0.019094
0 0.802475 0.676487 0.021481 0.025914
2 0.268515 0.212084 0.013298 0.030005
2 0.865896 0.499864 0.011252 0.030005
2 0.582038 0.623295 0.020458 0.025914
2 0.611191 0.578287 0.017390 0.017730
2 0.493044 0.568740 0.016367 0.017730
2 0.472586 0.506683 0.020458 0.016367
2 0.518106 0.409847 0.015344 0.019094
2 0.674611 0.487589 0.011252 0.016367
1 0.641878 0.585788 0.015344 0.013639
1 0.877148 0.920622 0.013298 0.012275
1 0.636764 0.921986 0.007160 0.006819
1 0.778437 0.955401 0.008183 0.016367
1 0.355974 0.873568 0.006137 0.027278
1 0.455708 0.150709 0.009206 0.008183
1 0.330912 0.276187 0.013298 0.010911
1 0.284370 0.448036 0.016367 0.021822
1 0.458265 0.336197 0.014321 0.010911
1 0.564648 0.184124 0.010229 0.009547
1 0.603519 0.387343 0.006137 0.004092
1 0.759513 0.398936 0.007160 0.016367
2 0.674100 0.445308 0.020458 0.016367
2 0.522197 0.493726 0.015344 0.023186
2 0.605053 0.413939 0.015344 0.032733
2 0.634718 0.685352 0.005115 0.005456
1 0.593290 0.594654 0.016367 0.009547
1 0.584595 0.546236 0.011252 0.010911
1 0.608122 0.529187 0.005115 0.006819
1 0.533961 0.514866 0.008183 0.008183
1 0.705299 0.571468 0.007160 0.009547
1 0.701207 0.516912 0.007160 0.015003
1 0.712971 0.516912 0.006137 0.020458
1 0.782529 0.395526 0.008183 0.006819
1 0.792758 0.483497 0.006137 0.010911
1 0.897095 0.599427 0.006137 0.013639
1 0.728826 0.609656 0.005115 0.017730
1 0.744169 0.598745 0.009206 0.020458
1 0.770254 0.587152 0.004092 0.008183
1 0.620397 0.697627 0.007160 0.010911
1 0.638298 0.967676 0.016367 0.016367
2 0.607610 0.927441 0.020458 0.017730
2 0.351882 0.664212 0.016367 0.023186
2 0.314034 0.644435 0.018412 0.027278
1 0.896583 0.989498 0.009206 0.013639
1 0.857713 0.703764 0.003069 0.004092
1 0.897606 0.674441 0.007160 0.010911
1 0.529358 0.958129 0.007160 0.010911
1 0.177475 0.560556 0.009206 0.012275
1 0.322218 0.439853 0.010229 0.019094
1 0.420417 0.409165 0.006137 0.006819
1 0.587152 0.271413 0.018412 0.012275
1 0.592267 0.316421 0.006137 0.009547
1 0.743658 0.258456 0.008183 0.010911
1 0.726268 0.183442 0.008183 0.013639
1 0.542144 0.923350 0.012275 0.023186
1 0.651596 0.994954 0.008183 0.008183
1 0.878171 0.896754 0.005115 0.010911
1 0.173895 0.899482 0.014321 0.019094
1 0.166735 0.924714 0.012275 0.015003
1 0.254705 0.671713 0.014321 0.019094
1 0.253682 0.634206 0.014321 0.023186