0 0.747340 0.179965 0.010638 0.017730
0 0.786569 0.260638 0.019947 0.023050
0 0.880984 0.266844 0.009309 0.021277
0 0.513298 0.465426 0.010638 0.028369
0 0.555186 0.455674 0.014628 0.033688
0 0.833777 0.625887 0.015957 0.026596
0 0.234043 0.761525 0.010638 0.024823
2 0.605718 0.180851 0.017287 0.019504
2 0.743351 0.215426 0.015957 0.010638
3 0.991356 0.096631 0.009309 0.017730
2 0.635638 0.437943 0.015957 0.015957
2 0.045878 0.343972 0.017287 0.015957
1 0.639628 0.322695 0.007979 0.019504
1 0.639628 0.091312 0.010638 0.014184
1 0.876995 0.103723 0.009309 0.010638