1 0.756410 0.435535 0.024794 0.028221
0 0.429292 0.451572 0.083491 0.122642
1 0.033592 0.745328 0.011119 0.026056
1 0.135344 0.509164 0.013814 0.009434
1 0.193632 0.671563 0.012466 0.010782
1 0.288915 0.573854 0.018531 0.011231
1 0.436220 0.554492 0.013814 0.010782
1 0.426449 0.752156 0.009097 0.012579
1 0.516071 0.649955 0.007075 0.009434
1 0.524326 0.681626 0.010782 0.008086
1 0.601280 0.777763 0.017520 0.023360
1 0.703032 0.927718 0.018868 0.021563
1 0.647204 0.905481 0.009097 0.005840
0 0.562803 0.885265 0.027628 0.022911
1 0.598012 0.931087 0.011119 0.008535
1 0.737096 0.814600 0.010445 0.017071
1 0.758828 0.579919 0.008760 0.010782
1 0.720418 0.652022 0.007412 0.010332
1 0.900842 0.639218 0.009097 0.010782
1 0.813005 0.162983 0.017520 0.011231
1 0.935209 0.336164 0.009097 0.008985
1 0.741240 0.266352 0.010782 0.008985
1 0.613241 0.370800 0.009097 0.009434
1 0.547136 0.209973 0.009097 0.011231
1 0.554212 0.110467 0.006402 0.005391
1 0.563241 0.501303 0.009097 0.012579
1 0.728689 0.004633 0.018531 0.009265