0 0.448156 0.271012 0.024443 0.034305
2 0.346527 0.165523 0.021870 0.029160
1 0.616681 0.357633 0.024443 0.022298
2 0.808362 0.437393 0.019297 0.027444
2 0.704803 0.448542 0.018010 0.025729
0 0.498971 0.510292 0.018010 0.032590
2 0.540137 0.463122 0.015437 0.030875
2 0.228816 0.657804 0.012864 0.029160
2 0.548499 0.569468 0.014151 0.027444
2 0.661707 0.612350 0.024443 0.024014
2 0.813508 0.551458 0.016724 0.022298
1 0.961449 0.433105 0.014151 0.022298
0 0.720240 0.885077 0.020583 0.030875
2 0.810292 0.889365 0.012864 0.032590
2 0.792925 0.805317 0.014151 0.025729
2 0.939580 0.951115 0.019297 0.022298
1 0.765266 0.967410 0.012864 0.020583
0 0.328516 0.586621 0.014151 0.024014