0 0.605940 0.840291 0.020748 0.035096
2 0.587514 0.978364 0.013626 0.017755
1 0.561037 0.964532 0.008361 0.008258
1 0.402669 0.828977 0.007123 0.017755
0 0.623591 0.659276 0.015793 0.037574
0 0.721913 0.749288 0.020438 0.016929
1 0.694971 0.713778 0.011148 0.016103
2 0.786480 0.642553 0.011458 0.024774
2 0.834262 0.907222 0.014864 0.016516
2 0.931810 0.949131 0.013006 0.014451
2 0.784993 0.504975 0.013935 0.017342
2 0.736467 0.510426 0.014864 0.017342
2 0.728416 0.489574 0.011148 0.021058
0 0.639694 0.574755 0.016413 0.034684
0 0.665552 0.585491 0.016103 0.026426
2 0.606032 0.556505 0.012387 0.027251
2 0.572030 0.301334 0.006813 0.019819
2 0.646042 0.331269 0.011148 0.017755
1 0.521460 0.424873 0.006503 0.009084
1 0.551809 0.277881 0.008361 0.008258
2 0.349065 0.187869 0.022916 0.010735
1 0.208318 0.763781 0.010219 0.023948
1 0.690059 0.336088 0.018434 0.016527
1 0.703407 0.429147 0.012713 0.007204
1 0.781433 0.284812 0.009853 0.011442
2 0.740592 0.248580 0.005721 0.026273
2 0.681001 0.172091 0.011759 0.019069
2 0.742499 0.106577 0.019069 0.008899
0 0.670353 0.104882 0.014620 0.028392
1 0.691012 0.192177 0.010170 0.008899
1 0.728515 0.158912 0.003814 0.004238
1 0.517435 0.418184 0.005884 0.004955
1 0.385637 0.738924 0.004026 0.004129
1 0.153506 0.465585 0.008361 0.016516
0 0.549331 0.028077 0.025703 0.014864
1 0.505977 0.011561 0.010219 0.018168
1 0.940326 0.518023 0.007742 0.016516
1 0.965409 0.462488 0.008361 0.004542
1 0.907500 0.833437 0.012697 0.016103