1 0.551530 0.932326 0.013626 0.014039
1 0.152886 0.913126 0.013935 0.021884
1 0.324229 0.995066 0.017342 0.009868
1 0.442834 0.797308 0.010529 0.014039
2 0.617367 0.566250 0.016722 0.026426
2 0.898829 0.271440 0.012077 0.018168
2 0.228973 0.289690 0.018580 0.008258
1 0.669856 0.678145 0.008981 0.010735
1 0.731172 0.680829 0.010219 0.009497
2 0.734702 0.490276 0.003406 0.014039
2 0.795398 0.367439 0.005264 0.010322
1 0.496377 0.303852 0.007123 0.010322
1 0.231512 0.581073 0.009290 0.009497
1 0.023287 0.903340 0.009910 0.011561