2 0.604390 0.611414 0.177670 0.372369
2 0.417925 0.850772 0.198113 0.226415
2 0.466523 0.110014 0.006210 0.026025
2 0.426510 0.394807 0.011534 0.015970
2 0.748300 0.855563 0.008872 0.023067
2 0.743864 0.944520 0.016857 0.018336
2 0.673552 0.925889 0.008428 0.022476
2 0.705446 0.308748 0.027015 0.034305
2 0.568439 0.317324 0.015437 0.034305
2 0.605746 0.427959 0.025729 0.022298
2 0.897770 0.699828 0.023156 0.030875
2 0.750472 0.591767 0.024443 0.020583
2 0.821226 0.507719 0.016724 0.017153
2 0.274071 0.873928 0.010749 0.032590
2 0.304531 0.886850 0.013293 0.021155
2 0.268725 0.944597 0.011149 0.025729
2 0.463804 0.251442 0.018127 0.011695
2 0.478423 0.638547 0.009941 0.020271
2 0.360011 0.611258 0.011695 0.020271
2 0.394804 0.583580 0.014619 0.014814
2 0.528770 0.888352 0.011695 0.015593
2 0.284344 0.665367 0.007017 0.018712
2 0.155699 0.873148 0.015203 0.010136
2 0.767991 0.633947 0.013449 0.017932
2 0.768283 0.652269 0.010525 0.012475
2 0.932598 0.850304 0.014034 0.010915
2 0.930551 0.037814 0.007602 0.022610
2 0.482925 0.295805 0.011695 0.012475
2 0.345041 0.311867 0.010525 0.020271
2 0.065999 0.328941 0.015203 0.010136
2 0.024774 0.319975 0.012280 0.007797
1 0.501011 0.791963 0.011027 0.023279
1 0.669030 0.813710 0.009648 0.010414
1 0.660071 0.783080 0.008270 0.012864
1 0.584860 0.693151 0.008729 0.010414
2 0.576590 0.702953 0.010567 0.016540
3 0.505146 0.712754 0.013783 0.015315
1 0.973781 0.804705 0.008270 0.015927
1 0.815731 0.723842 0.010108 0.020828
1 0.833650 0.730887 0.014702 0.012864
1 0.742680 0.644511 0.009189 0.017765
1 0.966016 0.638324 0.005973 0.011027
1 0.954990 0.634036 0.005973 0.019603
2 0.848398 0.509373 0.010567 0.009189
2 0.847249 0.325901 0.009189 0.015927
1 0.380886 0.694137 0.011110 0.008576
1 0.558358 0.981834 0.008186 0.016373
1 0.871199 0.960081 0.010525 0.017153
1 0.617301 0.480430 0.007017 0.014034
1 0.579292 0.421566 0.008186 0.010136
1 0.561750 0.448464 0.007017 0.014034
1 0.467079 0.328317 0.012280 0.014814
3 0.362408 0.392640 0.013449 0.017153
1 0.332586 0.464525 0.007602 0.015593
1 0.397201 0.470373 0.008186 0.011695
1 0.219203 0.727507 0.009356 0.017932
1 0.200608 0.079058 0.015203 0.023390
1 0.762611 0.179245 0.012280 0.014814
1 0.489650 0.077577 0.008771 0.011695
1 0.562861 0.826602 0.007602 0.014034
1 0.950140 0.940044 0.011695 0.016373
1 0.813309 0.494620 0.005847 0.012475
1 0.545143 0.600265 0.008186 0.016373
1 0.661216 0.478247 0.006432 0.012475
2 0.641042 0.624825 0.005847 0.024949