1 0.179192 0.762543 0.020905 0.024657
1 0.759352 0.746794 0.010414 0.020420
1 0.668995 0.953034 0.012252 0.014702
1 0.665013 0.967737 0.010414 0.011435
1 0.466042 0.696806 0.017765 0.013885
1 0.043413 0.580495 0.011027 0.018786
1 0.053827 0.529445 0.008576 0.013069
1 0.225476 0.965205 0.009802 0.017153
1 0.850016 0.340194 0.017765 0.012252
1 0.646329 0.188271 0.009802 0.018786
1 0.466716 0.257290 0.008576 0.016336
1 0.810198 0.798252 0.012864 0.028588
2 0.329433 0.833374 0.007964 0.028588
2 0.306767 0.809279 0.007964 0.027771
2 0.314118 0.940374 0.014090 0.012252
2 0.295434 0.985706 0.013477 0.017969
2 0.351180 0.944866 0.009802 0.022870
2 0.365270 0.744344 0.014702 0.012252
2 0.333415 0.794168 0.015927 0.012252
2 0.280119 0.841134 0.004901 0.016336
2 0.221310 0.836233 0.007351 0.017969
2 0.209977 0.787634 0.014090 0.020420
2 0.165258 0.803561 0.020216 0.019603
2 0.155456 0.736993 0.015315 0.026954
2 0.096647 0.810096 0.010414 0.031038
2 0.080413 0.799886 0.012252 0.013885
2 0.088377 0.834599 0.015927 0.009802
2 0.137385 0.975905 0.014702 0.014702
2 0.147799 0.918729 0.009802 0.024504
2 0.202932 0.905252 0.011027 0.013885
2 0.222535 0.905252 0.009802 0.013885
2 0.189455 0.833374 0.007351 0.025321
2 0.185780 0.872172 0.014702 0.017969
2 0.186699 0.900760 0.012864 0.016336
2 0.179960 0.925263 0.007964 0.014702
2 0.172303 0.947725 0.017153 0.023687
2 0.193437 0.936699 0.011639 0.011435
2 0.195581 0.951809 0.012252 0.013885
2 0.242138 0.570122 0.014702 0.017969
2 0.319938 0.519889 0.012252 0.015519
2 0.351180 0.604835 0.012252 0.018786
2 0.364045 0.613820 0.014702 0.012252
2 0.356081 0.685861 0.007351 0.022053
2 0.605713 0.796537 0.017765 0.019603
2 0.616740 0.779793 0.014090 0.012252
2 0.635118 0.762640 0.021441 0.012252
2 0.706792 0.751205 0.009189 0.030221
2 0.692089 0.721800 0.012864 0.015519
2 0.607551 0.622151 0.012864 0.008985
2 0.661153 0.555991 0.009802 0.018786
2 0.601732 0.522094 0.008576 0.024504
2 0.801744 0.631545 0.016540 0.011435
2 0.762231 0.677285 0.017153 0.011435
2 0.843094 0.807972 0.017153 0.008168
2 0.847995 0.826350 0.011027 0.020420
2 0.839112 0.856980 0.010414 0.017969
2 0.827167 0.891285 0.007351 0.029405
2 0.814915 0.895777 0.011027 0.023687
2 0.720269 0.863105 0.007964 0.023687
2 0.719044 0.893327 0.009189 0.020420
2 0.708936 0.856163 0.008576 0.029405
2 0.697909 0.849628 0.008576 0.016336
2 0.699134 0.879033 0.007351 0.022870
2 0.666667 0.872499 0.006126 0.022870
2 0.768541 0.888834 0.014090 0.016336
2 0.777118 0.865964 0.009189 0.017969
2 0.917095 0.669117 0.011027 0.014702
2 0.985513 0.781790 0.007649 0.021325
2 0.945181 0.805433 0.009040 0.020398
2 0.937532 0.828613 0.012517 0.012053
2 0.991598 0.846692 0.011474 0.016689
2 0.996987 0.881229 0.004172 0.020861
2 0.976821 0.887024 0.011821 0.007417
2 0.977342 0.899541 0.012864 0.006490
2 0.929014 0.797784 0.014951 0.007881
2 0.912151 0.803347 0.011126 0.017153
2 0.901198 0.788049 0.012864 0.006027
2 0.901372 0.760234 0.012517 0.016225
2 0.885379 0.771823 0.007649 0.015298
2 0.935272 0.736591 0.005215 0.018080
2 0.944312 0.738909 0.005215 0.015298
2 0.941878 0.751889 0.006606 0.014371
2 0.846333 0.740299 0.010778 0.017153
2 0.793310 0.704835 0.016689 0.006490
2 0.794354 0.693014 0.018775 0.008808
2 0.724294 0.829076 0.015646 0.011126
2 0.808365 0.560707 0.014951 0.010662
2 0.940835 0.567660 0.009388 0.017153
2 0.822447 0.524547 0.011821 0.011590
2 0.774813 0.546799 0.012517 0.006954
2 0.750649 0.616708 0.005215 0.012517
2 0.490334 0.775578 0.013212 0.009272
2 0.485293 0.762830 0.011474 0.008808
2 0.483033 0.837699 0.004172 0.012980
2 0.595893 0.915813 0.011821 0.006027
2 0.623882 0.939688 0.006606 0.020398
2 0.541132 0.973993 0.005911 0.020398
2 0.458208 0.846739 0.006258 0.016225
2 0.433696 0.823791 0.006606 0.012980
2 0.577987 0.771638 0.010083 0.012517
2 0.473993 0.715683 0.009040 0.014835
2 0.443744 0.504149 0.006258 0.012517
2 0.267118 0.419267 0.010431 0.008345
2 0.404594 0.271151 0.006954 0.006954
2 0.662753 0.240972 0.005215 0.014835
2 0.866360 0.294191 0.010083 0.016689
2 0.828705 0.114274 0.006258 0.032915
2 0.734134 0.009735 0.018775 0.018543
2 0.902415 0.047749 0.004868 0.014835
2 0.663205 0.179964 0.011821 0.012980
2 0.364262 0.899170 0.004868 0.011126
2 0.245353 0.882945 0.013212 0.011126
2 0.544365 0.811089 0.007649 0.015762
2 0.686863 0.663203 0.015135 0.011099
2 0.524165 0.362728 0.012108 0.015135
2 0.739456 0.316315 0.006811 0.019171
2 0.039628 0.265866 0.012864 0.011099
2 0.040384 0.251740 0.011351 0.017153
2 0.018439 0.195238 0.014378 0.019171
2 0.109626 0.358188 0.009081 0.020180
2 0.067248 0.592271 0.015135 0.022198
2 0.016547 0.679548 0.016648 0.019171
2 0.038871 0.866714 0.008324 0.022198
2 0.046060 0.821814 0.015135 0.013117
2 0.399077 0.699223 0.009838 0.018162
1 0.040763 0.718898 0.016648 0.015135
1 0.213154 0.873324 0.012864 0.009529
1 0.212677 0.861254 0.009053 0.008259
0 0.568166 0.826059 0.027635 0.019694
0 0.552443 0.857824 0.016200 0.038752
1 0.761608 0.813982 0.007098 0.011829
1 0.920196 0.715798 0.006654 0.009464
1 0.744085 0.725262 0.006654 0.010646
1 0.758502 0.725262 0.004436 0.009464
1 0.753623 0.761933 0.009759 0.007098
1 0.829257 0.556397 0.010203 0.015970
1 0.975646 0.535400 0.009316 0.014195
1 0.796076 0.618146 0.005767 0.011238
1 0.658337 0.538594 0.010646 0.011829
1 0.593659 0.624889 0.007985 0.011238
1 0.559280 0.657124 0.009316 0.009464
1 0.784852 0.911339 0.005323 0.044952
1 0.765334 0.840066 0.005323 0.013604
1 0.568218 0.406375 0.011792 0.015723
1 0.599307 0.354345 0.006432 0.010006
1 0.427191 0.516938 0.010184 0.010720
1 0.434373 0.786878 0.006968 0.008576
1 0.867210 0.344840 0.005360 0.012150
1 0.238565 0.961407 0.009648 0.021441