0 0.301862 0.174645 0.023936 0.021277
0 0.395612 0.133865 0.019947 0.028369
0 0.041223 0.269504 0.037234 0.047872
0 0.093085 0.117021 0.013298 0.015957
0 0.251330 0.191489 0.013298 0.023050
0 0.311170 0.263298 0.015957 0.010638
0 0.430851 0.420213 0.013298 0.026596
0 0.413564 0.460106 0.010638 0.017730
0 0.269282 0.507092 0.014628 0.015957
0 0.295213 0.556738 0.013298 0.030142
0 0.608378 0.571809 0.014628 0.031915
0 0.333112 0.828014 0.019947 0.015957
0 0.433511 0.721631 0.013298 0.012411
0 0.542553 0.822695 0.013298 0.030142
0 0.636303 0.778369 0.017287 0.026596
0 0.750665 0.703014 0.014628 0.024823
0 0.834441 0.650709 0.011968 0.019504
0 0.971410 0.400709 0.014628 0.015957
0 0.727394 0.262411 0.018617 0.023050
0 0.476064 0.433511 0.018617 0.031915
0 0.637633 0.243794 0.011968 0.014184
0 0.704122 0.290780 0.014628 0.026596
0 0.752660 0.021277 0.013298 0.019504
0 0.866356 0.006649 0.011968 0.013298
0 0.892287 0.250000 0.013298 0.023050
0 0.696809 0.166667 0.010638 0.012411
0 0.662899 0.492021 0.019947 0.024823
0 0.552527 0.562943 0.009309 0.028369
0 0.573138 0.484929 0.015957 0.010638
0 0.439495 0.464539 0.025266 0.012411
0 0.543883 0.765957 0.013298 0.023050
0 0.623005 0.975177 0.014628 0.015957
0 0.825798 0.941489 0.015957 0.019504
1 0.848404 0.542553 0.013298 0.015957
1 0.812500 0.565603 0.007979 0.015957
1 0.748670 0.531915 0.007979 0.015957
1 0.674202 0.655142 0.013298 0.024823
1 0.569814 0.610816 0.009309 0.014184
1 0.283910 0.677305 0.014628 0.015957
1 0.325133 0.688830 0.003989 0.007092
1 0.284574 0.373227 0.005319 0.007092
2 0.043218 0.623227 0.014628 0.024823
2 0.326463 0.440603 0.011968 0.024823
1 0.442819 0.343972 0.010638 0.012411
1 0.470080 0.886525 0.009309 0.023050
1 0.823803 0.783688 0.006649 0.019504
1 0.922207 0.717199 0.003989 0.010638
1 0.945479 0.596631 0.015957 0.017730
1 0.803856 0.321809 0.014628 0.010638
1 0.692154 0.138298 0.011968 0.008865
1 0.438165 0.081560 0.011968 0.015957
1 0.490027 0.023936 0.014628 0.014184
1 0.512633 0.359929 0.011968 0.015957
1 0.534574 0.279255 0.005319 0.014184
1 0.572473 0.304078 0.009309 0.014184
1 0.666888 0.985816 0.014628 0.015957