0 0.407633 0.422813 0.051458 0.080617
1 0.735442 0.727187 0.012221 0.030017
1 0.718075 0.800086 0.028945 0.023156
1 0.865566 0.918010 0.020583 0.025729
1 0.441038 0.438851 0.014151 0.030017
1 0.545562 0.664408 0.013508 0.031732
1 0.463551 0.766467 0.020583 0.021441
1 0.576758 0.887564 0.019297 0.012864
1 0.296955 0.716895 0.015437 0.024871
1 0.165223 0.833105 0.018010 0.017153
2 0.447727 0.411235 0.024443 0.019726
2 0.484134 0.463808 0.019297 0.017153
2 0.819575 0.495540 0.018654 0.024014
2 0.788057 0.818696 0.016081 0.025729
2 0.508898 0.867581 0.012221 0.022298
1 0.018246 0.432333 0.016081 0.016295
2 0.898692 0.528045 0.014794 0.023156
2 0.492045 0.142796 0.017367 0.016295