0 0.562830 0.876946 0.057176 0.081316
1 0.590385 0.321994 0.025729 0.018106
1 0.640771 0.028492 0.016438 0.025729
1 0.592172 0.094721 0.023585 0.019059
1 0.705451 0.085668 0.020011 0.016200
1 0.757266 0.130932 0.012150 0.020964
1 0.744402 0.200972 0.019297 0.023823
1 0.686154 0.270059 0.017153 0.026682
1 0.700162 0.365923 0.012864 0.026682
1 0.739828 0.380217 0.019297 0.019059
1 0.892415 0.332095 0.012864 0.021917
1 0.782352 0.487326 0.017153 0.019059
1 0.630122 0.533067 0.022870 0.020964
1 0.945036 0.901725 0.011351 0.011099
1 0.886010 0.963525 0.021189 0.020684
1 0.745712 0.901624 0.016648 0.023207
1 0.942955 0.693976 0.009459 0.021189
1 0.648509 0.621834 0.012486 0.031278
1 0.551080 0.755272 0.013621 0.019675
1 0.634699 0.794370 0.012864 0.016144
1 0.331891 0.204419 0.012486 0.024216
1 0.486606 0.173645 0.010594 0.024216
2 0.467108 0.787371 0.016676 0.017788
2 0.604329 0.731466 0.014770 0.016517
2 0.954196 0.314592 0.014294 0.012706
2 0.322549 0.268534 0.008100 0.019694
2 0.597421 0.391843 0.014294 0.015247
2 0.754320 0.761578 0.008100 0.025411
1 0.087606 0.982720 0.016200 0.015882
1 0.071168 0.989613 0.017629 0.020774
2 0.015183 0.774030 0.017153 0.015247