2 0.168680 0.507494 0.018271 0.011148
1 0.310325 0.510591 0.015174 0.010735
1 0.547876 0.438746 0.013626 0.012387
1 0.591230 0.522565 0.009290 0.014864
1 0.542611 0.641645 0.011148 0.017342
2 0.513657 0.645774 0.010219 0.010735
1 0.517311 0.719476 0.010839 0.016103
1 0.582962 0.785953 0.007742 0.016103
2 0.857952 0.594575 0.017651 0.016516
1 0.826985 0.656096 0.012697 0.009910
1 0.811811 0.676741 0.006503 0.008258
2 0.677258 0.450679 0.017342 0.018580
1 0.604329 0.273298 0.014555 0.006193
2 0.524836 0.961848 0.009910 0.024361
1 0.398768 0.915397 0.009600 0.017342
1 0.320265 0.994240 0.022297 0.011520
1 0.521337 0.220240 0.010219 0.012387
1 0.564691 0.079689 0.008981 0.004955
1 0.691131 0.125439 0.014864 0.017342