0 0.621011 0.037234 0.018617 0.023050
0 0.662234 0.509752 0.007979 0.021277
0 0.814495 0.559397 0.009309 0.014184
0 0.954787 0.833333 0.015957 0.015957
0 0.950133 0.775709 0.009309 0.007092
0 0.827793 0.268617 0.011968 0.021277
0 0.753989 0.835993 0.015957 0.031915
0 0.841090 0.667553 0.022606 0.021277
0 0.773936 0.612589 0.013298 0.017730
0 0.656250 0.284574 0.009309 0.021277
2 0.597074 0.711879 0.015957 0.024823
2 0.528590 0.265071 0.014628 0.031915
2 0.546543 0.113475 0.018617 0.023050
2 0.559840 0.242021 0.007979 0.021277
2 0.611702 0.277482 0.013298 0.024823
2 0.926862 0.265071 0.018617 0.014184
2 0.939495 0.299645 0.025266 0.023050
2 0.760638 0.410461 0.018617 0.021277
2 0.666223 0.820035 0.010638 0.031915
2 0.632979 0.800532 0.010638 0.021277
2 0.696809 0.583333 0.013298 0.026596
2 0.386303 0.418440 0.011968 0.026596
2 0.402926 0.466312 0.021277 0.012411
2 0.306516 0.554965 0.025266 0.026596
2 0.311170 0.596631 0.015957 0.021277
2 0.307846 0.696809 0.025266 0.019504
2 0.386303 0.656915 0.019947 0.031915
2 0.353059 0.571809 0.014628 0.014184
2 0.404255 0.382979 0.015957 0.019504
2 0.406915 0.288121 0.013298 0.028369
2 0.355053 0.518617 0.015957 0.024823
2 0.407580 0.556738 0.011968 0.012411
2 0.420878 0.504433 0.017287 0.028369
2 0.478723 0.513298 0.015957 0.028369
2 0.517287 0.522163 0.007979 0.021277
2 0.168883 0.698582 0.015957 0.015957
2 0.145612 0.737589 0.030585 0.040780
2 0.150931 0.779255 0.001330 0.010638
2 0.236702 0.696809 0.010638 0.023050
2 0.256649 0.757092 0.018617 0.023050
2 0.198803 0.839539 0.017287 0.021277
2 0.365027 0.867908 0.014628 0.028369
2 0.525931 0.812943 0.011968 0.014184
2 0.525266 0.768617 0.010638 0.021277
2 0.554521 0.764184 0.010638 0.026596
2 0.525931 0.578901 0.017287 0.017730
2 0.446809 0.601950 0.007979 0.021277
2 0.445479 0.525709 0.010638 0.014184
2 0.505319 0.683511 0.015957 0.014184
2 0.618351 0.623227 0.013298 0.021277
2 0.712101 0.855496 0.011968 0.014184
2 0.731383 0.892730 0.013298 0.024823
2 0.908245 0.765957 0.013298 0.026596
2 0.765957 0.645390 0.021277 0.015957
2 0.744016 0.870567 0.011968 0.012411
2 0.803856 0.730496 0.009309 0.023050
2 0.375000 0.817376 0.013298 0.019504
2 0.426862 0.834220 0.010638 0.014184
2 0.468085 0.803191 0.007979 0.023050
2 0.339761 0.796986 0.022606 0.017730
2 0.283245 0.744681 0.013298 0.015957
2 0.252660 0.689716 0.005319 0.019504
2 0.326463 0.851950 0.019947 0.024823
2 0.276596 0.918440 0.015957 0.026596
2 0.275931 0.866135 0.017287 0.021277
2 0.272606 0.828901 0.023936 0.031915
2 0.213431 0.906028 0.019947 0.019504
2 0.165559 0.903369 0.014628 0.021277
1 0.143617 0.914894 0.005319 0.023050
1 0.142287 0.835106 0.013298 0.023050
1 0.250665 0.870567 0.009309 0.019504
1 0.241356 0.828901 0.009309 0.014184
1 0.587101 0.845745 0.014628 0.012411
2 0.556516 0.885638 0.049202 0.070922
1 0.698138 0.703014 0.007979 0.021277
1 0.616356 0.667553 0.019947 0.014184
1 0.652261 0.604610 0.006649 0.012411
1 0.273936 0.563830 0.010638 0.019504
1 0.357048 0.730496 0.006649 0.012411
1 0.329787 0.765957 0.005319 0.008865
1 0.623005 0.570035 0.006649 0.010638
1 0.559176 0.400709 0.017287 0.015957
1 0.647606 0.380319 0.007979 0.021277
1 0.618351 0.409574 0.013298 0.019504
1 0.639628 0.421099 0.007979 0.014184
1 0.402926 0.872340 0.013298 0.008865
1 0.379654 0.920213 0.038564 0.058511
1 0.611037 0.882092 0.009309 0.010638
1 0.593750 0.898936 0.009309 0.033688
1 0.577793 0.760638 0.006649 0.008865
1 0.652261 0.724291 0.006649 0.017730
1 0.683511 0.709220 0.007979 0.008865
1 0.680186 0.625887 0.027926 0.015957
1 0.645612 0.760638 0.009309 0.015957
1 0.670878 0.781915 0.014628 0.008865
3 0.800532 0.917553 0.023936 0.053191
1 0.880984 0.684397 0.006649 0.019504
1 0.947473 0.614362 0.011968 0.021277
1 0.789894 0.779255 0.018617 0.010638
1 0.781915 0.741135 0.013298 0.012411
1 0.294548 0.793440 0.022606 0.042553
1 0.406250 0.773050 0.017287 0.019504
1 0.422872 0.701241 0.005319 0.007092
1 0.482048 0.572695 0.006649 0.012411
1 0.497340 0.607270 0.007979 0.007092
1 0.497340 0.633865 0.010638 0.014184
1 0.532580 0.710993 0.019947 0.040780
1 0.483378 0.706560 0.014628 0.021277
1 0.467420 0.603723 0.017287 0.024823