2 0.476484 0.621132 0.016981 0.022642
2 0.179777 0.803636 0.008748 0.026758
2 0.112882 0.763156 0.010806 0.026758
2 0.085352 0.808782 0.015437 0.017839
2 0.144014 0.709297 0.022642 0.034305
2 0.018714 0.766244 0.013894 0.028816
2 0.034666 0.739828 0.026244 0.019897
2 0.092298 0.353962 0.013894 0.030875
2 0.160223 0.283979 0.014923 0.010292
2 0.165626 0.303190 0.011321 0.024014
2 0.087153 0.325695 0.014923 0.017153
2 0.229655 0.798695 0.008576 0.018582
2 0.215361 0.784162 0.013579 0.017153
2 0.219113 0.762245 0.008934 0.020964
2 0.213932 0.745092 0.009291 0.015247
2 0.208929 0.763675 0.009291 0.014294
2 0.198923 0.725081 0.009291 0.020964
2 0.205177 0.739137 0.008219 0.018582
2 0.228940 0.714837 0.010720 0.015723
2 0.238053 0.738422 0.013937 0.016200
2 0.217327 0.716266 0.006790 0.010959
2 0.164261 0.672670 0.015009 0.026682
2 0.068742 0.757671 0.015366 0.015247
2 0.061237 0.736468 0.015366 0.018582
2 0.111802 0.675958 0.011435 0.022394
2 0.135851 0.764580 0.015366 0.022394
2 0.086609 0.761769 0.012507 0.035258
2 0.053376 0.679388 0.008934 0.015723
2 0.222044 0.634601 0.022513 0.025253
2 0.233765 0.609110 0.015366 0.015247
2 0.239303 0.589956 0.008576 0.022870
2 0.271465 0.601868 0.012864 0.019059
2 0.279505 0.588050 0.011078 0.015247
2 0.404219 0.712884 0.016795 0.009529
2 0.410651 0.726225 0.008219 0.013341
2 0.408686 0.694302 0.013579 0.021917
2 0.345435 0.740757 0.010720 0.023347
2 0.319885 0.728845 0.029660 0.013817
2 0.321672 0.751239 0.016081 0.013817
2 0.311488 0.767439 0.012864 0.010959
2 0.332035 0.785068 0.016081 0.012864
2 0.362588 0.812941 0.014294 0.015247
2 0.381349 0.675005 0.015366 0.013817
2 0.307074 0.653406 0.014524 0.028219
2 0.302509 0.631273 0.013694 0.012726
2 0.393806 0.587451 0.014524 0.019366
2 0.257650 0.860953 0.009960 0.021026
2 0.313257 0.845737 0.012450 0.013833
2 0.212831 0.826924 0.016599 0.016046
2 0.210964 0.814198 0.017014 0.017153
2 0.097051 0.716649 0.011620 0.024346
2 0.088129 0.702816 0.010375 0.025452
2 0.084809 0.729929 0.012035 0.022132
2 0.168013 0.629945 0.024069 0.013833
2 0.195402 0.395839 0.011620 0.024346
2 0.206814 0.383113 0.005395 0.016599
2 0.217811 0.396116 0.008300 0.024899
2 0.173408 0.461130 0.012450 0.024346
2 0.181915 0.430698 0.009545 0.021026
2 0.168013 0.428761 0.006640 0.023792
2 0.159298 0.419078 0.014109 0.008853
2 0.142907 0.396392 0.009545 0.018813
2 0.110953 0.412162 0.017844 0.011620
2 0.078584 0.466110 0.012864 0.011066
2 0.078377 0.532507 0.013279 0.027666
2 0.052025 0.499308 0.012864 0.016599
2 0.041236 0.518398 0.012864 0.024899
2 0.301638 0.421845 0.014939 0.032092
2 0.220923 0.302606 0.009545 0.024899
2 0.044970 0.402755 0.013694 0.011620
2 0.012187 0.431804 0.014524 0.011066
2 0.378493 0.147734 0.009960 0.023239
2 0.363553 0.154374 0.016599 0.015493
2 0.371106 0.274332 0.010790 0.026559
2 0.593662 0.090466 0.012864 0.021579
2 0.804072 0.107817 0.014090 0.022870
2 0.257180 0.180543 0.015174 0.014514
2 0.410361 0.300567 0.016328 0.013194
2 0.359645 0.228988 0.009896 0.020451
2 0.347721 0.935809 0.020286 0.036284
2 0.450637 0.780446 0.024245 0.034305
2 0.571513 0.966816 0.010885 0.028368
2 0.127095 0.912060 0.015833 0.025729
2 0.140701 0.888640 0.007422 0.021111
2 0.153071 0.898865 0.012370 0.027048
2 0.145897 0.845098 0.013854 0.018472
2 0.055845 0.894577 0.015833 0.019792
2 0.033827 0.898865 0.011380 0.021771
2 0.100129 0.873466 0.018307 0.017153
2 0.109530 0.849716 0.019297 0.013194
2 0.128579 0.852025 0.010885 0.032326
2 0.123136 0.887320 0.023750 0.018472
2 0.289880 0.875115 0.009896 0.020451
2 0.081821 0.583124 0.015338 0.013854
2 0.055598 0.638871 0.021276 0.011875
2 0.053371 0.613471 0.020781 0.015174
2 0.096665 0.299182 0.012370 0.021771
2 0.085532 0.275432 0.007917 0.020451
2 0.117941 0.261578 0.010391 0.023090
2 0.027395 0.676870 0.019297 0.017153
2 0.667984 0.206951 0.010068 0.021627
2 0.621840 0.212917 0.008390 0.021627
2 0.584924 0.129018 0.021814 0.020881
2 0.800097 0.540831 0.008949 0.019390
2 0.840368 0.595421 0.016780 0.013424
2 0.846241 0.836229 0.011746 0.014170
2 0.929022 0.961518 0.008390 0.006712
2 0.443527 0.880975 0.013983 0.014170
2 0.423671 0.939145 0.012305 0.011187
2 0.161738 0.862555 0.016220 0.010441
2 0.163416 0.877470 0.015102 0.017898
2 0.192501 0.764114 0.010627 0.011932
1 0.356663 0.569245 0.015661 0.024610
1 0.775710 0.951451 0.011187 0.029831
1 0.575192 0.923484 0.013983 0.032068
1 0.109274 0.136998 0.019576 0.029085
1 0.574465 0.527705 0.007831 0.019390
1 0.934894 0.727720 0.010068 0.020881
1 0.857148 0.708703 0.006712 0.014170
1 0.932657 0.830263 0.006712 0.009695
1 0.868894 0.362443 0.008949 0.013126
1 0.855638 0.763144 0.006153 0.011187
1 0.831867 0.730703 0.008949 0.011932
1 0.940096 0.773212 0.007271 0.013424
1 0.788239 0.798941 0.006712 0.009695
1 0.647904 0.737042 0.010627 0.012678
1 0.664684 0.684093 0.008390 0.008203
1 0.524797 0.718025 0.008949 0.010441
3 0.313036 0.620330 0.012305 0.017898
3 0.205366 0.518905 0.011746 0.019390
1 0.029849 0.796107 0.017339 0.024610