0 0.593525 0.129503 0.016724 0.039451
0 0.673928 0.270154 0.023156 0.046312
0 0.213379 0.684391 0.018010 0.041166
1 0.886192 0.514580 0.018010 0.020583
1 0.806432 0.024871 0.020583 0.022298
1 0.657733 0.534377 0.011792 0.019297
1 0.976665 0.571184 0.015009 0.021441
1 0.988190 0.515795 0.008040 0.015009
1 0.922527 0.691609 0.013937 0.017867
1 0.596359 0.737350 0.014473 0.013579
1 0.599843 0.779874 0.013937 0.020011
1 0.627448 0.843125 0.010184 0.023585
1 0.793346 0.805603 0.012864 0.018582
1 0.787718 0.793811 0.008040 0.010720
1 0.581304 0.215266 0.012864 0.022298
1 0.715738 0.398799 0.016724 0.022298
1 0.053216 0.933105 0.014151 0.030875
1 0.328106 0.535040 0.012864 0.015927
1 0.779650 0.281794 0.018378 0.014702
2 0.939426 0.178006 0.013341 0.022870
2 0.870815 0.238994 0.009529 0.013976
2 0.964202 0.235500 0.005718 0.015882
2 0.962772 0.252970 0.009529 0.012706
2 0.856759 0.504415 0.010006 0.010165
2 0.946811 0.671940 0.013817 0.014612
2 0.940855 0.870593 0.006670 0.026682
2 0.975637 0.954450 0.008576 0.016517
2 0.966108 0.944286 0.009529 0.007623
2 0.864621 0.921733 0.011435 0.019694
2 0.877724 0.911251 0.011912 0.016517
2 0.878438 0.929674 0.009529 0.017788
2 0.803396 0.877263 0.014770 0.012070
2 0.789578 0.880757 0.011912 0.013976
2 0.791246 0.849311 0.007623 0.020964
2 0.809113 0.845499 0.011912 0.022235
2 0.824836 0.833111 0.017629 0.016517
2 0.814592 0.922051 0.012388 0.012706
2 0.666365 0.708532 0.016676 0.020964
2 0.646592 0.717108 0.013341 0.021600
2 0.791198 0.706944 0.011912 0.013976
2 0.749031 0.818436 0.007623 0.022235
2 0.550727 0.764754 0.016200 0.008894
2 0.539054 0.757766 0.013817 0.007623
2 0.522854 0.766978 0.006194 0.014612
2 0.512134 0.785084 0.005718 0.010165
2 0.510228 0.862270 0.005718 0.023505
2 0.506416 0.951845 0.016200 0.018423
2 0.435900 0.929928 0.007623 0.025411
2 0.335509 0.704784 0.010006 0.015247
2 0.400308 0.624420 0.005241 0.023505
2 0.535576 0.572200 0.015247 0.015882
2 0.507941 0.596023 0.024776 0.015247
2 0.709223 0.029237 0.009356 0.021051
2 0.871492 0.078746 0.014619 0.017153
1 0.769160 0.365975 0.011110 0.012475
1 0.796936 0.650632 0.008186 0.011695
1 0.738169 0.645174 0.011110 0.011695
1 0.430122 0.543427 0.013449 0.015593
1 0.106814 0.467566 0.008186 0.014814
1 0.323756 0.979573 0.009356 0.010915
1 0.324341 0.823640 0.009356 0.017153
1 0.642153 0.972946 0.011110 0.016373
1 0.419613 0.480868 0.007917 0.011215
1 0.366671 0.528698 0.012864 0.011875
1 0.454496 0.455139 0.006432 0.009896
2 0.703869 0.864560 0.013359 0.016493
2 0.875066 0.793970 0.012370 0.017812
2 0.961901 0.857633 0.008906 0.014514
2 0.647167 0.803206 0.006432 0.015174
2 0.680565 0.874456 0.006927 0.013854
1 0.290127 0.887122 0.010391 0.012535
1 0.280726 0.953754 0.006432 0.013854
1 0.083881 0.878693 0.013579 0.020011
2 0.613255 0.844768 0.014294 0.023823
2 0.612826 0.324471 0.010006 0.020011
1 0.672289 0.613779 0.007147 0.014294
1 0.132123 0.610349 0.011435 0.018106
2 0.232180 0.334000 0.014294 0.018106
2 0.057795 0.856775 0.020011 0.010482
2 0.066371 0.887269 0.010006 0.020011
2 0.394916 0.795788 0.022156 0.020011
2 0.007409 0.723842 0.013579 0.019059
2 0.163927 0.583762 0.017867 0.017153
2 0.986754 0.461883 0.008576 0.020011
2 0.246474 0.302554 0.011435 0.010482
2 0.192872 0.397179 0.010006 0.015247