1 0.695154 0.173242 0.029588 0.034305
1 0.556861 0.019726 0.020583 0.022298
1 0.607033 0.136364 0.023156 0.025729
1 0.620540 0.235849 0.021870 0.029160
1 0.621827 0.332762 0.016724 0.024014
1 0.741514 0.521982 0.012864 0.021667
1 0.728311 0.578857 0.018958 0.027083
1 0.922632 0.599621 0.023021 0.018055
1 0.669405 0.698474 0.014896 0.022569
1 0.534125 0.654148 0.010833 0.016250
1 0.486255 0.823779 0.011510 0.018958
1 0.533312 0.817460 0.014896 0.018958
1 0.525864 0.800758 0.012187 0.014444
1 0.080482 0.817008 0.013542 0.019861
1 0.045274 0.940688 0.014896 0.016250
1 0.082513 0.537149 0.010833 0.016250
1 0.474677 0.649995 0.009479 0.018055
2 0.800149 0.345220 0.011510 0.023472
2 0.868195 0.512233 0.014896 0.025278
2 0.939830 0.559177 0.017604 0.018055
2 0.992304 0.790376 0.011510 0.027986
2 0.902929 0.778189 0.019635 0.019861
2 0.920195 0.827841 0.020312 0.027083
2 0.901575 0.853570 0.010156 0.020764
2 0.909362 0.893744 0.014896 0.016250
2 0.921549 0.943396 0.010833 0.025278
2 0.957773 0.958743 0.014219 0.012639
2 0.974700 0.963709 0.011510 0.015347
2 0.877878 0.936625 0.016927 0.022569
2 0.880247 0.826487 0.010833 0.035208
2 0.857565 0.795342 0.023698 0.021667
2 0.785795 0.804821 0.011510 0.038819
2 0.764467 0.801210 0.017604 0.015347
2 0.773269 0.837321 0.021667 0.011736
2 0.714702 0.873431 0.011510 0.020764
2 0.692019 0.886973 0.008125 0.035208
2 0.618150 0.935723 0.025052 0.024375
2 0.546041 0.891938 0.027083 0.019861
2 0.568385 0.844543 0.041979 0.017153
2 0.535885 0.857633 0.014896 0.021667
2 0.381917 0.719509 0.010833 0.025278
2 0.404261 0.709578 0.024375 0.032500
2 0.622619 0.711835 0.015573 0.022569
2 0.531552 0.716349 0.020312 0.015347
2 0.354496 0.843640 0.020989 0.029791
2 0.253273 0.855827 0.016250 0.023472
2 0.251241 0.946556 0.013542 0.026180
2 0.186580 0.925792 0.014219 0.026180
2 0.697775 0.683398 0.019635 0.018055
2 0.817956 0.973639 0.016250 0.013542
2 0.619030 0.070416 0.017604 0.018055
2 0.452131 0.031146 0.010156 0.022569
2 0.249075 0.600524 0.028437 0.014444
2 0.146836 0.787849 0.021667 0.015347
2 0.447797 0.869820 0.018281 0.013542
2 0.386183 0.977702 0.016927 0.021667
2 0.536021 0.517559 0.027083 0.033403
2 0.757019 0.585899 0.017604 0.018055
2 0.849102 0.731696 0.018958 0.027986
2 0.967564 0.823504 0.006597 0.019352
2 0.992798 0.918063 0.011545 0.015833
2 0.930125 0.869024 0.015503 0.010995
2 0.888233 0.894973 0.011545 0.015393
2 0.855247 0.941593 0.008906 0.020671
2 0.624181 0.798082 0.009896 0.016713
2 0.597563 0.509316 0.014195 0.012421
2 0.352472 0.326847 0.012864 0.024842
2 0.528850 0.481227 0.009291 0.026682
2 0.464170 0.643606 0.012864 0.026682