0 0.042234 0.570347 0.038871 0.062311
1 0.116483 0.402923 0.020528 0.015141
2 0.253625 0.541812 0.010045 0.027370
1 0.023454 0.701840 0.010919 0.021547
1 0.667016 0.803343 0.009609 0.020964
1 0.759827 0.838866 0.010045 0.013976
1 0.803809 0.876601 0.012229 0.018635
1 0.821279 0.761880 0.013976 0.009317
1 0.868230 0.785756 0.014413 0.010482
1 0.859932 0.816038 0.007425 0.009317
1 0.973096 0.953471 0.012229 0.010482
1 0.827874 0.992459 0.010919 0.015082
1 0.714230 0.606045 0.011792 0.012812
1 0.683683 0.651399 0.015206 0.008275
1 0.782212 0.572534 0.010551 0.011586
1 0.827210 0.532191 0.015516 0.017792
1 0.869259 0.212512 0.013965 0.007862
1 0.601601 0.341691 0.013034 0.020275
1 0.585464 0.379138 0.008069 0.022344
1 0.449417 0.565293 0.004965 0.009517
1 0.393899 0.781943 0.011482 0.016137
1 0.350825 0.763323 0.005896 0.007034
1 0.569999 0.579584 0.006955 0.006854
1 0.637881 0.506209 0.010281 0.007660
1 0.624667 0.168239 0.006350 0.008063
1 0.597152 0.253709 0.006350 0.015320
1 0.533835 0.160498 0.006955 0.012901
1 0.551675 0.150822 0.006955 0.008063
2 0.493620 0.248589 0.009978 0.007660