1 0.594669 0.137221 0.022760 0.017153
1 0.665424 0.154044 0.019792 0.017812
1 0.806934 0.041232 0.013854 0.021771
1 0.879766 0.374984 0.009896 0.022430
1 0.971550 0.388838 0.015338 0.014514
1 0.721187 0.362515 0.016328 0.013854
1 0.833751 0.481132 0.016823 0.021771
1 0.933451 0.565576 0.016328 0.023090
1 0.958685 0.607468 0.014349 0.021111
1 0.588781 0.414435 0.015338 0.023750
1 0.692737 0.609051 0.018802 0.027708
1 0.641526 0.647315 0.016328 0.014514
1 0.545982 0.677992 0.020781 0.024410
1 0.451923 0.509896 0.020286 0.015174
1 0.724156 0.753661 0.012370 0.013194
1 0.902527 0.975327 0.007917 0.022430
1 0.632867 0.821283 0.020781 0.015174
1 0.278747 0.962528 0.010391 0.017153
1 0.603198 0.462219 0.009818 0.017153
1 0.091654 0.637808 0.019635 0.018958
1 0.723908 0.772529 0.010885 0.015833
1 0.620003 0.702137 0.008906 0.012535
0 0.350096 0.932181 0.020286 0.055416
0 0.782295 0.406411 0.042614 0.048242
2 0.755397 0.397705 0.015970 0.011829
2 0.816393 0.420477 0.008428 0.020701
2 0.811069 0.406873 0.012864 0.010055
2 0.830144 0.420772 0.006654 0.021293
2 0.855430 0.510972 0.006654 0.019519
2 0.865633 0.502987 0.009316 0.017744
2 0.945481 0.411960 0.012864 0.025433
2 0.959011 0.413142 0.013308 0.010055
2 0.878054 0.322647 0.011090 0.013604
2 0.864524 0.294257 0.010646 0.024250
2 0.801754 0.271485 0.014639 0.009464
2 0.807742 0.290412 0.010646 0.022476
2 0.755841 0.246229 0.007985 0.020701
2 0.753623 0.299462 0.015970 0.011238
2 0.736544 0.286745 0.013752 0.017744
2 0.730555 0.261016 0.008872 0.026616
2 0.724345 0.268410 0.010646 0.024842
2 0.961229 0.064175 0.012421 0.014787
2 0.896241 0.175075 0.011090 0.010646
2 0.740492 0.111788 0.020406 0.011829
2 0.745150 0.125983 0.007541 0.015378
2 0.602931 0.287987 0.008428 0.028982
2 0.581416 0.331993 0.023955 0.014787
2 0.736899 0.338203 0.017301 0.029574
2 0.865411 0.384870 0.008872 0.019519
2 0.843674 0.385757 0.007985 0.021293
2 0.819498 0.455551 0.008428 0.014195
2 0.995253 0.557994 0.009493 0.021293
2 0.992725 0.592003 0.007985 0.011238
2 0.945038 0.569232 0.009316 0.011829
2 0.950893 0.640800 0.013752 0.024842
2 0.993479 0.622168 0.009316 0.008872
2 0.985938 0.722127 0.007541 0.025433
2 0.963758 0.731886 0.018188 0.015378
2 0.950006 0.709706 0.009316 0.011238
2 0.970855 0.710002 0.010203 0.009464
2 0.971299 0.766428 0.014639 0.014195
2 0.990152 0.898326 0.008872 0.026025
2 0.976844 0.909268 0.015970 0.026616
2 0.953777 0.827054 0.009759 0.012421
2 0.928935 0.859585 0.008872 0.015970
2 0.898770 0.848347 0.007985 0.020701
2 0.888123 0.580884 0.007098 0.023067
2 0.920506 0.591530 0.009759 0.014787
2 0.947256 0.619034 0.011977 0.010646
2 0.877832 0.601289 0.015970 0.009464
2 0.864745 0.617851 0.013752 0.009464
2 0.878275 0.627314 0.005323 0.014195
2 0.819365 0.575087 0.009759 0.015970
2 0.824023 0.604365 0.011090 0.017744
2 0.819587 0.624179 0.011977 0.011238
2 0.876723 0.705507 0.011977 0.018927
2 0.864302 0.704915 0.006654 0.014195
2 0.884486 0.725321 0.013308 0.015970
2 0.871621 0.734489 0.007098 0.017744
2 0.845005 0.714674 0.007985 0.018336
2 0.849441 0.729461 0.008872 0.017153
2 0.858979 0.738333 0.011090 0.018336
2 0.865189 0.752233 0.003992 0.018927
2 0.852768 0.756965 0.012864 0.017744
2 0.858757 0.774413 0.011534 0.012421
2 0.873617 0.788313 0.008428 0.020110
2 0.853212 0.813332 0.011977 0.024250
2 0.823934 0.794700 0.008428 0.027208
2 0.824821 0.652925 0.004880 0.018336
1 0.847223 0.577217 0.015083 0.015970
2 0.810848 0.662684 0.015083 0.018927
2 0.791773 0.686047 0.007098 0.021884
2 0.791551 0.708819 0.014639 0.015378
2 0.776690 0.760099 0.011534 0.018336
2 0.752736 0.762761 0.007098 0.022476
2 0.782102 0.841900 0.015083 0.011829
2 0.802951 0.878275 0.013308 0.010055
2 0.798072 0.893654 0.011534 0.012421
2 0.786095 0.881528 0.007098 0.027208
2 0.774117 0.858757 0.007985 0.021884
2 0.774783 0.890992 0.005767 0.024842
2 0.762584 0.847519 0.007985 0.015970
2 0.766132 0.863489 0.007985 0.012421
2 0.746170 0.850180 0.008872 0.014195
2 0.752381 0.866446 0.011534 0.011238
2 0.758369 0.911398 0.018188 0.021884
2 0.764136 0.889217 0.007541 0.016561
2 0.751715 0.889513 0.011090 0.010055
2 0.741956 0.882120 0.007541 0.016561
2 0.740847 0.899568 0.013308 0.019519
2 0.729092 0.876501 0.010203 0.012421
2 0.720086 0.807003 0.015083 0.018927
2 0.780771 0.605311 0.006210 0.020110
2 0.853966 0.372863 0.007098 0.016561
2 0.679408 0.390312 0.014639 0.011238
2 0.718578 0.455669 0.015970 0.010646
2 0.739427 0.494706 0.009759 0.022476
2 0.643742 0.416928 0.012864 0.011238
2 0.601822 0.381440 0.016857 0.015970
2 0.715695 0.521323 0.011090 0.023659
2 0.688191 0.490270 0.015526 0.015970
2 0.680206 0.511859 0.008428 0.024842
2 0.673331 0.512155 0.007985 0.024250
2 0.646714 0.513633 0.007985 0.014195
2 0.617880 0.501804 0.015083 0.020110
2 0.605770 0.559177 0.015526 0.014195
2 0.680783 0.903413 0.010646 0.024842
2 0.657050 0.910510 0.008428 0.021293
2 0.663926 0.952801 0.006210 0.017153
2 0.691208 0.832436 0.008428 0.016561
2 0.398651 0.913586 0.012421 0.023659
2 0.468031 0.931508 0.007985 0.020701
2 0.454279 0.923227 0.009759 0.017153
2 0.452505 0.906370 0.010646 0.014195
2 0.472911 0.872656 0.014195 0.013012
2 0.460046 0.858165 0.007985 0.021884
2 0.327897 0.924942 0.013752 0.018927
2 0.227864 0.896552 0.013308 0.018927
2 0.213669 0.883244 0.005323 0.018336
2 0.209676 0.871118 0.009759 0.020110
2 0.218105 0.857810 0.008872 0.012421
2 0.216774 0.836222 0.013308 0.018927
2 0.172946 0.814929 0.022180 0.015378
2 0.149435 0.787425 0.014195 0.023067
2 0.105518 0.789791 0.013308 0.014787
2 0.100417 0.846868 0.014639 0.014195
2 0.101970 0.868161 0.011534 0.007098
2 0.108180 0.891820 0.011534 0.016561
2 0.083782 0.896552 0.007098 0.020110
2 0.056278 0.823978 0.010646 0.023067
2 0.029440 0.811262 0.011090 0.018927
2 0.007290 0.807121 0.014580 0.016561
2 0.022343 0.750044 0.010203 0.031348
2 0.024783 0.836103 0.016857 0.017744
2 0.068699 0.793222 0.006210 0.021884
2 0.196235 0.707872 0.011977 0.020110
2 0.200450 0.793636 0.010646 0.021293
2 0.206216 0.737446 0.012421 0.015378
2 0.281185 0.798663 0.018631 0.020701
2 0.271559 0.711126 0.012864 0.017153
2 0.304164 0.761105 0.014195 0.024842
2 0.283536 0.736559 0.009316 0.017153
2 0.164518 0.709055 0.005323 0.028391
2 0.180931 0.644585 0.011534 0.016561
2 0.099530 0.680369 0.014639 0.011238
2 0.135240 0.730053 0.014195 0.010055
2 0.103300 0.656710 0.007098 0.019519
2 0.018129 0.581239 0.014195 0.021884
2 0.441548 0.691844 0.009316 0.024250
2 0.428240 0.703082 0.008428 0.020701
2 0.449976 0.720234 0.011977 0.019519
2 0.333486 0.746850 0.011090 0.024250
2 0.319734 0.733247 0.018188 0.021884
2 0.356110 0.705743 0.011090 0.024842
2 0.349456 0.820015 0.006654 0.017744
2 0.367200 0.796652 0.009316 0.020701
2 0.381617 0.802567 0.008872 0.024250
2 0.416351 0.833619 0.019962 0.020110
2 0.389291 0.846927 0.017301 0.023067
2 0.410584 0.860235 0.008428 0.014195
2 0.442524 0.875318 0.008428 0.017153
2 0.430547 0.911989 0.007541 0.014787
2 0.453170 0.811143 0.010203 0.016561
2 0.489324 0.812918 0.015970 0.013012
2 0.486441 0.799314 0.019962 0.011829
2 0.490655 0.790738 0.014195 0.007689
2 0.489546 0.777134 0.013752 0.008872
2 0.446738 0.755249 0.009759 0.023067
2 0.456719 0.749039 0.008428 0.021293
2 0.474020 0.745490 0.011977 0.014195
2 0.524191 0.764535 0.010646 0.023659
2 0.514654 0.795588 0.012864 0.020701
2 0.535281 0.799136 0.020406 0.011238
2 0.543266 0.746791 0.010646 0.014195
2 0.552360 0.754185 0.007541 0.018336
2 0.534172 0.820725 0.016413 0.014195
2 0.514432 0.820725 0.015970 0.011829
2 0.481162 0.821317 0.013308 0.013012
2 0.406193 0.706571 0.020406 0.011829
2 0.458538 0.833146 0.010646 0.016561
2 0.468297 0.847341 0.015970 0.014195
2 0.568551 0.818951 0.018631 0.014195
2 0.582081 0.797658 0.012864 0.014195
2 0.570548 0.802685 0.008428 0.013604
2 0.581239 0.857988 0.011534 0.016561
2 0.561055 0.873366 0.013752 0.023659
2 0.571479 0.931626 0.016857 0.017153
2 0.581682 0.910037 0.017744 0.017744
2 0.579908 0.898208 0.017744 0.016561
2 0.563716 0.893180 0.017301 0.013604
2 0.565934 0.902940 0.010203 0.015378
2 0.591885 0.878098 0.013308 0.011829
2 0.633939 0.851363 0.015083 0.017744
2 0.646803 0.778021 0.011534 0.016561
2 0.619078 0.803454 0.013752 0.017744
2 0.623514 0.835394 0.012864 0.011829
2 0.601112 0.769740 0.013308 0.018927
2 0.518824 0.856687 0.011090 0.020110
2 0.609230 0.718401 0.007541 0.014195
2 0.583723 0.658366 0.015083 0.018336
2 0.581061 0.759804 0.008872 0.018927
2 0.598894 0.735908 0.015083 0.009464
2 0.615662 0.899273 0.012421 0.011829
2 0.682070 0.705743 0.008428 0.021293
2 0.720885 0.575915 0.015970 0.014787
2 0.694180 0.520317 0.010646 0.012421
2 0.609230 0.523274 0.009316 0.015970
2 0.506270 0.594606 0.012421 0.020701
2 0.413335 0.508547 0.007541 0.014195
2 0.524280 0.409475 0.006210 0.013604
2 0.489901 0.494647 0.016413 0.010055
2 0.476149 0.520968 0.011090 0.015378
2 0.460179 0.533684 0.011090 0.015970
2 0.553247 0.517123 0.015526 0.024250
2 0.515541 0.514994 0.017301 0.014787
2 0.665213 0.681848 0.014639 0.009464
2 0.685840 0.675933 0.012421 0.008281
2 0.653235 0.597622 0.011090 0.010646
2 0.639927 0.598805 0.011090 0.011829
2 0.674528 0.598510 0.008428 0.020701
2 0.664325 0.613888 0.009316 0.007689
2 0.675416 0.621873 0.005767 0.016561
2 0.695821 0.639912 0.014639 0.008872
2 0.676746 0.644053 0.006654 0.010055
2 0.660777 0.629266 0.005767 0.011238
2 0.721107 0.646123 0.004880 0.013012
2 0.622849 0.597327 0.003549 0.013604
2 0.698172 0.731886 0.012421 0.009464
2 0.731886 0.698468 0.007098 0.012421
2 0.736544 0.720944 0.004880 0.012421
2 0.314684 0.427191 0.014219 0.014444
2 0.232757 0.351810 0.010156 0.017153
2 0.058748 0.485420 0.011510 0.015347
2 0.406089 0.611628 0.008802 0.018958
2 0.077368 0.862598 0.009479 0.013542
2 0.192132 0.685655 0.011510 0.022569
1 0.125982 0.359754 0.013542 0.013542
1 0.144940 0.436039 0.012187 0.014444
1 0.125643 0.471698 0.010156 0.013542
1 0.213325 0.379615 0.009479 0.008125
1 0.291189 0.343053 0.008125 0.009028
1 0.353480 0.342602 0.009479 0.013542
1 0.361605 0.473504 0.013542 0.011736
1 0.091789 0.723571 0.011510 0.011736
1 0.191320 0.568746 0.010156 0.010833
1 0.226528 0.635100 0.012864 0.013542
1 0.126659 0.835966 0.010833 0.016250
1 0.611109 0.639162 0.007448 0.012639
1 0.603322 0.668954 0.006771 0.010833
1 0.553895 0.730342 0.008125 0.010833
1 0.629728 0.940688 0.008125 0.010833
1 0.766924 0.713836 0.007719 0.010863
1 0.741409 0.706118 0.005575 0.009148
1 0.743125 0.616066 0.008148 0.009720
1 0.589608 0.200286 0.008148 0.012007
1 0.475114 0.315495 0.008148 0.011435
1 0.312722 0.087764 0.009434 0.009720
1 0.265552 0.165066 0.006861 0.007433
1 0.183519 0.793654 0.004717 0.008576
1 0.330732 0.587250 0.006861 0.010863
1 0.323613 0.839794 0.008576 0.010292
1 0.433605 0.837793 0.008148 0.016581
1 0.753073 0.710120 0.007290 0.021727
1 0.641152 0.525729 0.009863 0.009720
2 0.336268 0.790233 0.014983 0.034305
2 0.658561 0.804359 0.018162 0.028251
2 0.507214 0.548582 0.025729 0.013117
2 0.492080 0.560690 0.019675 0.025224
2 0.552618 0.573302 0.021189 0.012108
2 0.504187 0.699929 0.022702 0.017153
2 0.725272 0.719008 0.008576 0.027548