0 0.481383 0.349291 0.031915 0.037234
0 0.464096 0.184397 0.013298 0.030142
0 0.162234 0.395390 0.018617 0.026596
0 0.175532 0.370567 0.013298 0.023050
0 0.193484 0.363475 0.019947 0.023050
0 0.462101 0.067376 0.019947 0.023050
0 0.547207 0.063830 0.017287 0.019504
0 0.603723 0.038121 0.018617 0.024823
0 0.601064 0.077128 0.010638 0.007092
0 0.769947 0.114362 0.015957 0.021277
0 0.750000 0.292553 0.018617 0.015957
0 0.685505 0.295213 0.017287 0.014184
0 0.560505 0.346631 0.014628 0.021277
0 0.507979 0.364362 0.015957 0.028369
0 0.480718 0.412234 0.009309 0.017730
0 0.787899 0.392730 0.019947 0.039007
0 0.753989 0.459220 0.015957 0.047872
0 0.726064 0.524823 0.015957 0.033688
0 0.589096 0.504433 0.010638 0.024823
0 0.598404 0.585106 0.018617 0.026596
0 0.607713 0.522163 0.026596 0.031915
0 0.686170 0.601064 0.015957 0.026596
0 0.681516 0.727837 0.022606 0.017730
0 0.560505 0.652482 0.017287 0.019504
0 0.190160 0.934397 0.026596 0.051418
0 0.545878 0.773050 0.035904 0.030142
0 0.987367 0.660461 0.025266 0.067376
0 0.899601 0.619681 0.011968 0.028369
0 0.754654 0.616135 0.022606 0.010638
0 0.353059 0.324468 0.019947 0.015957
0 0.272606 0.530142 0.010638 0.015957
0 0.288564 0.138298 0.018617 0.023050
0 0.340426 0.147163 0.015957 0.015957
1 0.298537 0.094858 0.014628 0.014184
1 0.509973 0.101950 0.014628 0.017730
1 0.493351 0.442376 0.013298 0.021277
1 0.545878 0.432624 0.009309 0.026596
1 0.647606 0.596631 0.026596 0.014184
1 0.776596 0.697695 0.015957 0.028369
1 0.926197 0.516844 0.025266 0.024823
1 0.947473 0.457447 0.006649 0.015957
1 0.960106 0.526596 0.015957 0.019504
1 0.986702 0.513298 0.013298 0.031915
1 0.975399 0.286348 0.011968 0.010638
1 0.632314 0.212766 0.035904 0.026596
1 0.117686 0.512411 0.019947 0.019504
1 0.107713 0.591312 0.015957 0.021277
1 0.077793 0.577128 0.011968 0.014184
1 0.034574 0.621454 0.021277 0.021277
1 0.033245 0.654255 0.010638 0.019504
1 0.142287 0.576241 0.018617 0.008865
1 0.179521 0.622340 0.015957 0.015957
1 0.123670 0.686170 0.021277 0.023050
1 0.313165 0.676418 0.017287 0.014184
1 0.457447 0.671099 0.018617 0.021277
1 0.567154 0.744681 0.022606 0.019504
1 0.559840 0.714539 0.010638 0.008865
1 0.626995 0.988918 0.027926 0.022163
1 0.745346 0.952128 0.009309 0.015957
1 0.860372 0.778369 0.010638 0.015957
1 0.878989 0.648050 0.015957 0.035461
1 0.879654 0.775709 0.017287 0.028369
1 0.965426 0.699468 0.018617 0.014184
1 0.276596 0.918440 0.015957 0.026596
1 0.545213 0.920213 0.013298 0.030142
1 0.812500 0.931738 0.018617 0.017730
1 0.645612 0.789007 0.009309 0.008865