2 0.531680 0.495296 0.019492 0.012994
2 0.660910 0.304070 0.014424 0.023910
2 0.521623 0.337855 0.009356 0.025989
1 0.773104 0.206040 0.015203 0.019752
1 0.884596 0.191746 0.017542 0.016113
3 0.860037 0.259317 0.019102 0.016113
3 0.925295 0.279328 0.012864 0.019752
3 0.870329 0.113831 0.012085 0.018712
3 0.934846 0.091481 0.017932 0.017672
3 0.525521 0.149956 0.012475 0.026509
3 0.376995 0.098238 0.009356 0.027028
3 0.414419 0.118509 0.016373 0.019752
0 0.917693 0.561880 0.023390 0.032226
0 0.478819 0.698737 0.023390 0.032746