1 0.419811 0.628891 0.016328 0.014514
1 0.455189 0.635744 0.025399 0.015320
1 0.669872 0.419610 0.016933 0.022174
1 0.681362 0.371230 0.029028 0.015723
1 0.713564 0.435333 0.017840 0.014111
1 0.935958 0.783543 0.009071 0.024190
1 0.766479 0.781729 0.012397 0.018142
1 0.736000 0.968392 0.017840 0.036688
1 0.111121 0.648645 0.008769 0.016126
0 0.792695 0.190493 0.023585 0.035478
1 0.862391 0.234841 0.010583 0.012901
1 0.913794 0.345589 0.020259 0.029431
1 0.871160 0.328052 0.016630 0.014514
1 0.874637 0.382680 0.010885 0.011692
1 0.908896 0.841195 0.009373 0.019352