2 0.710592 0.301029 0.019297 0.039451
2 0.630189 0.828473 0.018010 0.041166
2 0.832161 0.787307 0.018010 0.041166
1 0.785206 0.138079 0.016724 0.022298
1 0.882333 0.186106 0.015437 0.018868
1 0.442367 0.291595 0.012864 0.017153
1 0.606389 0.197256 0.014151 0.020583
1 0.538208 0.214408 0.016724 0.020583
1 0.169640 0.243568 0.018010 0.027444
1 0.027487 0.408233 0.019297 0.017153
1 0.032633 0.449400 0.016724 0.020583
1 0.059648 0.439108 0.011578 0.017153
1 0.095026 0.427959 0.018010 0.018868
1 0.098242 0.917667 0.014151 0.020583
1 0.217238 0.852487 0.018010 0.024014
1 0.538851 0.787307 0.015437 0.024014
1 0.818010 0.850772 0.012864 0.020583
1 0.760120 0.833619 0.015437 0.024014
1 0.152916 0.510292 0.015437 0.022298
1 0.176715 0.514580 0.019297 0.024014
1 0.158062 0.536021 0.023156 0.018868
1 0.108533 0.618353 0.019297 0.018868
1 0.141338 0.852487 0.015437 0.027444
1 0.159348 0.872213 0.015437 0.018868
1 0.296355 0.796741 0.016724 0.022298
1 0.296998 0.858491 0.012864 0.018868