1 0.377152 0.952145 0.015793 0.014039
1 0.451010 0.911474 0.016722 0.023535
1 0.473771 0.903629 0.020129 0.019406
2 0.444692 0.742351 0.016722 0.012800
1 0.610678 0.777241 0.010529 0.021471
1 0.723616 0.817127 0.012697 0.015690
1 0.615694 0.917461 0.006193 0.009910
2 0.691255 0.663322 0.006193 0.027664
0 0.739905 0.488583 0.015793 0.038400
1 0.544996 0.311037 0.006503 0.020232
2 0.384461 0.305339 0.010839 0.033445
2 0.052707 0.775383 0.016103 0.012800
1 0.880249 0.903836 0.015174 0.017342
1 0.929023 0.982493 0.016722 0.023535
1 0.948222 0.607333 0.013626 0.021058
1 0.948842 0.280028 0.013626 0.019819
1 0.965874 0.169908 0.014245 0.012800
2 0.860275 0.113960 0.008052 0.023948
2 0.424780 0.039638 0.011458 0.018168