0 0.600629 0.796488 0.036950 0.094340
1 0.534591 0.543868 0.015723 0.016771
1 0.619497 0.586059 0.014937 0.026730
1 0.621266 0.555922 0.020047 0.011530
1 0.856211 0.954403 0.010220 0.012055
1 0.480700 0.912736 0.009827 0.019916
1 0.530228 0.909329 0.009827 0.005765
1 0.628302 0.864780 0.010220 0.006813
1 0.670362 0.988470 0.010220 0.009958
1 0.662107 0.902778 0.015723 0.013627
1 0.531211 0.513522 0.012579 0.011006
2 0.511557 0.338732 0.015723 0.018868
1 0.456525 0.323270 0.018082 0.012055
1 0.988876 0.492820 0.013758 0.011530
1 0.914780 0.447222 0.010220 0.012579
1 0.811596 0.392977 0.016903 0.008910
1 0.823854 0.346047 0.010782 0.013477
1 0.762096 0.156110 0.014488 0.015274
1 0.561658 0.204627 0.014151 0.024259
1 0.611691 0.117251 0.009771 0.013926
1 0.484164 0.028527 0.007412 0.017071
1 0.634771 0.002358 0.010782 0.004716
1 0.844036 0.061545 0.007749 0.013926
1 0.519412 0.543703 0.004233 0.008466
1 0.556906 0.417110 0.004838 0.006854
2 0.484640 0.833132 0.012700 0.009676