1 0.505140 0.251048 0.012700 0.024996
1 0.395380 0.582527 0.015723 0.012901
1 0.620344 0.676625 0.017537 0.018545
1 0.618680 0.606878 0.012397 0.009676
1 0.685111 0.740566 0.013909 0.014514
1 0.695543 0.623448 0.006955 0.026205
1 0.594551 0.824383 0.014211 0.012498
1 0.640209 0.874577 0.009978 0.021771
1 0.769352 0.809547 0.005443 0.006854
1 0.911617 0.637518 0.014816 0.012901
1 0.908291 0.379777 0.004536 0.015723
1 0.712960 0.301161 0.011188 0.014111
1 0.208152 0.603290 0.016933 0.008466
1 0.259404 0.604499 0.008164 0.006047
2 0.477927 0.616997 0.013304 0.006047
1 0.701772 0.544065 0.005745 0.010482