0 0.642287 0.040780 0.013298 0.026596
0 0.926197 0.031915 0.022606 0.019504
0 0.800532 0.242021 0.018617 0.017730
0 0.712101 0.343085 0.022606 0.028369
0 0.599734 0.329787 0.018617 0.023050
0 0.714096 0.460106 0.021277 0.010638
0 0.887633 0.536348 0.014628 0.017730
0 0.981383 0.462766 0.010638 0.019504
0 0.701463 0.641844 0.022606 0.012411
0 0.723404 0.736702 0.015957 0.014184
0 0.792553 0.981383 0.018617 0.021277
0 0.664894 0.872340 0.007979 0.023050
0 0.679521 0.790780 0.010638 0.015957
0 0.581117 0.349291 0.007979 0.012411
0 0.682846 0.498227 0.022606 0.023050
0 0.670213 0.523050 0.023936 0.023050
0 0.793218 0.702128 0.017287 0.019504
0 0.942154 0.823582 0.017287 0.021277
0 0.769282 0.710993 0.009309 0.023050
2 0.656250 0.750000 0.014628 0.019504
2 0.774601 0.762411 0.011968 0.012411
2 0.821809 0.757092 0.015957 0.026596
2 0.928191 0.591312 0.018617 0.017730
2 0.989362 0.783688 0.013298 0.012411
2 0.994016 0.846631 0.006649 0.024823
2 0.990027 0.906028 0.014628 0.023050
2 0.878989 0.796099 0.018617 0.026596
2 0.524601 0.316489 0.017287 0.017730
2 0.574468 0.271277 0.007979 0.015957
2 0.830452 0.031028 0.009309 0.014184
2 0.983378 0.084220 0.017287 0.024823
2 0.742021 0.323582 0.018617 0.024823
2 0.832447 0.260638 0.015957 0.019504
2 0.378324 0.076241 0.009309 0.012411
2 0.295878 0.039894 0.019947 0.017730
2 0.258644 0.109929 0.025266 0.023050
2 0.145612 0.312943 0.011968 0.028369
2 0.259309 0.272163 0.015957 0.014184
2 0.350399 0.249113 0.011968 0.021277
2 0.367686 0.296099 0.011968 0.012411
2 0.430851 0.299645 0.007979 0.019504
2 0.461436 0.294326 0.010638 0.030142
2 0.422207 0.140071 0.022606 0.015957
2 0.356383 0.335106 0.018617 0.033688
2 0.436170 0.358156 0.013298 0.030142
2 0.481383 0.202128 0.010638 0.012411
2 0.507979 0.393617 0.029255 0.023050
2 0.554521 0.522163 0.021277 0.017730
2 0.636968 0.594858 0.029255 0.021277
2 0.710106 0.610816 0.015957 0.021277
2 0.742686 0.838652 0.019947 0.026596
2 0.827793 0.861702 0.014628 0.015957
2 0.849069 0.948582 0.017287 0.015957
2 0.561835 0.929965 0.009309 0.028369
2 0.248670 0.612589 0.010638 0.017730
2 0.285239 0.585106 0.017287 0.019504
2 0.405585 0.496454 0.015957 0.026596
2 0.754654 0.550532 0.006649 0.010638
2 0.527926 0.625887 0.007979 0.023050
2 0.636303 0.862589 0.011968 0.024823
2 0.783910 0.827128 0.009309 0.017730
2 0.629654 0.945922 0.011968 0.021277
2 0.169548 0.945922 0.019947 0.028369