0 0.295712 0.138079 0.239280 0.186964
1 0.749694 0.658295 0.016540 0.025729
1 0.629319 0.635016 0.014702 0.025729
1 0.673058 0.168586 0.020216 0.022053
1 0.888263 0.558809 0.016540 0.023279
1 0.075502 0.592747 0.017459 0.029405
2 0.897410 0.272521 0.011835 0.023328
2 0.684786 0.270257 0.016981 0.010292
2 0.691732 0.288096 0.010292 0.019897
2 0.750137 0.386964 0.008748 0.026072
2 0.726724 0.384906 0.009262 0.024700
2 0.711801 0.421612 0.008233 0.024014
2 0.698422 0.420583 0.006175 0.021955
2 0.668834 0.386964 0.009777 0.020583
2 0.637238 0.400686 0.016981 0.013722
2 0.613568 0.346827 0.010806 0.018525
2 0.619228 0.332075 0.015952 0.016467
2 0.604563 0.310806 0.011321 0.019211
2 0.638216 0.243842 0.007204 0.021955
2 0.610943 0.260034 0.008233 0.021955
2 0.617890 0.286792 0.008748 0.012350
2 0.605026 0.273070 0.012864 0.020583
2 0.749983 0.294683 0.009262 0.024014
2 0.835146 0.413722 0.014923 0.027444
2 0.784202 0.172899 0.012864 0.012350
2 0.886346 0.226072 0.008233 0.017153
2 0.900240 0.148199 0.011321 0.019211
2 0.994425 0.606312 0.011149 0.024014
2 0.922727 0.577153 0.011835 0.016467
2 0.936621 0.681784 0.012864 0.021269
2 0.931475 0.698937 0.014923 0.011664
2 0.946913 0.694477 0.015952 0.013722
2 0.875386 0.727753 0.007719 0.025386
2 0.871424 0.920137 0.014408 0.029503
2 0.882487 0.909160 0.009777 0.022642
2 0.785489 0.854957 0.008233 0.019897
2 0.737633 0.815506 0.010292 0.027444
2 0.706501 0.801784 0.006690 0.032933
2 0.659571 0.764391 0.013894 0.022642
2 0.633328 0.765763 0.011835 0.026758
2 0.668165 0.889743 0.005146 0.027444
2 0.680000 0.898662 0.013379 0.012350
2 0.684631 0.864014 0.015437 0.006175
2 0.664048 0.847204 0.015437 0.013722
2 0.655300 0.864357 0.010292 0.021955
2 0.642706 0.918203 0.015573 0.014433
2 0.658617 0.893834 0.007448 0.027083
2 0.646937 0.856820 0.009141 0.025278
2 0.623240 0.902185 0.009141 0.017604
2 0.612576 0.882098 0.010156 0.010833
2 0.626117 0.888643 0.010833 0.020312
2 0.629164 0.853435 0.014219 0.011285
2 0.633227 0.868557 0.008125 0.014444
2 0.640167 0.884129 0.012526 0.009479
2 0.639997 0.900605 0.016250 0.017153
2 0.562810 0.906473 0.010833 0.019861
2 0.538774 0.910987 0.010156 0.018055
2 0.454308 0.930622 0.018620 0.013993
2 0.396249 0.941681 0.016250 0.009930
2 0.279521 0.911664 0.010156 0.022118
2 0.237034 0.910310 0.008463 0.023021
2 0.214352 0.920240 0.009818 0.018507
2 0.209782 0.842150 0.012864 0.019410
2 0.009603 0.885845 0.017943 0.018507
2 0.044067 0.784373 0.013880 0.023923
2 0.120035 0.889140 0.013880 0.023472
2 0.077717 0.816918 0.011849 0.026180
2 0.153719 0.755755 0.017604 0.016701
2 0.191128 0.756658 0.011172 0.024826
2 0.235138 0.808793 0.009818 0.027986
2 0.224068 0.778054 0.011510 0.019410
2 0.219667 0.746005 0.008802 0.021215
2 0.207310 0.730432 0.013203 0.025278
2 0.168717 0.702672 0.019297 0.015799
2 0.159068 0.712151 0.017604 0.023923
2 0.099316 0.733502 0.011172 0.019861
2 0.088144 0.703710 0.010495 0.024375
2 0.058353 0.701905 0.010495 0.024375
2 0.051244 0.735082 0.008463 0.021215
2 0.168886 0.796922 0.014896 0.023923
2 0.248680 0.660513 0.012526 0.014896
2 0.255789 0.641780 0.012526 0.016250
2 0.266622 0.662093 0.013203 0.014444
2 0.316997 0.572493 0.011849 0.025729
2 0.298039 0.507493 0.011849 0.019410
2 0.341643 0.535434 0.010495 0.018055
2 0.384129 0.594836 0.008802 0.012639
2 0.384299 0.567753 0.015234 0.011736
2 0.496524 0.503656 0.014219 0.020764
2 0.432879 0.519229 0.016250 0.023021
2 0.431525 0.574524 0.020989 0.013542
2 0.385314 0.550826 0.025390 0.013993
2 0.553636 0.514760 0.008463 0.021667
2 0.560237 0.514760 0.004062 0.021667
2 0.566162 0.491514 0.014557 0.019410
2 0.595107 0.523562 0.008802 0.026632
2 0.599068 0.457209 0.017266 0.013090
2 0.703338 0.456080 0.007786 0.016250
2 0.619211 0.497608 0.007448 0.022569
2 0.774025 0.583822 0.009141 0.021667
2 0.738986 0.512278 0.009479 0.018507
2 0.810655 0.581340 0.006432 0.018507
2 0.805915 0.593527 0.013880 0.022118
2 0.839769 0.642954 0.011172 0.024375
2 0.853853 0.059041 0.011849 0.018958
2 0.817121 0.130631 0.005417 0.018055
2 0.583021 0.165975 0.009141 0.022118
2 0.483491 0.290873 0.008463 0.028889
2 0.480985 0.383994 0.014557 0.016701
2 0.523472 0.419653 0.014219 0.011285
2 0.558680 0.392345 0.015573 0.013542
2 0.660242 0.608017 0.004062 0.020764
2 0.635122 0.675724 0.006094 0.019861
2 0.672869 0.709578 0.016588 0.027083
2 0.526451 0.781574 0.013542 0.013090
2 0.523404 0.765776 0.009479 0.019410
2 0.481696 0.772547 0.014896 0.025729
2 0.514602 0.856911 0.013542 0.018055
2 0.503261 0.834341 0.015234 0.011736
2 0.500214 0.807258 0.017266 0.020764
2 0.459928 0.802519 0.017943 0.017604
2 0.442832 0.872032 0.010156 0.024826
2 0.462637 0.913334 0.017943 0.018055
2 0.462637 0.859845 0.010495 0.017604
2 0.350309 0.928365 0.009818 0.028437
2 0.334906 0.923174 0.009479 0.017153
2 0.331012 0.902185 0.013203 0.014896
2 0.314763 0.909858 0.011849 0.018507
2 0.293942 0.876095 0.013542 0.017604
2 0.273969 0.844272 0.017604 0.027083
2 0.303929 0.833213 0.010495 0.023021
2 0.293604 0.832085 0.007448 0.023472
2 0.315406 0.836824 0.006771 0.021215
2 0.337411 0.812449 0.018281 0.016701
2 0.342150 0.836824 0.011510 0.022118
2 0.352645 0.849689 0.016250 0.013542
2 0.350952 0.868421 0.019635 0.019410
2 0.326070 0.875192 0.010495 0.020312
2 0.415106 0.820935 0.013880 0.014896
2 0.414936 0.798140 0.018281 0.016250
2 0.405119 0.767220 0.012864 0.023021
2 0.395640 0.795658 0.010156 0.017604
2 0.395775 0.820258 0.014219 0.011736
2 0.372924 0.813487 0.017266 0.010833
2 0.361583 0.820710 0.008125 0.009028
2 0.371231 0.793626 0.026068 0.010833
2 0.320890 0.696172 0.008802 0.020312
2 0.309549 0.703846 0.009818 0.021215
2 0.286968 0.706283 0.019635 0.014896
2 0.238050 0.705832 0.009141 0.020312
2 0.332299 0.722127 0.015234 0.013542
2 0.354643 0.744696 0.011849 0.016250
2 0.337038 0.748533 0.007109 0.018507
2 0.328744 0.752595 0.007448 0.021215
2 0.451499 0.678117 0.006094 0.016701
2 0.463855 0.660513 0.014557 0.014896
2 0.444559 0.712422 0.009141 0.019410
2 0.425600 0.752595 0.012526 0.023021
2 0.460978 0.735967 0.016413 0.011238
2 0.749122 0.758801 0.007351 0.022870
2 0.743915 0.741240 0.016540 0.018786
2 0.737789 0.764519 0.012864 0.017969
2 0.769644 0.731030 0.014090 0.019603
2 0.761680 0.708568 0.016540 0.013885
2 0.842359 0.720003 0.019603 0.018786
2 0.854305 0.740423 0.016540 0.017153
2 0.972842 0.762722 0.019603 0.029405
2 0.891367 0.799886 0.011027 0.018786
2 0.861962 0.773748 0.014702 0.013885
2 0.693376 0.612677 0.011027 0.017153
2 0.700727 0.629421 0.018378 0.016336
2 0.600568 0.578780 0.015315 0.019603
2 0.173528 0.733725 0.009802 0.026954
2 0.075819 0.643878 0.014090 0.022053
2 0.557992 0.745977 0.009802 0.028588
2 0.539614 0.748836 0.015927 0.011435
2 0.530426 0.675325 0.014702 0.017969
2 0.545740 0.684718 0.013477 0.015519
2 0.577902 0.738626 0.016540 0.015519
2 0.604550 0.769664 0.009802 0.023687
2 0.599036 0.739443 0.020828 0.015519
2 0.619864 0.719840 0.011027 0.018786
2 0.611901 0.696561 0.007351 0.024504
2 0.604550 0.714939 0.007351 0.025321
2 0.567488 0.680225 0.011639 0.014702
2 0.561055 0.710855 0.011027 0.022053
2 0.572082 0.643878 0.015927 0.012252
2 0.576370 0.606714 0.014702 0.019603
2 0.448644 0.821122 0.020216 0.015519
2 0.545740 0.819489 0.017153 0.013885
2 0.567794 0.790493 0.007351 0.016336
2 0.600568 0.808054 0.014090 0.020420
2 0.726701 0.721310 0.011027 0.022053
2 0.749673 0.621253 0.015315 0.019603
2 0.761925 0.629421 0.009189 0.022870
2 0.693621 0.666177 0.013477 0.021237
2 0.573859 0.519235 0.011639 0.010618
2 0.518900 0.599644 0.014294 0.019694
2 0.485500 0.562544 0.015723 0.017153
2 0.912267 0.660060 0.014294 0.016517
2 0.817689 0.866146 0.010959 0.017788
2 0.841751 0.833111 0.012388 0.012706
2 0.743838 0.781145 0.012864 0.015247
2 0.702243 0.578045 0.009529 0.020964
2 0.963964 0.356648 0.010959 0.015247
2 0.393733 0.517883 0.013817 0.019059
2 0.049870 0.341084 0.011435 0.023505
2 0.078458 0.310590 0.016200 0.010800
2 0.317404 0.317896 0.011912 0.008894
2 0.254511 0.426847 0.013817 0.015882