2 0.623670 0.726064 0.018617 0.028369
2 0.632979 0.541667 0.007979 0.028369
2 0.521277 0.369681 0.007979 0.024823
2 0.535239 0.421099 0.011968 0.007092
2 0.309176 0.401596 0.027926 0.017730
2 0.371011 0.227837 0.013298 0.024823
0 0.581117 0.086879 0.026596 0.015957
2 0.512633 0.198582 0.017287 0.015957
0 0.521277 0.234929 0.013298 0.024823
0 0.944149 0.617021 0.031915 0.033688
0 0.849069 0.676418 0.011968 0.017730
0 0.448803 0.895390 0.019947 0.023050
0 0.642287 0.983156 0.010638 0.017730
0 0.733378 0.804078 0.011968 0.021277
0 0.792553 0.889184 0.013298 0.024823
0 0.956117 0.863475 0.013298 0.026596
2 0.638963 0.450355 0.017287 0.026596
2 0.384309 0.555851 0.023936 0.024823
2 0.385638 0.638298 0.023936 0.015957
2 0.392287 0.677305 0.023936 0.008865
2 0.377660 0.806738 0.010638 0.026596
2 0.394282 0.843972 0.009309 0.015957
2 0.826463 0.125000 0.014628 0.035461
2 0.805851 0.383865 0.029255 0.024823
2 0.767287 0.328014 0.013298 0.030142
2 0.654920 0.100177 0.022606 0.021277
2 0.745346 0.080674 0.017287 0.028369
2 0.458777 0.375000 0.013298 0.024823
2 0.464761 0.305851 0.019947 0.021277
2 0.434176 0.545213 0.014628 0.028369
2 0.431516 0.498227 0.017287 0.015957
2 0.315160 0.439716 0.026596 0.019504
2 0.305186 0.259752 0.011968 0.021277
2 0.353723 0.260638 0.013298 0.026596
2 0.342420 0.318262 0.014628 0.017730
2 0.367686 0.339539 0.014628 0.024823
2 0.400266 0.321809 0.021277 0.024823
2 0.486037 0.254433 0.017287 0.010638
2 0.489362 0.283688 0.007979 0.008865
2 0.504654 0.473404 0.011968 0.019504
2 0.568484 0.338652 0.019947 0.008865
2 0.584441 0.363475 0.022606 0.012411
2 0.595080 0.259752 0.011968 0.014184
3 0.605718 0.300532 0.014628 0.021277
3 0.857713 0.428191 0.013298 0.031915
3 0.990691 0.226064 0.013298 0.010638
2 0.508644 0.689716 0.017287 0.040780
2 0.696809 0.579787 0.023936 0.015957
2 0.859707 0.568262 0.011968 0.035461
2 0.925532 0.465426 0.010638 0.017730
2 0.682181 0.143617 0.013298 0.044326
2 0.409574 0.043440 0.013298 0.024823
2 0.234707 0.256206 0.009309 0.014184
2 0.198803 0.043440 0.022606 0.017730
2 0.483378 0.451241 0.014628 0.010638
2 0.580452 0.656028 0.019947 0.019504
2 0.488032 0.519504 0.018617 0.026596
2 0.567154 0.395390 0.027926 0.019504
2 0.456117 0.083333 0.018617 0.015957
2 0.248005 0.433511 0.014628 0.028369
2 0.423537 0.398936 0.014628 0.012411
2 0.726729 0.491135 0.022606 0.012411
2 0.707447 0.531028 0.018617 0.017730
2 0.895612 0.912234 0.025266 0.014184
2 0.492021 0.812943 0.018617 0.031915
2 0.432846 0.654255 0.017287 0.019504
2 0.198138 0.563830 0.015957 0.026596
2 0.146277 0.423759 0.018617 0.033688
2 0.087766 0.215426 0.015957 0.014184
2 0.531915 0.558511 0.013298 0.023050
2 0.662899 0.911348 0.017287 0.037234
2 0.666888 0.789894 0.014628 0.031915
2 0.631649 0.776596 0.010638 0.026596
2 0.616356 0.592199 0.011968 0.015957
2 0.634309 0.612589 0.005319 0.024823
2 0.572473 0.512411 0.017287 0.023050
2 0.594415 0.438830 0.005319 0.028369
2 0.612367 0.461879 0.011968 0.028369
2 0.646277 0.497340 0.013298 0.024823
2 0.367686 0.482270 0.017287 0.030142
2 0.359707 0.382979 0.014628 0.008865
2 0.454122 0.570035 0.014628 0.021277
2 0.849069 0.718972 0.011968 0.007092
2 0.708777 0.844858 0.013298 0.014184
2 0.549202 0.867908 0.010638 0.031915
2 0.595080 0.791667 0.011968 0.031915
2 0.519282 0.753546 0.025266 0.019504
2 0.436835 0.718972 0.009309 0.024823
2 0.494016 0.643617 0.011968 0.023050
2 0.461436 0.531915 0.015957 0.037234
2 0.449468 0.437057 0.010638 0.014184
2 0.638963 0.141844 0.019947 0.030142
2 0.573138 0.148050 0.007979 0.021277
3 0.967420 0.729610 0.009309 0.021277
3 0.757314 0.850177 0.009309 0.021277
3 0.958777 0.489362 0.007979 0.019504
3 0.524601 0.274823 0.025266 0.023050
2 0.063165 0.709220 0.014628 0.012411
2 0.023936 0.689716 0.018617 0.015957
2 0.168883 0.914007 0.015957 0.028369
3 0.218750 0.636525 0.011968 0.015957
3 0.570479 0.711879 0.010638 0.014184
3 0.817819 0.602837 0.021277 0.037234
3 0.994016 0.654255 0.011968 0.023050
2 0.861702 0.836879 0.021277 0.015957
2 0.805186 0.711879 0.011968 0.024823
2 0.712101 0.703014 0.009309 0.014184
2 0.742686 0.695035 0.009309 0.008865
2 0.779255 0.691489 0.005319 0.008865
2 0.741356 0.619681 0.009309 0.014184
2 0.509309 0.420213 0.007979 0.015957
2 0.723404 0.326241 0.018617 0.030142
2 0.805186 0.313830 0.019947 0.019504
2 0.784574 0.289894 0.010638 0.014184
2 0.799867 0.031915 0.006649 0.015957
2 0.269282 0.579787 0.014628 0.023050
2 0.259309 0.656915 0.010638 0.024823
2 0.242686 0.700355 0.022606 0.015957
2 0.105718 0.581560 0.017287 0.008865
2 0.134973 0.455674 0.019947 0.015957
0 0.208112 0.417553 0.019947 0.017730
0 0.429521 0.182624 0.015957 0.019504