2 0.279365 0.296965 0.008949 0.023865
2 0.274610 0.279439 0.015102 0.009695
2 0.415281 0.200015 0.013424 0.020881
2 0.370814 0.176896 0.015102 0.016407
2 0.708368 0.089119 0.008949 0.017153
2 0.597093 0.617496 0.017604 0.014444
2 0.139049 0.904126 0.007448 0.024375
2 0.115690 0.846348 0.008125 0.015347
2 0.099779 0.797147 0.012864 0.021667
2 0.105873 0.826487 0.010156 0.009930
2 0.292069 0.807078 0.007448 0.025278
2 0.222330 0.766453 0.010156 0.025278
2 0.221314 0.678884 0.008125 0.023472
2 0.210481 0.623815 0.006771 0.021667
2 0.189492 0.582288 0.014896 0.010833
2 0.291054 0.459059 0.014896 0.018958
2 0.479417 0.224610 0.010833 0.018055
2 0.530875 0.299088 0.014896 0.013542
2 0.561343 0.357859 0.014896 0.016250
2 0.593166 0.330775 0.009479 0.016250
2 0.555927 0.577232 0.012187 0.018055
2 0.490589 0.269387 0.010156 0.023472
2 0.425792 0.342060 0.016250 0.017153
2 0.334048 0.391261 0.007448 0.025278
2 0.323892 0.381782 0.007448 0.022569
2 0.312381 0.391261 0.010156 0.023472
2 0.296470 0.428275 0.009479 0.023472
2 0.282590 0.426018 0.007448 0.018958
2 0.224361 0.406157 0.014219 0.013542
2 0.210481 0.406157 0.016250 0.015347
2 0.188476 0.463032 0.015573 0.011736
2 0.151914 0.398935 0.011510 0.008125
2 0.327616 0.580211 0.017604 0.017153
2 0.068972 0.425837 0.012187 0.018958
2 0.483141 0.813397 0.014219 0.016250
2 0.465198 0.742530 0.009479 0.027986
2 0.431344 0.728085 0.017604 0.015347
2 0.442177 0.750203 0.018958 0.009028
2 0.435745 0.769161 0.010156 0.016250
2 0.450302 0.786314 0.014896 0.014444
2 0.248194 0.765550 0.016927 0.016250
2 0.262075 0.716801 0.014896 0.019861
2 0.252257 0.705065 0.015573 0.010833
2 0.374131 0.864404 0.007448 0.018958
2 0.324366 0.765550 0.010833 0.019861
2 0.329444 0.750203 0.012864 0.016250
2 0.320642 0.741175 0.008802 0.018055
2 0.312855 0.725828 0.012187 0.019861
2 0.356188 0.741175 0.018958 0.016250
2 0.424912 0.654961 0.011510 0.024375
2 0.403245 0.582288 0.020989 0.012639
2 0.372438 0.553399 0.016250 0.009028
2 0.357204 0.547982 0.010156 0.018055
2 0.359235 0.590413 0.008802 0.021667
2 0.351110 0.608468 0.018281 0.012639
2 0.334183 0.626523 0.012864 0.009028
2 0.343663 0.640516 0.011510 0.022569
2 0.389027 0.599892 0.012864 0.018958
2 0.422204 0.631037 0.014219 0.014444
2 0.503453 0.673016 0.016927 0.017153
2 0.067956 0.654961 0.014219 0.017153
2 0.106888 0.645482 0.016250 0.016250
2 0.032409 0.280672 0.013542 0.017153
2 0.085222 0.304144 0.009479 0.027986
2 0.110274 0.283380 0.008125 0.017153
2 0.118060 0.427191 0.015573 0.012639
2 0.083190 0.394240 0.013542 0.015347
2 0.085222 0.563059 0.012187 0.015347
2 0.096393 0.506635 0.011510 0.019861
2 0.092669 0.532816 0.010833 0.014444
2 0.255033 0.534621 0.020312 0.010833
2 0.236752 0.556288 0.005417 0.025278
2 0.251309 0.546357 0.018281 0.010833
2 0.286856 0.582920 0.010833 0.017153
2 0.083867 0.991559 0.036562 0.016882
2 0.014805 0.921278 0.012187 0.022569
2 0.019545 0.754717 0.010833 0.023472
2 0.035118 0.742530 0.009479 0.020764
2 0.053737 0.705516 0.015573 0.018958
2 0.004356 0.694231 0.008712 0.018055
2 0.040873 0.520899 0.019635 0.025278
2 0.038503 0.574163 0.016250 0.016250
2 0.003002 0.560621 0.006003 0.025278
2 0.291054 0.659475 0.010833 0.022569
2 0.278866 0.670759 0.014896 0.016250
2 0.125169 0.776383 0.010833 0.014444
2 0.081836 0.732599 0.010833 0.017153
2 0.083867 0.766453 0.012187 0.019861
2 0.066263 0.791731 0.012187 0.009028
2 0.059493 0.810237 0.016250 0.013542
2 0.029024 0.787217 0.016250 0.014444
2 0.028686 0.810237 0.014219 0.009930
2 0.063894 0.918119 0.015573 0.014444
2 0.071003 0.898709 0.017604 0.013542
2 0.054753 0.860793 0.010833 0.018958
2 0.078789 0.868466 0.014219 0.016250
2 0.056446 0.882911 0.014219 0.016250
2 0.162070 0.900966 0.012864 0.019861
2 0.150898 0.740273 0.008125 0.021667
2 0.134310 0.744786 0.015573 0.010833
2 0.122461 0.759682 0.010833 0.013542
2 0.469125 0.944750 0.009479 0.027986
2 0.464386 0.929855 0.020312 0.018055
2 0.478266 0.923084 0.008802 0.027986
2 0.526203 0.713641 0.016927 0.015347
2 0.260720 0.893022 0.005417 0.028889
2 0.250564 0.894827 0.008125 0.019861
2 0.234314 0.918751 0.013542 0.020764
2 0.273923 0.866390 0.018281 0.011736
2 0.255642 0.847883 0.010156 0.016250
2 0.277647 0.885799 0.017604 0.014444
2 0.245486 0.859619 0.010156 0.023472
2 0.237023 0.858265 0.008125 0.018958
2 0.230929 0.892119 0.016250 0.014444
2 0.203846 0.874515 0.017604 0.013542
2 0.220096 0.855557 0.014896 0.018958
2 0.216310 0.898228 0.012205 0.016273
2 0.218619 0.879096 0.010226 0.015833
2 0.161437 0.639542 0.021189 0.018666
2 0.150653 0.648118 0.015513 0.023711
2 0.146491 0.518212 0.009459 0.019171
2 0.705560 0.129788 0.021012 0.019440
2 0.212812 0.125691 0.030732 0.025729
2 0.301434 0.107014 0.009291 0.023823
2 0.192791 0.807688 0.017405 0.019171
2 0.134288 0.682127 0.021098 0.016467
2 0.184460 0.527067 0.011321 0.024700
2 0.154099 0.708885 0.011321 0.020583
2 0.330600 0.787581 0.016467 0.015780
2 0.345780 0.720343 0.014923 0.018525
2 0.610532 0.835883 0.000000 0.002058
2 0.168831 0.738606 0.015621 0.015315
2 0.159195 0.498207 0.014424 0.014034
2 0.168356 0.529134 0.011695 0.018712
1 0.831518 0.211835 0.019297 0.029160
1 0.779621 0.471302 0.021771 0.019792
1 0.623763 0.563993 0.014844 0.020451
1 0.707630 0.742644 0.018307 0.016493
1 0.595313 0.890619 0.017318 0.026389
1 0.695013 0.920966 0.012864 0.025069
1 0.888970 0.942737 0.008906 0.023750
1 0.479031 0.564322 0.019297 0.024014
1 0.401844 0.530875 0.014151 0.018868
1 0.558388 0.284402 0.021994 0.021026
1 0.353402 0.866438 0.013722 0.026301
1 0.325958 0.823556 0.012007 0.022870
1 0.274071 0.636478 0.011149 0.027444
1 0.297827 0.196798 0.013722 0.026301
1 0.677844 0.525672 0.014580 0.017153
1 0.676558 0.547399 0.012007 0.024014
1 0.983162 0.892053 0.021441 0.021727
1 0.690709 0.964437 0.012864 0.029731
2 0.569354 0.788336 0.015437 0.016009
2 0.928273 0.756318 0.011149 0.027444
2 0.643282 0.637850 0.006861 0.022870
2 0.628702 0.943168 0.013722 0.020583
2 0.407004 0.879703 0.011149 0.021727
3 0.321241 0.518582 0.009434 0.019440
3 0.240881 0.619097 0.013722 0.016009
3 0.432990 0.620240 0.012007 0.016009