2 0.716381 0.274443 0.025729 0.020583
2 0.763336 0.283019 0.021870 0.030875
1 0.933147 0.227273 0.016724 0.022298
2 0.684863 0.240137 0.016724 0.027444
2 0.574228 0.314751 0.024443 0.022298
2 0.425643 0.386792 0.015437 0.032590
2 0.480317 0.522298 0.021870 0.025729
2 0.644983 0.502573 0.027015 0.024014
2 0.607033 0.578902 0.018010 0.029160
2 0.435292 0.772727 0.024443 0.022298
1 0.554288 0.948542 0.020583 0.020583
2 0.729888 0.795883 0.014151 0.030875
2 0.795497 0.644082 0.014151 0.032590
2 0.863679 0.841338 0.019297 0.025729