0 0.670213 0.448582 0.034574 0.093972
0 0.729388 0.860816 0.059840 0.078014
0 0.724069 0.920213 0.014628 0.033688
0 0.686170 0.952128 0.026596 0.023050
0 0.845080 0.707447 0.025266 0.019504
0 0.599069 0.553191 0.011968 0.030142
0 0.732048 0.432624 0.014628 0.037234
0 0.827128 0.381206 0.018617 0.023050
0 0.912234 0.375000 0.021277 0.035461
0 0.781915 0.543440 0.013298 0.024823
0 0.771277 0.617908 0.013298 0.014184
0 0.728059 0.599291 0.014628 0.019504
0 0.617021 0.755319 0.026596 0.019504
0 0.549867 0.822695 0.019947 0.019504
0 0.613032 0.687057 0.010638 0.024823
0 0.627660 0.517730 0.015957 0.030142
0 0.688830 0.335993 0.013298 0.031915
0 0.698138 0.400709 0.013298 0.033688
0 0.732713 0.359929 0.015957 0.015957
0 0.855718 0.261525 0.017287 0.017730
0 0.486702 0.021277 0.018617 0.015957
0 0.956782 0.050532 0.014628 0.028369
0 0.781915 0.295213 0.018617 0.021277
0 0.718750 0.292553 0.019947 0.012411
0 0.560505 0.320035 0.014628 0.021277
0 0.648936 0.169326 0.015957 0.028369
0 0.588431 0.080674 0.019947 0.021277
0 0.712101 0.111702 0.011968 0.026596
0 0.471410 0.042553 0.014628 0.015957
0 0.317154 0.322695 0.011968 0.019504
0 0.363697 0.442376 0.017287 0.028369
0 0.539229 0.782801 0.011968 0.021277
0 0.767287 0.830674 0.015957 0.024823
0 0.971410 0.349291 0.017287 0.019504
0 0.970745 0.412234 0.029255 0.024823
0 0.987367 0.446809 0.017287 0.044326
0 0.071809 0.360816 0.018617 0.031915
2 0.514628 0.176418 0.021277 0.024823
2 0.900931 0.605496 0.019947 0.028369
2 0.839761 0.754433 0.011968 0.021277
2 0.823803 0.775709 0.011968 0.010638
2 0.890957 0.664007 0.005319 0.010638
2 0.779255 0.420213 0.010638 0.012411
2 0.522606 0.257092 0.015957 0.023050
2 0.194814 0.223404 0.011968 0.026596
2 0.203457 0.186170 0.010638 0.019504
2 0.172872 0.106383 0.013298 0.023050
2 0.063830 0.283688 0.015957 0.012411
2 0.095745 0.300532 0.010638 0.024823
1 0.296543 0.817376 0.013298 0.019504
1 0.349734 0.962766 0.013298 0.019504
1 0.302527 0.984929 0.014628 0.017730
1 0.375665 0.750000 0.014628 0.026596
1 0.516622 0.837766 0.014628 0.021277
1 0.552527 0.851064 0.011968 0.015957
1 0.509309 0.741135 0.015957 0.019504
1 0.964761 0.617908 0.011968 0.021277
1 0.961436 0.750887 0.007979 0.007092
1 0.823138 0.465426 0.007979 0.010638
1 0.490691 0.395390 0.007979 0.023050
1 0.526596 0.445035 0.018617 0.019504
1 0.560505 0.711879 0.019947 0.031915
1 0.621011 0.029255 0.010638 0.010638
1 0.181516 0.675532 0.019947 0.015957
1 0.073138 0.812057 0.010638 0.019504
1 0.152261 0.916667 0.011968 0.030142
1 0.404255 0.601064 0.013298 0.012411
1 0.422872 0.716312 0.007979 0.008865