1 0.558066 0.168642 0.014619 0.031966
1 0.751618 0.198659 0.020466 0.021831
1 0.522688 0.198269 0.019881 0.017932
1 0.457489 0.165523 0.012280 0.024170
1 0.605723 0.253236 0.016373 0.023390
1 0.514502 0.289880 0.017542 0.018712
1 0.534968 0.341338 0.014034 0.034305
1 0.602214 0.350772 0.026898 0.019492
1 0.773546 0.321145 0.024559 0.017932
1 0.722965 0.326992 0.015788 0.021831
1 0.779978 0.349213 0.015203 0.022610
1 0.864182 0.416654 0.015203 0.026509
1 0.789919 0.497427 0.021051 0.020271
1 0.713317 0.548105 0.017542 0.017153
1 0.815648 0.581631 0.021051 0.017153
1 0.639638 0.604553 0.017542 0.015593
1 0.598706 0.581163 0.015203 0.031187
1 0.545786 0.574146 0.023975 0.015593
1 0.620049 0.617418 0.022805 0.016373
1 0.577947 0.664588 0.022805 0.014034
1 0.577070 0.706690 0.021051 0.021831
1 0.656011 0.675503 0.012864 0.034305
1 0.649579 0.732029 0.016373 0.013254
1 0.647532 0.754639 0.008771 0.022610
1 0.741677 0.799080 0.014619 0.013254
1 0.756296 0.800639 0.009941 0.021051
1 0.905115 0.733588 0.019881 0.014814
1 0.960666 0.548807 0.016373 0.014814
1 0.734192 0.921098 0.018127 0.024949
1 0.879795 0.953454 0.014619 0.014814
1 0.626189 0.825199 0.011695 0.028068
1 0.450764 0.831826 0.023390 0.016373
1 0.467137 0.966708 0.021051 0.021051
2 0.287327 0.798300 0.015788 0.021051
1 0.457372 0.431000 0.018127 0.015593
2 0.726474 0.456729 0.012280 0.028068
1 0.945755 0.133713 0.021636 0.016373