2 0.101082 0.025729 0.026616 0.023067
2 0.189920 0.124357 0.007811 0.029405
2 0.097571 0.333190 0.006892 0.020216
2 0.035086 0.203627 0.011486 0.013477
2 0.143608 0.147329 0.011486 0.012864
2 0.219876 0.302316 0.013324 0.017765
2 0.170715 0.534612 0.013324 0.009189
2 0.127297 0.553296 0.011027 0.006126
2 0.027597 0.560953 0.008270 0.017765
2 0.021395 0.544719 0.010567 0.008576
2 0.115352 0.680899 0.015621 0.010414
2 0.150959 0.637405 0.014243 0.012864
2 0.289941 0.580311 0.011946 0.021441
2 0.139840 0.711345 0.011486 0.019603
2 0.111125 0.731867 0.008270 0.014090
2 0.124219 0.742894 0.005054 0.021441
2 0.125138 0.722372 0.010567 0.011027
2 0.066788 0.747795 0.006892 0.021441
2 0.053464 0.721147 0.011486 0.011027
2 0.135246 0.863636 0.012405 0.018378
2 0.125827 0.887528 0.015621 0.014702
2 0.191482 0.859471 0.012405 0.014702
2 0.202509 0.833742 0.012405 0.018378
2 0.198144 0.814751 0.018378 0.007351
2 0.212846 0.801274 0.009189 0.018378
2 0.183625 0.892857 0.007351 0.027567
2 0.173288 0.898064 0.011486 0.018378
2 0.144205 0.929797 0.009189 0.017153
2 0.084017 0.856592 0.007351 0.017765
2 0.072991 0.848934 0.006432 0.026954
2 0.082180 0.889365 0.009189 0.018378
2 0.005712 0.918770 0.011424 0.029405
2 0.065869 0.874663 0.009648 0.019603
2 0.064031 0.846484 0.010567 0.011027
2 0.052086 0.857817 0.007811 0.015315
2 0.035086 0.857510 0.008729 0.015927
2 0.254656 0.773279 0.014702 0.016540
2 0.234900 0.784612 0.014702 0.018378
2 0.254196 0.801458 0.016540 0.011639
2 0.264534 0.680470 0.012405 0.020828
2 0.293479 0.846484 0.015162 0.012252
2 0.282912 0.812178 0.018837 0.011027
2 0.265453 0.820448 0.011486 0.017765
2 0.300830 0.822899 0.007811 0.018990
2 0.344937 0.802377 0.007811 0.022053
2 0.361707 0.905599 0.007351 0.022666
2 0.392260 0.899473 0.016081 0.014090
2 0.380314 0.855979 0.014243 0.018990
2 0.353437 0.870987 0.012864 0.017153
2 0.436275 0.792882 0.013324 0.022666
2 0.453045 0.708956 0.007351 0.022666
2 0.489662 0.706199 0.012405 0.020828
2 0.476339 0.734073 0.007811 0.012864
2 0.481852 0.749694 0.012405 0.013477
2 0.466231 0.744487 0.008729 0.021441
2 0.490581 0.795332 0.010567 0.017765
2 0.499954 0.739708 0.012405 0.014090
2 0.475649 0.640345 0.005513 0.015315
2 0.386930 0.796251 0.014243 0.011027
2 0.329959 0.833313 0.007811 0.021441
2 0.388309 0.661725 0.010567 0.018378
2 0.381876 0.681634 0.012405 0.010414
2 0.483506 0.097709 0.009648 0.015315
2 0.483506 0.245038 0.006892 0.014702
2 0.560923 0.159887 0.007351 0.019603
2 0.528761 0.344585 0.009189 0.015315
2 0.493384 0.270951 0.014702 0.011639
2 0.567539 0.756494 0.011027 0.016540
2 0.577876 0.798150 0.012405 0.017765
2 0.518837 0.898922 0.012864 0.017153
2 0.524580 0.833987 0.008729 0.011027
2 0.602365 0.756677 0.010108 0.025729
2 0.577555 0.700625 0.015621 0.012864
2 0.568825 0.709507 0.012864 0.014702
2 0.582838 0.735543 0.010567 0.021441
2 0.633837 0.743200 0.010567 0.025729
2 0.618675 0.731255 0.016081 0.017765
2 0.636639 0.778179 0.012864 0.017765
2 0.646977 0.800539 0.011486 0.008576
2 0.646747 0.815241 0.005513 0.018378
2 0.646977 0.910806 0.008729 0.022053
2 0.622167 0.924283 0.012405 0.015927
2 0.655752 0.702340 0.011027 0.023891
2 0.704224 0.701421 0.017000 0.009802
2 0.680103 0.796373 0.008270 0.019603
2 0.664711 0.794229 0.011486 0.021441
2 0.675279 0.841093 0.009648 0.017153
2 0.690211 0.838336 0.013783 0.028792
2 0.717548 0.827309 0.008729 0.017765
2 0.691819 0.908785 0.010567 0.020216
2 0.706062 0.865290 0.017000 0.009189
2 0.726507 0.904190 0.005513 0.018378
2 0.747412 0.896533 0.008729 0.014090
2 0.748560 0.915523 0.009189 0.011639
2 0.762344 0.922568 0.009189 0.023279
2 0.738453 0.867434 0.007351 0.018378
2 0.708359 0.851201 0.007811 0.011639
2 0.748790 0.803112 0.011486 0.009802
2 0.763033 0.828841 0.023432 0.022053
2 0.767857 0.861921 0.014702 0.014702
2 0.754533 0.849057 0.008270 0.015927
2 0.730642 0.830985 0.007351 0.018990
2 0.740980 0.686106 0.007811 0.020828
2 0.728115 0.697746 0.008729 0.019603
2 0.861630 0.915094 0.015162 0.009802
2 0.941114 0.892122 0.008729 0.020216
2 0.880238 0.989525 0.019297 0.017765
2 0.960411 0.879870 0.005973 0.007964
2 0.967073 0.888753 0.007351 0.012252
2 0.921358 0.836376 0.012405 0.016540
2 0.854279 0.855060 0.012405 0.013477
2 0.868752 0.897942 0.009189 0.011027
2 0.814767 0.846177 0.011486 0.016540
2 0.861171 0.806971 0.016081 0.015315
2 0.872734 0.844668 0.009803 0.015971
2 0.911480 0.818304 0.016540 0.009802
2 0.786740 0.804827 0.015162 0.012252
2 0.781916 0.789512 0.013783 0.012252
2 0.784903 0.768990 0.009648 0.007964
2 0.772038 0.735910 0.010567 0.012864
2 0.754349 0.743261 0.006432 0.018990
2 0.745620 0.750919 0.012864 0.018378
2 0.749755 0.712325 0.012864 0.013477
2 0.841644 0.744180 0.009189 0.020828
2 0.829699 0.788287 0.019297 0.011027
2 0.827861 0.810953 0.016540 0.014702
2 0.809253 0.810034 0.017918 0.011639
2 0.806726 0.789206 0.006432 0.015315
2 0.820280 0.757964 0.014243 0.026342
2 0.891724 0.760720 0.011946 0.017153
2 0.890116 0.725190 0.016081 0.008576
2 0.933763 0.765315 0.007811 0.016540
2 0.947087 0.731010 0.017000 0.007964
2 0.962479 0.729784 0.005513 0.022666
2 0.966154 0.693335 0.005513 0.023279
2 0.945249 0.668219 0.025270 0.014702
2 0.907804 0.789512 0.011946 0.014702
2 0.871738 0.786449 0.017918 0.014702
2 0.860482 0.698848 0.009189 0.015927
2 0.876654 0.649473 0.012864 0.017153
2 0.964868 0.635996 0.011946 0.015927
2 0.975894 0.626195 0.016540 0.011027
2 0.996340 0.518378 0.006892 0.026954
2 0.960273 0.506432 0.007351 0.018990
2 0.980029 0.722372 0.011946 0.015927
2 0.986232 0.745651 0.011486 0.011027
2 0.950165 0.803235 0.013783 0.013477
2 0.995988 0.787613 0.008024 0.018990
2 0.804521 0.691436 0.017459 0.012864
2 0.777184 0.811811 0.008729 0.008576
2 0.804062 0.588520 0.007351 0.018990
2 0.847479 0.566160 0.018837 0.012252
2 0.908586 0.498162 0.010567 0.017153
2 0.851155 0.512558 0.012405 0.020216
2 0.761103 0.526954 0.011486 0.017153
2 0.804062 0.560034 0.016540 0.014702
2 0.976124 0.598321 0.008729 0.007964
2 0.958206 0.592196 0.008729 0.018990
2 0.959354 0.614862 0.011027 0.015315
2 0.945571 0.586682 0.015621 0.009189
2 0.946949 0.606592 0.011027 0.011027
2 0.898478 0.554827 0.014243 0.014090
2 0.714240 0.502757 0.008729 0.010414
2 0.622259 0.586376 0.005973 0.013477
2 0.547599 0.635690 0.006432 0.010414
2 0.337172 0.476109 0.008270 0.018378
2 0.199798 0.351936 0.015621 0.010414
2 0.157759 0.566957 0.011486 0.009189
2 0.195663 0.750245 0.011027 0.018990
2 0.738039 0.563404 0.012405 0.018990
2 0.736661 0.582700 0.015162 0.007351
2 0.894572 0.288961 0.006432 0.023891
2 0.932477 0.415462 0.012405 0.009802
2 0.894572 0.382382 0.014702 0.012252
2 0.788854 0.492955 0.014243 0.009189
2 0.340021 0.922139 0.013783 0.012864
2 0.386655 0.961345 0.009648 0.017765
2 0.047491 0.661786 0.016081 0.010414
2 0.996929 0.570303 0.006142 0.014835
2 0.978038 0.513745 0.007301 0.009272
2 0.958915 0.574475 0.008692 0.008345
1 0.878880 0.202401 0.007470 0.011066
1 0.772644 0.313064 0.006640 0.008853
1 0.901497 0.349029 0.007885 0.009960
1 0.878880 0.411774 0.005810 0.021026
1 0.806258 0.537376 0.016599 0.024346
1 0.886350 0.540143 0.015769 0.014386
1 0.989058 0.668954 0.008715 0.015493
1 0.986776 0.687213 0.016599 0.015493
1 0.877220 0.747247 0.016599 0.016046
1 0.943618 0.788469 0.015769 0.019919
1 0.883030 0.862613 0.011620 0.013279
1 0.861243 0.874232 0.008715 0.009960
1 0.870373 0.884192 0.012864 0.009960
1 0.851699 0.888618 0.008715 0.015493
1 0.914984 0.922924 0.006640 0.011066
1 0.709152 0.801748 0.014109 0.013279
1 0.620926 0.836607 0.009130 0.011066
1 0.508051 0.837990 0.014109 0.019366
1 0.509503 0.860676 0.009545 0.009406
1 0.500581 0.880872 0.012450 0.025452
1 0.480205 0.814585 0.020334 0.011066
1 0.556977 0.762021 0.004565 0.007746
1 0.444309 0.740165 0.007470 0.021579
1 0.419618 0.734908 0.009545 0.009960
1 0.372932 0.727715 0.007470 0.009960
1 0.367828 0.823051 0.007885 0.011620
1 0.270514 0.730371 0.007470 0.009960
1 0.219056 0.745864 0.005810 0.008853
1 0.282756 0.736734 0.007885 0.008300
1 0.291886 0.762187 0.012035 0.024899
1 0.485476 0.567698 0.007470 0.013279
1 0.412355 0.464948 0.012450 0.012726
1 0.408828 0.421236 0.007055 0.011620
1 0.413766 0.350136 0.012450 0.012173
1 0.433478 0.429536 0.012864 0.012726
1 0.588973 0.338018 0.008300 0.007193
1 0.662549 0.467493 0.012035 0.012726
1 0.894442 0.457810 0.008715 0.015493
1 0.929923 0.516184 0.010790 0.017153
1 0.911041 0.691086 0.007055 0.011066
1 0.848586 0.721242 0.006640 0.009406
1 0.757705 0.813368 0.008300 0.006640
1 0.708322 0.829137 0.008300 0.017153
1 0.164237 0.802578 0.010375 0.027112
1 0.177516 0.564599 0.008715 0.014386
1 0.019615 0.214132 0.009130 0.013279
1 0.137055 0.539202 0.007470 0.009406
1 0.110289 0.762187 0.007885 0.007193
1 0.118796 0.813921 0.007470 0.009960
1 0.085805 0.824434 0.011205 0.009960
1 0.123361 0.838267 0.004980 0.008853
1 0.522446 0.634005 0.006834 0.007504
1 0.458405 0.778034 0.005628 0.012328
1 0.473279 0.796259 0.004824 0.010184
1 0.472073 0.581529 0.007236 0.014473
1 0.482325 0.594929 0.011658 0.028409
1 0.507467 0.373041 0.009316 0.010055