1 0.701957 0.008576 0.013341 0.017152
1 0.805111 0.036529 0.015723 0.031129
1 0.880868 0.005718 0.010006 0.011435
1 0.901595 0.114033 0.016200 0.019694
1 0.850137 0.111175 0.016200 0.013976
1 0.823931 0.149927 0.015247 0.033035
1 0.713439 0.050187 0.014770 0.017788
1 0.657217 0.034305 0.015723 0.013976
1 0.597421 0.041611 0.015247 0.027317
1 0.628153 0.048917 0.015723 0.012706
1 0.596944 0.159139 0.011435 0.024776
1 0.535719 0.140080 0.013817 0.022235
1 0.724684 0.163077 0.017629 0.029858
1 0.786910 0.240900 0.020488 0.026682
1 0.639921 0.274315 0.012388 0.030494
1 0.528000 0.243504 0.009053 0.024776
1 0.542770 0.241281 0.017629 0.016517
1 0.461534 0.169811 0.016200 0.038752
1 0.747540 0.276519 0.010833 0.026180
1 0.852736 0.400819 0.008300 0.025452
1 0.833439 0.390306 0.016184 0.022132
1 0.804598 0.409949 0.018259 0.030432
1 0.769739 0.359321 0.011620 0.028772
1 0.971007 0.528689 0.021579 0.017153
1 0.911373 0.540032 0.020334 0.019919
1 0.944157 0.588724 0.015354 0.014386
1 0.927765 0.587064 0.014939 0.011066
1 0.959096 0.667017 0.016184 0.014939
1 0.899007 0.707409 0.024484 0.017153
1 0.909174 0.787086 0.019089 0.017153
1 0.938223 0.806452 0.019089 0.018259
1 0.994218 0.807835 0.011564 0.038732
1 0.978061 0.942013 0.009130 0.020473
1 0.816010 0.899961 0.011205 0.017153
1 0.777002 0.886405 0.020334 0.024346
1 0.756252 0.994384 0.017844 0.011232
1 0.674501 0.976318 0.012864 0.028219
1 0.632587 0.889725 0.010375 0.019919
1 0.640472 0.908538 0.015354 0.018813
1 0.587562 0.803962 0.022409 0.017706
1 0.597936 0.768550 0.016599 0.025452
1 0.530294 0.759143 0.014109 0.029879
1 0.651677 0.698445 0.008715 0.030432
1 0.841656 0.656117 0.021164 0.019919
1 0.792979 0.583965 0.018259 0.015493
1 0.820782 0.473856 0.010790 0.018813
1 0.821197 0.499032 0.016599 0.012726
1 0.709899 0.316052 0.018259 0.014386
1 0.699109 0.295579 0.021579 0.017706
1 0.704296 0.337354 0.017014 0.017153
1 0.697657 0.465501 0.017014 0.024899
1 0.702222 0.492890 0.016184 0.009960
1 0.709691 0.504786 0.018674 0.021579
1 0.663213 0.479610 0.020334 0.019919
1 0.636862 0.400487 0.010790 0.032092
1 0.613000 0.426216 0.020334 0.018259
1 0.609680 0.457478 0.015354 0.029879
1 0.561957 0.431472 0.013694 0.023239
1 0.616735 0.508936 0.012864 0.030985
1 0.646199 0.505616 0.009545 0.024346
1 0.657196 0.571460 0.014939 0.029879
1 0.671928 0.566480 0.017844 0.017706
1 0.565069 0.570907 0.013279 0.024346
1 0.394594 0.730371 0.013279 0.027666
1 0.245117 0.922370 0.011620 0.032092
1 0.148841 0.691086 0.022409 0.037625
1 0.142269 0.033815 0.015437 0.018623
1 0.482811 0.302377 0.012864 0.021563
1 0.315756 0.308993 0.024259 0.016173
1 0.371625 0.438373 0.021318 0.018133
2 0.328079 0.857702 0.013894 0.024014
1 0.229022 0.705729 0.016467 0.028816
2 0.457496 0.766106 0.013379 0.010978
2 0.503293 0.788748 0.014408 0.009605
2 0.503036 0.835060 0.011835 0.014408
2 0.534220 0.718079 0.008748 0.017839
2 0.536021 0.676226 0.012350 0.015094
2 0.518525 0.596981 0.010292 0.018525
2 0.611921 0.738868 0.010806 0.021269
2 0.740103 0.706278 0.012350 0.010978
2 0.747256 0.785866 0.013894 0.015094
2 0.654117 0.855849 0.010806 0.013722
2 0.708405 0.864082 0.010292 0.012350
2 0.821252 0.740926 0.013894 0.011664
2 0.877856 0.737153 0.008748 0.016467
2 0.901784 0.842813 0.006175 0.016467
2 0.848268 0.907650 0.014408 0.010292
2 0.959417 0.879177 0.010292 0.010978
2 0.978971 0.786209 0.015437 0.011664
2 0.952727 0.644528 0.015437 0.010978
2 0.759503 0.511012 0.009777 0.026072
1 0.776741 0.667787 0.011321 0.025386
2 0.828971 0.423396 0.018010 0.015780
2 0.987204 0.441921 0.012350 0.024014
1 0.929571 0.424082 0.012350 0.021269
2 0.880172 0.197256 0.012350 0.028130
2 0.883516 0.232933 0.009777 0.015780
2 0.960703 0.082676 0.007719 0.025386
2 0.771081 0.064494 0.016467 0.023328
2 0.774940 0.096055 0.012864 0.017839
2 0.739949 0.180446 0.007719 0.016467
2 0.717564 0.198628 0.012350 0.013036
2 0.651595 0.233962 0.008233 0.013722
2 0.627410 0.236707 0.007204 0.015094
2 0.528045 0.106827 0.008748 0.018525
2 0.485077 0.229640 0.007204 0.017153
2 0.416484 0.465317 0.013894 0.010978
2 0.653705 0.296192 0.009777 0.013036
2 0.665798 0.347307 0.010292 0.015094
2 0.720600 0.372693 0.007719 0.020583
2 0.724202 0.269228 0.009777 0.015094
2 0.591698 0.500995 0.010292 0.012350
2 0.565712 0.490360 0.010806 0.010292
1 0.739434 0.674511 0.015952 0.024014