1 0.812982 0.458780 0.019297 0.038057
1 0.865445 0.561696 0.033367 0.031625
1 0.846028 0.367603 0.024121 0.031089
1 0.648952 0.208221 0.020216 0.025116
1 0.824415 0.214653 0.023432 0.035531
1 0.528348 0.955832 0.020675 0.020216
1 0.459890 0.809422 0.020675 0.010414
1 0.397406 0.774197 0.009648 0.025729
1 0.406595 0.855366 0.017000 0.021441
1 0.352150 0.781487 0.012864 0.022666
1 0.371906 0.655232 0.023891 0.037981
1 0.256723 0.568304 0.014243 0.021441
1 0.471285 0.529711 0.009648 0.017765
0 0.047721 0.420363 0.037675 0.044107
1 0.812139 0.624435 0.014034 0.024170
1 0.756881 0.710588 0.008771 0.015593
1 0.941369 0.885233 0.012864 0.018712
1 0.988149 0.761266 0.010525 0.015593
1 0.836991 0.732341 0.011110 0.013254
1 0.818572 0.391003 0.014034 0.014814
1 0.768576 0.357477 0.008771 0.011695
2 0.214467 0.621706 0.014619 0.018712
2 0.322938 0.703961 0.014034 0.027288
2 0.307734 0.693435 0.014034 0.014034
2 0.302472 0.712927 0.018712 0.015593
2 0.293408 0.747622 0.011110 0.014814
2 0.247213 0.739436 0.012280 0.028068
2 0.225285 0.749961 0.021051 0.016373
2 0.230840 0.782707 0.015788 0.014814
2 0.248675 0.930064 0.014034 0.028848
2 0.260370 0.923827 0.011695 0.024170
2 0.471172 0.969437 0.012280 0.028068
2 0.665894 0.637065 0.016958 0.022610
2 0.738987 0.596523 0.018127 0.017932
2 0.686360 0.499454 0.015788 0.014034
2 0.145817 0.733978 0.019297 0.012475
2 0.132368 0.714096 0.019297 0.014814
2 0.117164 0.740215 0.014619 0.012475
2 0.115118 0.758148 0.010525 0.007797
2 0.121550 0.778809 0.012864 0.008576
2 0.118041 0.820131 0.014034 0.033526
2 0.087050 0.798690 0.009356 0.024949
2 0.121842 0.625604 0.018127 0.014034
2 0.136461 0.604943 0.016958 0.014814
2 0.147864 0.590909 0.014034 0.024170
2 0.080617 0.612350 0.010525 0.020271
2 0.073016 0.665757 0.016373 0.017932
2 0.058689 0.712147 0.021636 0.018712
2 0.044948 0.760876 0.014034 0.022610
2 0.023604 0.755029 0.009941 0.017153
2 0.056058 0.840792 0.015203 0.017153
2 0.038516 0.847809 0.010525 0.021831
2 0.075355 0.875097 0.014034 0.026509
2 0.061613 0.885623 0.011110 0.025729
2 0.046994 0.875877 0.006432 0.028068
2 0.034130 0.907064 0.015788 0.020271
2 0.206631 0.655232 0.014619 0.023390
2 0.376442 0.618977 0.015788 0.019492
2 0.370303 0.566973 0.008186 0.017153
2 0.206865 0.420396 0.021636 0.023390
2 0.123129 0.394667 0.006432 0.012475
2 0.105002 0.397396 0.012280 0.024170
2 0.077518 0.427413 0.011110 0.021831
2 0.087459 0.432481 0.005263 0.019492
2 0.125175 0.305395 0.011695 0.025729
2 0.073717 0.309294 0.011695 0.027288
2 0.069624 0.287853 0.015203 0.007797
2 0.004639 0.287463 0.009278 0.042882
2 0.008693 0.351396 0.015203 0.025729
2 0.022435 0.142835 0.019297 0.024949
2 0.087050 0.064712 0.014034 0.029627
2 0.281128 0.157103 0.013449 0.025729
2 0.483159 0.132543 0.019881 0.021831
2 0.492223 0.090051 0.014619 0.019492
2 0.704136 0.106580 0.015788 0.014814
2 0.919149 0.337985 0.017542 0.022610
2 0.920318 0.925776 0.015203 0.015593
2 0.963590 0.692266 0.011695 0.025729
2 0.440414 0.658740 0.013449 0.025729
2 0.215578 0.842351 0.010525 0.015593
2 0.159734 0.858335 0.005263 0.025729
2 0.280193 0.674333 0.016958 0.024170
2 0.291595 0.585685 0.015203 0.018712
2 0.626423 0.939186 0.012864 0.031187
2 0.749688 0.389443 0.016373 0.035085
1 0.905407 0.432325 0.021636 0.016373
1 0.894589 0.422189 0.012864 0.019492
1 0.536722 0.141509 0.015203 0.014814
1 0.270076 0.276002 0.010525 0.023390
1 0.316213 0.539373 0.021636 0.014034