0 0.473391 0.468392 0.030842 0.026205
0 0.530539 0.572811 0.013304 0.032656
0 0.627812 0.569989 0.009978 0.042332
0 0.596063 0.579665 0.008769 0.022174
0 0.383104 0.570876 0.023585 0.023786
0 0.435414 0.532979 0.007862 0.025399
0 0.447660 0.526931 0.021468 0.031043
0 0.538522 0.657837 0.012095 0.032253
0 0.443880 0.715489 0.018142 0.033866
0 0.720096 0.805394 0.027516 0.026609
0 0.624849 0.802572 0.018445 0.022577
0 0.637246 0.856596 0.013607 0.029834
0 0.554850 0.814062 0.027818 0.017336
0 0.508285 0.877157 0.028423 0.019352
0 0.727504 0.615707 0.011490 0.022980
0 0.743045 0.551846 0.014514 0.031850
0 0.801403 0.699000 0.028423 0.016530
0 0.865808 0.629052 0.011490 0.039510
0 0.762246 0.474359 0.020864 0.039913
0 0.486030 0.297573 0.024190 0.024190
0 0.445694 0.217908 0.026004 0.019352
0 0.341679 0.252580 0.016328 0.037897
0 0.355890 0.286849 0.021771 0.039510
0 0.529330 0.172271 0.014514 0.030640
0 0.508164 0.134777 0.027818 0.016933
0 0.621493 0.274472 0.021166 0.015723
0 0.720096 0.258224 0.021468 0.017739
0 0.791757 0.210853 0.032958 0.014917
0 0.745041 0.110506 0.013304 0.029028
0 0.847394 0.088534 0.019654 0.014917
0 0.636218 0.086115 0.025701 0.014111
0 0.971335 0.183478 0.013909 0.033866
0 0.986907 0.045799 0.021468 0.012498
0 0.980104 0.235083 0.016933 0.033866
0 0.811230 0.860748 0.011792 0.029431
0 0.419660 0.900863 0.023887 0.016126
0 0.403483 0.822448 0.021166 0.022980
0 0.357069 0.764393 0.013002 0.030237
0 0.337718 0.778503 0.011188 0.024593
0 0.208757 0.947226 0.013909 0.034672
0 0.242894 0.260160 0.013607 0.038703
0 0.190887 0.092687 0.017840 0.028221
2 0.372037 0.243590 0.012700 0.022174
2 0.552340 0.391348 0.008164 0.024996
2 0.565191 0.314949 0.016328 0.010885
2 0.607190 0.542332 0.008769 0.020561
0 0.409289 0.517820 0.028423 0.033462
2 0.343674 0.724077 0.015723 0.007660
1 0.459936 0.666626 0.016026 0.010482
2 0.444152 0.958112 0.008769 0.022577
2 0.802340 0.759313 0.011792 0.017336
2 0.914036 0.748266 0.011188 0.017336
1 0.957729 0.532374 0.012095 0.019352
1 0.773887 0.650701 0.016933 0.010079
2 0.678762 0.189365 0.015723 0.015320
2 0.860970 0.390421 0.011490 0.014917
2 0.901034 0.393445 0.006955 0.018545
1 0.516540 0.153524 0.008164 0.013304
1 0.747248 0.512941 0.009373 0.005644
1 0.775671 0.552048 0.005745 0.012901
1 0.249849 0.708958 0.011188 0.012095
0 0.023041 0.969561 0.024190 0.024190
1 0.143838 0.793783 0.014211 0.008063
2 0.247097 0.743791 0.009676 0.020964
0 0.670749 0.634373 0.019654 0.020158
0 0.692519 0.745444 0.028725 0.016530
1 0.964532 0.619053 0.013002 0.014514
1 0.980860 0.667836 0.009373 0.012901