2 0.642961 0.389050 0.021166 0.015723
1 0.703344 0.541203 0.010583 0.017336
1 0.755503 0.498871 0.007257 0.023786
1 0.737966 0.328737 0.010885 0.017336
2 0.697448 0.293058 0.008466 0.024190
1 0.596093 0.535398 0.007862 0.015723
1 0.667150 0.626834 0.009071 0.018949
0 0.857825 0.701701 0.023585 0.016126
1 0.758497 0.754112 0.010583 0.014514
1 0.717223 0.761974 0.013909 0.016530
2 0.766207 0.775480 0.006652 0.018545
0 0.810444 0.884494 0.024492 0.041929
1 0.896982 0.836518 0.010583 0.012901
1 0.703254 0.896791 0.009676 0.018142
1 0.509041 0.694606 0.018445 0.012901
2 0.643052 0.922996 0.011188 0.018949
1 0.506168 0.329786 0.015119 0.022174
1 0.814738 0.381793 0.008769 0.021368
0 0.862391 0.318054 0.012397 0.020964
0 0.743892 0.374496 0.019352 0.033866
1 0.924770 0.527536 0.013304 0.018545
1 0.965590 0.434567 0.013304 0.012901
1 0.915699 0.381350 0.009071 0.009676
1 0.587687 0.178600 0.013304 0.019755
1 0.312591 0.344178 0.016933 0.011289