1 0.676501 0.441681 0.002573 0.001715
1 0.847753 0.020240 0.014408 0.028130
1 0.986432 0.333036 0.015952 0.021955
1 0.790789 0.413722 0.024185 0.016467
1 0.806998 0.447341 0.021612 0.019211
1 0.787702 0.452144 0.016981 0.016467
1 0.940274 0.359520 0.017496 0.015094
1 0.631784 0.439657 0.024185 0.017839
1 0.596278 0.488371 0.021098 0.016467
1 0.811475 0.526792 0.019039 0.016467
1 0.878113 0.627307 0.016467 0.025386
1 0.768353 0.638079 0.021098 0.017839
1 0.703774 0.689606 0.023671 0.021269
1 0.721269 0.746895 0.012350 0.032933
1 0.630446 0.702985 0.014923 0.027444
1 0.583362 0.673139 0.016467 0.032247
1 0.552744 0.754443 0.025214 0.020583
1 0.694511 0.807273 0.024700 0.021955
1 0.597513 0.990429 0.061235 0.019142
1 0.565352 0.955815 0.014408 0.026758
1 0.546312 0.876226 0.013379 0.017153
1 0.478902 0.953413 0.023671 0.015094
1 0.659520 0.868679 0.016467 0.028130
1 0.524443 0.847410 0.018010 0.019897
1 0.216055 0.730772 0.012350 0.028130
1 0.122916 0.800412 0.017496 0.030189
1 0.086895 0.990120 0.017496 0.018525
1 0.550749 0.314490 0.014542 0.029085
1 0.227571 0.707957 0.016780 0.032068
2 0.737452 0.975688 0.013424 0.024610
2 0.916996 0.906704 0.015661 0.017898
2 0.951395 0.670296 0.015102 0.023865
2 0.854352 0.612126 0.006712 0.022373
1 0.721791 0.869043 0.013424 0.020136
2 0.666418 0.820568 0.007831 0.029085
2 0.567641 0.905959 0.015661 0.016407
2 0.856869 0.297561 0.028526 0.034305
2 0.624021 0.223879 0.015661 0.011932
2 0.792155 0.541577 0.010068 0.025356
2 0.583023 0.582594 0.013983 0.010441
2 0.546666 0.599001 0.013983 0.016407
2 0.769893 0.952196 0.011187 0.013424
1 0.205198 0.506078 0.019017 0.017898
1 0.733202 0.411440 0.014542 0.014170