2 0.594415 0.318262 0.013298 0.028369
2 0.430186 0.247340 0.014628 0.014184
2 0.356383 0.112589 0.015957 0.010638
2 0.436170 0.089539 0.010638 0.010638
2 0.496011 0.108156 0.015957 0.015957
2 0.560505 0.123227 0.006649 0.017730
2 0.603059 0.048759 0.009309 0.014184
2 0.650931 0.145390 0.011968 0.019504
2 0.852394 0.131206 0.015957 0.012411
2 0.907580 0.148050 0.019947 0.010638
0 0.968085 0.103723 0.013298 0.021277
0 0.799867 0.425532 0.017287 0.012411
0 0.712766 0.410461 0.018617 0.017730
0 0.610372 0.403369 0.010638 0.017730
0 0.591755 0.464539 0.007979 0.019504
0 0.254654 0.577128 0.025266 0.021277
0 0.269282 0.428191 0.009309 0.017730
0 0.298537 0.400709 0.014628 0.030142
2 0.330452 0.402482 0.006649 0.008865
2 0.726064 0.784574 0.018617 0.021277
2 0.833112 0.804078 0.014628 0.024823
2 0.888963 0.846631 0.017287 0.014184
2 0.520612 0.913121 0.017287 0.019504
2 0.263963 0.771277 0.011968 0.026596
2 0.513963 0.652482 0.014628 0.012411
2 0.404255 0.731383 0.015957 0.021277
2 0.367021 0.710106 0.007979 0.017730
2 0.280585 0.685284 0.021277 0.014184
2 0.476729 0.513298 0.006649 0.010638
2 0.283910 0.805851 0.019947 0.024823
2 0.259973 0.960106 0.019947 0.017730
2 0.429521 0.406028 0.007979 0.015957
2 0.464761 0.383865 0.009309 0.021277
2 0.490027 0.382979 0.009309 0.023050
2 0.434840 0.293440 0.015957 0.024823
2 0.288564 0.332447 0.007979 0.014184
2 0.279920 0.303191 0.011968 0.023050
2 0.297872 0.284574 0.013298 0.021277
2 0.341755 0.199468 0.018617 0.024823
2 0.373005 0.117021 0.022606 0.015957
0 0.958777 0.367908 0.018617 0.017730
0 0.869681 0.619681 0.015957 0.021277
0 0.799867 0.898050 0.014628 0.010638
0 0.590426 0.617908 0.013298 0.014184
0 0.568484 0.856383 0.014628 0.019504
0 0.717420 0.578901 0.014628 0.021277
2 0.224734 0.388298 0.015957 0.012411
2 0.386968 0.549645 0.007979 0.015957
2 0.442154 0.655142 0.017287 0.028369
2 0.509309 0.543440 0.007979 0.017730
2 0.530585 0.549645 0.018617 0.012411
2 0.513963 0.588652 0.006649 0.015957
2 0.547207 0.595745 0.009309 0.023050
2 0.561835 0.574468 0.030585 0.012411
2 0.583112 0.653369 0.011968 0.021277
2 0.768617 0.683511 0.018617 0.028369
2 0.752660 0.612589 0.013298 0.014184
2 0.848404 0.515071 0.013298 0.014184
2 0.622340 0.737589 0.010638 0.026596
2 0.527261 0.781915 0.014628 0.026596
2 0.445479 0.802305 0.010638 0.031915
2 0.481383 0.825355 0.007979 0.021277
2 0.343085 0.816489 0.010638 0.014184
2 0.373670 0.768617 0.010638 0.021277
2 0.319814 0.681738 0.017287 0.014184
2 0.374335 0.679078 0.009309 0.023050
2 0.341755 0.578901 0.015957 0.017730
2 0.361037 0.618794 0.006649 0.030142
2 0.394282 0.611702 0.017287 0.023050
0 0.341090 0.459220 0.019947 0.008865
2 0.451463 0.162234 0.011968 0.014184
2 0.525266 0.170213 0.013298 0.012411
2 0.569149 0.195035 0.013298 0.015957
2 0.572473 0.242908 0.009309 0.012411
2 0.633644 0.219858 0.003989 0.012411
2 0.603723 0.367021 0.010638 0.012411
2 0.488697 0.291667 0.011968 0.024823
2 0.336436 0.249113 0.000000 0.014184
2 0.358378 0.303191 0.019947 0.026596
2 0.249335 0.254433 0.009309 0.021277
2 0.228059 0.293440 0.009309 0.021277
2 0.255984 0.274823 0.006649 0.019504
2 0.404920 0.390071 0.019947 0.023050
2 0.441489 0.583333 0.010638 0.015957
2 0.594415 0.726064 0.029255 0.028369
2 0.607713 0.783688 0.013298 0.015957
2 0.641622 0.809397 0.011968 0.021277
2 0.349734 0.358156 0.015957 0.019504
2 0.469415 0.027482 0.010638 0.021277
2 0.355053 0.498227 0.010638 0.019504
2 0.377660 0.498227 0.005319 0.012411
2 0.492021 0.628546 0.021277 0.031915
2 0.175532 0.687943 0.021277 0.037234
2 0.141622 0.654255 0.006649 0.008865
2 0.181516 0.575355 0.014628 0.014184
2 0.132314 0.561170 0.019947 0.017730
2 0.122340 0.497340 0.015957 0.014184
2 0.212101 0.421986 0.011968 0.023050
2 0.228059 0.466312 0.011968 0.015957
2 0.238697 0.504433 0.003989 0.010638
2 0.301197 0.487589 0.014628 0.015957
2 0.327128 0.519504 0.013298 0.019504
2 0.305851 0.559397 0.010638 0.021277
2 0.302527 0.596631 0.019947 0.039007
2 0.252660 0.651596 0.018617 0.010638
2 0.625000 0.924645 0.010638 0.021277
2 0.655585 0.906915 0.010638 0.014184
2 0.712766 0.841312 0.007979 0.024823
2 0.786569 0.727837 0.011968 0.014184
2 0.809176 0.651596 0.027926 0.014184
2 0.668883 0.667553 0.010638 0.024823
0 0.562500 0.880319 0.013298 0.017730
0 0.698138 0.537234 0.015957 0.019504
0 0.859707 0.090426 0.009309 0.015957
0 0.815160 0.258865 0.013298 0.015957
2 0.180186 0.523050 0.017287 0.015957
2 0.690824 0.945922 0.014628 0.017730
2 0.636303 0.974291 0.019947 0.031915
2 0.548537 0.955674 0.009309 0.015957
2 0.259309 0.847518 0.010638 0.019504
2 0.285904 0.906028 0.010638 0.026596
2 0.307181 0.902482 0.018617 0.019504
2 0.305851 0.926418 0.010638 0.007092
2 0.408910 0.850177 0.019947 0.021277
2 0.435505 0.866135 0.025266 0.010638
2 0.431516 0.887411 0.019947 0.003546
2 0.424202 0.906915 0.015957 0.021277
2 0.373005 0.859043 0.017287 0.021277
2 0.353723 0.901596 0.021277 0.003546
2 0.386968 0.915780 0.023936 0.028369
2 0.351729 0.877660 0.011968 0.015957
2 0.464096 0.726064 0.007979 0.021277
2 0.495346 0.695922 0.011968 0.017730
2 0.511968 0.734929 0.026596 0.021277
2 0.463431 0.765957 0.006649 0.015957
2 0.470080 0.787234 0.022606 0.015957
2 0.501330 0.796099 0.010638 0.019504
2 0.488697 0.760638 0.017287 0.019504
2 0.477394 0.566489 0.013298 0.017730
2 0.448138 0.456560 0.021277 0.021277
2 0.453457 0.420213 0.013298 0.019504
2 0.367021 0.401596 0.026596 0.021277
2 0.375000 0.245567 0.010638 0.024823
2 0.341755 0.282801 0.021277 0.017730
2 0.257314 0.451241 0.009309 0.007092
2 0.208112 0.658688 0.014628 0.021277
2 0.260638 0.701241 0.018617 0.021277
2 0.228059 0.772163 0.022606 0.024823
2 0.254654 0.728723 0.027926 0.019504
2 0.303856 0.734929 0.019947 0.021277
2 0.343750 0.770390 0.014628 0.039007
2 0.320479 0.766844 0.013298 0.007092
2 0.337766 0.710993 0.018617 0.054965
2 0.412234 0.711879 0.023936 0.031915
2 0.811170 0.835106 0.013298 0.015957
2 0.845080 0.916667 0.009309 0.019504
2 0.868351 0.917553 0.013298 0.024823
2 0.841755 0.963652 0.015957 0.028369
2 0.911569 0.841312 0.014628 0.021277
2 0.780585 0.843085 0.021277 0.017730
2 0.779920 0.752660 0.022606 0.017730
2 0.678856 0.709220 0.019947 0.015957
2 0.670878 0.580674 0.014628 0.017730
2 0.712766 0.695922 0.023936 0.042553
2 0.748005 0.688830 0.009309 0.017730
2 0.677527 0.526596 0.017287 0.019504
2 0.196809 0.812057 0.023936 0.012411
2 0.153590 0.759752 0.009309 0.014184
2 0.183511 0.732270 0.010638 0.012411
2 0.134973 0.699468 0.014628 0.010638
2 0.074468 0.690603 0.018617 0.031915
2 0.088431 0.751773 0.019947 0.026596
2 0.125665 0.754433 0.009309 0.017730
2 0.126995 0.789894 0.038564 0.010638
2 0.151596 0.850177 0.010638 0.014184
2 0.206117 0.851950 0.010638 0.017730
2 0.198803 0.887411 0.041223 0.017730
2 0.206117 0.923759 0.015957 0.026596
2 0.246676 0.807624 0.014628 0.014184
2 0.222739 0.736702 0.011968 0.010638
2 0.168883 0.791667 0.018617 0.014184
2 0.051862 0.797872 0.015957 0.015957
2 0.035904 0.834220 0.015957 0.024823
2 0.130984 0.869681 0.017287 0.017730
2 0.150266 0.925532 0.010638 0.023050
2 0.174867 0.979610 0.003989 0.007092
2 0.894282 0.382092 0.017287 0.024823
2 0.684840 0.298759 0.015957 0.014184
2 0.580452 0.415780 0.017287 0.021277
2 0.600399 0.500887 0.006649 0.014184
2 0.634309 0.600177 0.005319 0.014184
2 0.636968 0.633865 0.021277 0.014184