1 0.286569 0.200946 0.011968 0.028369
1 0.316489 0.205674 0.007979 0.014184
1 0.587766 0.404255 0.010638 0.014184
1 0.626995 0.393617 0.006649 0.011820
1 0.658910 0.436170 0.003989 0.007092
1 0.682181 0.459811 0.005319 0.007092
1 0.507979 0.385343 0.007979 0.014184
1 0.165559 0.458629 0.003989 0.009456
1 0.251330 0.497636 0.002660 0.007092
1 0.712101 0.809693 0.003989 0.011820
1 0.625665 0.729314 0.006649 0.016548
1 0.785904 0.695035 0.010638 0.014184
1 0.807846 0.685579 0.006649 0.009456
1 0.865027 0.838061 0.009309 0.011820
1 0.593085 0.984634 0.005319 0.021277
1 0.549202 0.942080 0.005319 0.021277
1 0.137633 0.598109 0.006649 0.014184
1 0.125665 0.216312 0.011968 0.016548
1 0.130319 0.185579 0.010638 0.016548
1 0.041888 0.508274 0.006649 0.009456
1 0.449468 0.516548 0.007979 0.021277
2 0.411569 0.139480 0.017287 0.014184
0 0.911569 0.838061 0.009309 0.021277
0 0.500000 0.208038 0.007979 0.014184
0 0.577128 0.180851 0.007979 0.016548
0 0.670213 0.326241 0.015957 0.018913
0 0.684840 0.317967 0.015957 0.016548
0 0.592420 0.680851 0.011968 0.023641
0 0.538564 0.971631 0.021277 0.037825
0 0.053856 0.737589 0.014628 0.018913
0 0.159574 0.544917 0.015957 0.021277
0 0.744016 0.742317 0.014628 0.033097
0 0.873670 0.866430 0.010638 0.016548
0 0.599069 0.515366 0.011968 0.028369
1 0.314495 0.819149 0.009309 0.026005
1 0.424867 0.776596 0.011968 0.030733
1 0.383644 0.498818 0.011968 0.014184