2 0.841676 0.101876 0.005458 0.023910
2 0.956482 0.236603 0.017542 0.017672
2 0.799574 0.149800 0.014034 0.021831
2 0.784838 0.412288 0.017153 0.021831
2 0.630659 0.247102 0.019102 0.019752
2 0.624422 0.221633 0.019102 0.018712
2 0.607074 0.342949 0.010915 0.020791
2 0.585438 0.325277 0.016763 0.013514
2 0.635727 0.377514 0.012864 0.024430
2 0.543921 0.307864 0.018712 0.008836
1 0.549769 0.287853 0.015593 0.022870
2 0.516633 0.279536 0.007797 0.027028
2 0.459951 0.306305 0.016373 0.015074
2 0.423697 0.235355 0.014034 0.025989
2 0.349200 0.361661 0.015983 0.016633
2 0.398124 0.326576 0.017153 0.016113
1 0.506497 0.371277 0.013254 0.021311
1 0.650852 0.498831 0.017542 0.026509
1 0.740865 0.488695 0.017153 0.029108
1 0.670500 0.394875 0.014424 0.018192
2 0.599550 0.589792 0.005847 0.028588
2 0.477922 0.623577 0.012085 0.027548
2 0.457651 0.668018 0.013644 0.023910
2 0.434222 0.490254 0.019492 0.009356
2 0.353332 0.489734 0.014424 0.022870
2 0.374578 0.589012 0.009356 0.023910
2 0.350018 0.591351 0.014814 0.020271
1 0.503067 0.411300 0.015593 0.024430
2 0.510675 0.080979 0.020312 0.012639
2 0.496964 0.118895 0.015234 0.009028
2 0.647784 0.141690 0.012864 0.025729
1 0.680419 0.763745 0.016927 0.018958
1 0.808658 0.786991 0.008802 0.025729
1 0.817121 0.858761 0.016250 0.028437
2 0.655130 0.759457 0.019974 0.008576
2 0.589690 0.774127 0.018281 0.018055
2 0.545342 0.775932 0.009479 0.024375
2 0.600354 0.697617 0.017943 0.017604
1 0.924667 0.620926 0.015298 0.009272
2 0.433248 0.906232 0.017542 0.012994
2 0.335399 0.893498 0.013644 0.016633
2 0.286475 0.812152 0.011695 0.021311
2 0.936382 0.751960 0.017459 0.018990
3 0.648309 0.410071 0.015621 0.014702
2 0.326421 0.561688 0.018378 0.022666
2 0.397176 0.379503 0.007351 0.026342
2 0.652766 0.229846 0.014243 0.020828
1 0.753890 0.763600 0.016540 0.014090