0 0.675532 0.429078 0.018617 0.026596
0 0.738032 0.136525 0.023936 0.023050
0 0.778590 0.122340 0.014628 0.026596
0 0.746011 0.218085 0.021277 0.019504
0 0.700798 0.244681 0.015957 0.012411
0 0.720080 0.285461 0.019947 0.040780
0 0.565824 0.324468 0.025266 0.030142
0 0.569814 0.359929 0.025266 0.030142
0 0.445479 0.426418 0.018617 0.021277
0 0.630319 0.545213 0.021277 0.017730
0 0.712101 0.652482 0.017287 0.030142
0 0.586436 0.599291 0.015957 0.023050
0 0.742686 0.484929 0.022606 0.017730
0 0.855718 0.625887 0.014628 0.019504
0 0.872340 0.747340 0.018617 0.028369
0 0.972074 0.776596 0.021277 0.023050
0 0.480718 0.664894 0.022606 0.026596
0 0.355718 0.442376 0.017287 0.028369
1 0.817154 0.277482 0.022606 0.017730
1 0.890957 0.481383 0.015957 0.021277
1 0.863697 0.388298 0.011968 0.019504
1 0.938165 0.320035 0.014628 0.024823
1 0.303191 0.351950 0.013298 0.021277
1 0.297207 0.407801 0.014628 0.019504
1 0.602394 0.305851 0.013298 0.010638
1 0.471410 0.412234 0.025266 0.017730
1 0.452793 0.529255 0.025266 0.010638
1 0.491356 0.507092 0.011968 0.019504
1 0.712101 0.356383 0.025266 0.015957
1 0.799867 0.337766 0.017287 0.024823
1 0.846410 0.190603 0.011968 0.017730
1 0.866356 0.184397 0.017287 0.023050
1 0.837766 0.133865 0.013298 0.017730
1 0.794548 0.143617 0.014628 0.012411
1 0.684840 0.156028 0.015957 0.019504
1 0.892287 0.671986 0.015957 0.012411
1 0.865691 0.552305 0.010638 0.017730
1 0.957447 0.671099 0.018617 0.017730
1 0.987367 0.694149 0.017287 0.014184
1 0.906915 0.743794 0.010638 0.031915
1 0.966090 0.735816 0.011968 0.023050
1 0.919548 0.848404 0.011968 0.024823
1 0.964761 0.873227 0.017287 0.017730
1 0.974069 0.851064 0.017287 0.030142
1 0.977394 0.915780 0.013298 0.028369
1 0.944149 0.911348 0.021277 0.023050
1 0.920878 0.814716 0.019947 0.021277
1 0.892952 0.717199 0.019947 0.010638
1 0.824468 0.931738 0.013298 0.031915
1 0.849734 0.960106 0.023936 0.017730
1 0.868351 0.860816 0.015957 0.024823
1 0.898936 0.870567 0.015957 0.019504
1 0.896941 0.840426 0.022606 0.026596
1 0.810505 0.785461 0.022606 0.019504
1 0.837766 0.756206 0.023936 0.014184
1 0.992021 0.623227 0.015957 0.017730
1 0.329787 0.984929 0.013298 0.014184
2 0.514628 0.809397 0.015957 0.031915
1 0.557181 0.939716 0.015957 0.019504
2 0.500000 0.988918 0.015957 0.022163
2 0.521277 0.949468 0.018617 0.028369
2 0.357048 0.742021 0.025266 0.024823
2 0.365691 0.806738 0.026596 0.030142
2 0.388298 0.835993 0.015957 0.028369
2 0.414229 0.792553 0.019947 0.019504
2 0.423537 0.835106 0.011968 0.019504
2 0.422207 0.913121 0.017287 0.015957
2 0.378989 0.933511 0.010638 0.024823
2 0.366356 0.952128 0.019947 0.030142
2 0.438165 0.964539 0.014628 0.019504
2 0.280585 0.843972 0.021277 0.015957
2 0.203457 0.886525 0.015957 0.030142
2 0.225399 0.880319 0.011968 0.031915
2 0.273271 0.807624 0.022606 0.021277
2 0.266622 0.973404 0.019947 0.012411
2 0.402926 0.910461 0.018617 0.021277
2 0.381649 0.875887 0.015957 0.012411
1 0.230718 0.726064 0.019947 0.021277
2 0.706782 0.693262 0.019947 0.040780
2 0.257314 0.590426 0.017287 0.026596
2 0.592420 0.750000 0.035904 0.040780
1 0.702128 0.775709 0.021277 0.024823
1 0.844415 0.826241 0.013298 0.012411
1 0.801862 0.905142 0.015957 0.010638
0 0.325798 0.479610 0.015957 0.024823
0 0.083112 0.046099 0.025266 0.019504
0 0.148936 0.095745 0.023936 0.026596
0 0.204122 0.183511 0.017287 0.028369
0 0.226729 0.241135 0.014628 0.015957
0 0.573803 0.972518 0.017287 0.024823