0 0.670069 0.470840 0.043739 0.066895
1 0.396698 0.237564 0.021870 0.029160
1 0.623756 0.571184 0.020583 0.020583
1 0.566274 0.702744 0.010935 0.010292
1 0.646355 0.652144 0.010292 0.013722
1 0.626415 0.851115 0.015437 0.018868
1 0.545819 0.781218 0.014794 0.018010
1 0.380961 0.741509 0.011578 0.013722
1 0.298306 0.717496 0.009648 0.015437
1 0.093503 0.941081 0.021226 0.024871
1 0.034005 0.531904 0.009005 0.015437
1 0.234370 0.448799 0.010935 0.018010
1 0.725986 0.286707 0.014151 0.018010
1 0.696398 0.466895 0.011578 0.015437
1 0.770690 0.461750 0.014794 0.015437
1 0.844018 0.624271 0.016081 0.018010
1 0.538422 0.571441 0.016724 0.018010
1 0.863636 0.673156 0.009005 0.021441
1 0.786449 0.906861 0.011578 0.018868
1 0.735635 0.520412 0.010292 0.018868
2 0.947513 0.896998 0.027015 0.024871
2 0.915673 0.644854 0.010935 0.023156
2 0.990609 0.573242 0.015437 0.013722
2 0.824014 0.820669 0.023156 0.018010
2 0.827230 0.806518 0.023156 0.012007
2 0.714666 0.760635 0.011578 0.024871
2 0.697620 0.782075 0.016081 0.012864
2 0.679996 0.832676 0.010935 0.021441
2 0.610527 0.877273 0.014794 0.024871
2 0.588336 0.648285 0.011578 0.024871
2 0.750750 0.644854 0.008362 0.016295
2 0.740137 0.585249 0.016724 0.010292
2 0.765866 0.621698 0.020583 0.026587
2 0.565502 0.927873 0.013508 0.024871
2 0.472234 0.948885 0.016081 0.017153
2 0.290523 0.394425 0.016724 0.038593
2 0.050407 0.152230 0.018654 0.019726
2 0.062307 0.112350 0.020583 0.013722
2 0.254310 0.116209 0.013508 0.014580
2 0.463808 0.339623 0.021870 0.018868
2 0.797706 0.171784 0.018654 0.028302
2 0.827616 0.350772 0.009005 0.024014
2 0.738401 0.206261 0.013508 0.016295
2 0.500729 0.199314 0.010292 0.017153
2 0.279395 0.601544 0.014794 0.013722
2 0.515137 0.705746 0.010292 0.021441
2 0.099292 0.849400 0.017367 0.018868
2 0.043010 0.954031 0.009005 0.020583
1 0.842088 0.758062 0.010935 0.019726
1 0.768761 0.677015 0.010935 0.012007
1 0.735313 0.637993 0.007075 0.014580
1 0.638829 0.698885 0.007075 0.011149
1 0.627573 0.665866 0.012864 0.008576
1 0.911106 0.780360 0.009005 0.012864
1 0.798156 0.823671 0.009005 0.015437
1 0.765352 0.889280 0.009005 0.014580
1 0.499121 0.732333 0.007075 0.009434
1 0.505875 0.719897 0.010292 0.010292
1 0.432226 0.780360 0.008362 0.012864
1 0.387200 0.789794 0.008362 0.012864
1 0.384305 0.848542 0.009005 0.013722
1 0.298370 0.771784 0.009005 0.012864
1 0.273285 0.735763 0.007719 0.012864
1 0.377166 0.388679 0.012221 0.012007
1 0.360120 0.397256 0.014151 0.015437
1 0.918632 0.275729 0.008362 0.014580
2 0.945648 0.314322 0.014794 0.014580
2 0.899657 0.303173 0.010292 0.009434
2 0.793846 0.239708 0.009648 0.011149
2 0.299657 0.476329 0.010292 0.017153
2 0.275214 0.435163 0.009005 0.013722
2 0.238872 0.550943 0.008362 0.017153
2 0.343975 0.531647 0.014794 0.009434
2 0.100579 0.735334 0.010935 0.012007
2 0.897727 0.761492 0.011578 0.028302
1 0.097684 0.162093 0.011578 0.012007
1 0.451329 0.958319 0.006432 0.012007
1 0.333748 0.601887 0.007719 0.012007
1 0.391960 0.583448 0.009648 0.014580
1 0.308662 0.360120 0.010292 0.011149
2 0.379417 0.436364 0.012864 0.013722
2 0.794168 0.135077 0.009005 0.014580
1 0.330439 0.658805 0.009648 0.012864