2 0.667997 0.463650 0.013854 0.025069
2 0.798869 0.455403 0.013359 0.009896
2 0.454298 0.744689 0.013359 0.022430
1 0.753902 0.371527 0.019297 0.018868
1 0.880617 0.184991 0.010292 0.021441
1 0.836235 0.148542 0.011578 0.017153
1 0.651308 0.148542 0.014794 0.017153
1 0.977423 0.709005 0.016081 0.012864
1 0.822958 0.756846 0.009316 0.015378
1 0.862217 0.894541 0.008872 0.011829
3 0.743425 0.778404 0.011639 0.016336
3 0.326572 0.349168 0.010068 0.014915
2 0.780698 0.514176 0.015135 0.012108
2 0.975879 0.638722 0.008844 0.027873
2 0.765826 0.718321 0.010050 0.028409
2 0.801203 0.711353 0.014071 0.011256
2 0.839194 0.586728 0.005628 0.017153
2 0.623846 0.559258 0.012864 0.025321
2 0.675120 0.418443 0.015927 0.020420
2 0.718761 0.309372 0.008966 0.021831
2 0.868769 0.277925 0.012864 0.017153
2 0.795091 0.338219 0.015203 0.016113
2 0.687653 0.184469 0.015983 0.012994
2 0.562126 0.167316 0.010525 0.023390
2 0.693032 0.200062 0.014424 0.008836
2 0.607191 0.227091 0.007407 0.018192
2 0.525821 0.616026 0.023891 0.014702
2 0.640912 0.760292 0.021594 0.018990
2 0.672237 0.494372 0.017287 0.008040
2 0.667815 0.574507 0.009246 0.017153
2 0.486106 0.850772 0.002573 0.000000
2 0.260006 0.859777 0.018225 0.012864
2 0.245801 0.883719 0.013401 0.019297
2 0.191449 0.772227 0.011256 0.019297