0 0.671543 0.189716 0.063830 0.083333
0 0.892287 0.340426 0.034574 0.090426
0 0.599734 0.223404 0.015957 0.033688
0 0.516622 0.063830 0.017287 0.015957
0 0.537234 0.020390 0.018617 0.014184
0 0.692819 0.435284 0.015957 0.021277
0 0.740691 0.344858 0.010638 0.028369
0 0.811170 0.486702 0.015957 0.024823
0 0.700798 0.596631 0.010638 0.024823
0 0.378989 0.713652 0.015957 0.010638
0 0.730053 0.665780 0.013298 0.017730
0 0.748670 0.680851 0.029255 0.012411
0 0.844415 0.815603 0.018617 0.030142
2 0.787234 0.675532 0.013298 0.026596
2 0.904920 0.109929 0.009309 0.030142
2 0.754654 0.226064 0.014628 0.024823
2 0.248005 0.193262 0.009309 0.012411
2 0.369681 0.437057 0.007979 0.017730
2 0.348404 0.507979 0.013298 0.021277
2 0.327128 0.546986 0.015957 0.014184
2 0.437500 0.571809 0.010638 0.017730
2 0.464096 0.593085 0.013298 0.028369
2 0.549867 0.560284 0.009309 0.019504
2 0.413564 0.790780 0.015957 0.019504
2 0.653590 0.485816 0.009309 0.023050
2 0.658910 0.539894 0.014628 0.021277
2 0.653590 0.567376 0.019947 0.012411
2 0.865027 0.242908 0.011968 0.019504
2 0.788564 0.624113 0.015957 0.019504
2 0.833777 0.527482 0.007979 0.024823
2 0.840426 0.622340 0.015957 0.008865
2 0.826463 0.656028 0.009309 0.026596
2 0.746676 0.722518 0.006649 0.021277
2 0.842420 0.575355 0.006649 0.014184
2 0.808511 0.643617 0.013298 0.026596
2 0.224069 0.358156 0.014628 0.012411
2 0.287234 0.792553 0.013298 0.023050
2 0.434840 0.698582 0.029255 0.012411
2 0.557181 0.714539 0.015957 0.015957
2 0.855718 0.679965 0.006649 0.024823
2 0.816489 0.374113 0.015957 0.019504
2 0.943484 0.501773 0.011968 0.019504
2 0.992686 0.671986 0.014628 0.030142
2 0.875000 0.886525 0.021277 0.030142
2 0.736702 0.966312 0.013298 0.023050
2 0.622340 0.975177 0.007979 0.019504
2 0.397606 0.914007 0.018617 0.021277
2 0.401596 0.949468 0.007979 0.024823
2 0.244016 0.805851 0.019947 0.024823
2 0.292553 0.839539 0.023936 0.010638
2 0.255319 0.921099 0.007979 0.035461
2 0.305851 0.914007 0.026596 0.014184
2 0.286569 0.869681 0.019947 0.010638
2 0.335771 0.958333 0.022606 0.010638
2 0.337766 0.913121 0.018617 0.015957
2 0.329787 0.939716 0.026596 0.005319
2 0.355718 0.829787 0.014628 0.015957
2 0.321809 0.882979 0.013298 0.012411
2 0.373670 0.864362 0.005319 0.010638
2 0.361037 0.938830 0.017287 0.035461
2 0.430186 0.940603 0.014628 0.021277
2 0.690824 0.737589 0.011968 0.030142
2 0.775266 0.722518 0.018617 0.014184
2 0.679521 0.618794 0.013298 0.026596
2 0.672872 0.333333 0.010638 0.023050
2 0.672872 0.773050 0.015957 0.026596
2 0.652261 0.875887 0.011968 0.012411
2 0.212101 0.983156 0.014628 0.017730
2 0.267287 0.945035 0.021277 0.040780
0 0.236037 0.881206 0.011968 0.023050
2 0.748670 0.863475 0.010638 0.026596
2 0.703457 0.935284 0.007979 0.028369
2 0.916223 0.750887 0.021277 0.028369
2 0.869681 0.703014 0.021277 0.017730
2 0.854388 0.743794 0.014628 0.024823
2 0.889628 0.716312 0.021277 0.019504
2 0.965426 0.733156 0.010638 0.024823
2 0.918218 0.840426 0.011968 0.012411
2 0.906915 0.881206 0.026596 0.037234
2 0.894282 0.784574 0.011968 0.042553
2 0.970745 0.778369 0.013298 0.008865
2 0.992686 0.877660 0.011968 0.015957
2 0.678856 0.908688 0.014628 0.017730
2 0.795213 0.898936 0.018617 0.015957
2 0.785239 0.867908 0.027926 0.028369
2 0.841090 0.875000 0.006649 0.017730
2 0.859043 0.935284 0.005319 0.014184
2 0.919548 0.817376 0.011968 0.023050
2 0.466755 0.765957 0.013298 0.015957