1 0.488542 0.073702 0.016722 0.015277
1 0.861854 0.067096 0.011458 0.016103
1 0.734857 0.268384 0.016103 0.009910
1 0.733618 0.295636 0.013626 0.010735
2 0.666883 0.116025 0.013935 0.006606
1 0.641955 0.301581 0.013626 0.011561
1 0.549052 0.374499 0.013626 0.014039
1 0.578471 0.544820 0.014245 0.020232
1 0.570420 0.685825 0.008671 0.018993
2 0.486870 0.738841 0.019819 0.013213
1 0.640251 0.746274 0.007123 0.014039
2 0.338907 0.674016 0.017961 0.016516
2 0.150223 0.430158 0.013935 0.008258
1 0.930230 0.552954 0.015793 0.011561
1 0.700731 0.895330 0.015484 0.020645
1 0.723956 0.942194 0.010529 0.017755
1 0.742227 0.771130 0.017961 0.009084
1 0.313917 0.757133 0.009600 0.007845
1 0.317943 0.855940 0.008981 0.007432
1 0.737706 0.668029 0.003716 0.005368
1 0.747616 0.686610 0.004955 0.007019
1 0.660442 0.627152 0.005264 0.005368