0 0.747256 0.398799 0.048885 0.104631
0 0.965952 0.154374 0.033448 0.089194
1 0.523413 0.205832 0.015437 0.027444
1 0.673242 0.285927 0.020136 0.025356
1 0.659538 0.386233 0.010627 0.027593
1 0.648072 0.442539 0.023492 0.020881
1 0.651260 0.035051 0.016220 0.017898
1 0.794504 0.264002 0.016780 0.028339
1 0.841487 0.209934 0.011187 0.017153
1 0.857428 0.530912 0.015102 0.027593
1 0.723469 0.633157 0.014542 0.026848
1 0.706969 0.756805 0.020695 0.016407
1 0.704732 0.845551 0.018458 0.019390
1 0.627209 0.731822 0.009509 0.017153
1 0.577150 0.733686 0.019017 0.014915
1 0.528488 0.838467 0.022373 0.017153
1 0.128291 0.895891 0.015102 0.027593
1 0.127172 0.763368 0.016220 0.016407
1 0.487658 0.649340 0.012305 0.023119
1 0.573794 0.500186 0.014542 0.036543
2 0.798978 0.808636 0.015661 0.029085
2 0.541632 0.969722 0.020695 0.029085
2 0.396767 0.438959 0.017339 0.014915
2 0.684205 0.352748 0.008949 0.019390
2 0.584924 0.418376 0.007271 0.016407
2 0.659371 0.748602 0.006712 0.017898
2 0.451525 0.782161 0.013424 0.011932
1 0.472220 0.765381 0.008949 0.015661
1 0.900608 0.954210 0.010627 0.017153