0 0.974069 0.150709 0.019947 0.026596
0 0.612367 0.110816 0.027926 0.021277
0 0.644947 0.276596 0.015957 0.026596
0 0.604388 0.320922 0.022606 0.015957
0 0.675532 0.488475 0.018617 0.028369
0 0.753324 0.660461 0.027926 0.021277
0 0.745346 0.539007 0.014628 0.030142
0 0.452128 0.315603 0.013298 0.023050
0 0.608378 0.268617 0.017287 0.017730
0 0.522606 0.752660 0.023936 0.017730
0 0.539894 0.906915 0.018617 0.035461
0 0.581782 0.981383 0.017287 0.031915
0 0.388298 0.542553 0.018617 0.015957
0 0.180851 0.165780 0.013298 0.021277
0 0.361037 0.095745 0.017287 0.015957
2 0.514628 0.095745 0.029255 0.015957
2 0.825798 0.921986 0.018617 0.026596
2 0.942154 0.528369 0.019947 0.030142
2 0.894947 0.387411 0.023936 0.017730
2 0.557181 0.503546 0.018617 0.030142
2 0.218085 0.378546 0.018617 0.028369
2 0.449468 0.255319 0.021277 0.019504
2 0.532580 0.253546 0.025266 0.019504
2 0.455452 0.140071 0.022606 0.019504
2 0.821144 0.260638 0.017287 0.012411
1 0.896941 0.057624 0.022606 0.014184
1 0.992021 0.225177 0.010638 0.023050
3 0.458777 0.014184 0.031915 0.026596
2 0.547207 0.771277 0.011968 0.030142
0 0.571144 0.837766 0.017287 0.024823
0 0.662899 0.982270 0.011968 0.033688
1 0.938165 0.869681 0.019947 0.014184
0 0.684840 0.716312 0.015957 0.015957
0 0.694814 0.775709 0.014628 0.024823
0 0.789229 0.731383 0.019947 0.014184
0 0.553856 0.641844 0.017287 0.019504
0 0.550532 0.664894 0.021277 0.023050
3 0.346410 0.533688 0.019947 0.033688
1 0.773936 0.648050 0.013298 0.017730
1 0.751995 0.613475 0.009309 0.015957
1 0.028590 0.686170 0.022606 0.030142
2 0.281250 0.771277 0.014628 0.026596
2 0.621676 0.902482 0.017287 0.026596
2 0.670878 0.844858 0.014628 0.017730
2 0.657580 0.748227 0.011968 0.023050
2 0.672207 0.395390 0.011968 0.019504
1 0.404920 0.644504 0.009309 0.014184
1 0.533910 0.162234 0.009309 0.010638
1 0.607048 0.164007 0.014628 0.014184
1 0.571809 0.243794 0.007979 0.017730
1 0.418883 0.420213 0.039894 0.033688
1 0.980053 0.308511 0.015957 0.015957
1 0.617021 0.558511 0.007979 0.015957