2 0.106604 0.683533 0.066895 0.389365
2 0.082161 0.394511 0.015437 0.034305
2 0.480834 0.460288 0.012305 0.022373
2 0.440730 0.736669 0.015102 0.017898
2 0.908047 0.798568 0.012305 0.023865
2 0.985513 0.597211 0.017339 0.016407
2 0.790309 0.413379 0.011746 0.015661
1 0.578548 0.017526 0.012864 0.024610
1 0.489895 0.041390 0.017898 0.018644
1 0.395369 0.033932 0.014542 0.017153
1 0.428872 0.293833 0.018458 0.016407
1 0.339660 0.371392 0.017898 0.013424
1 0.591357 0.165560 0.020136 0.025356
1 0.622958 0.173391 0.011746 0.032068
1 0.778004 0.069729 0.015102 0.024610
1 0.667537 0.088373 0.014542 0.015661
3 0.856030 0.371019 0.017898 0.039526
1 0.892665 0.274815 0.012864 0.015661
1 0.776885 0.316951 0.016220 0.014915
1 0.641808 0.232307 0.015661 0.018644
1 0.830860 0.446118 0.015661 0.017898
1 0.889309 0.566187 0.010627 0.025356
1 0.719834 0.552017 0.018458 0.019390
1 0.702215 0.589306 0.019017 0.023865
3 0.537382 0.603102 0.018458 0.030576
3 0.552483 0.694832 0.020695 0.027593
1 0.484749 0.439033 0.015661 0.014170
1 0.533970 0.741517 0.023492 0.020136
1 0.562775 0.789246 0.021814 0.014170
1 0.616191 0.614736 0.017898 0.018644
0 0.895742 0.888806 0.036916 0.080543
1 0.216058 0.805845 0.022760 0.028368