2 0.721527 0.273585 0.020583 0.029160
2 0.866895 0.358491 0.020583 0.020583
2 0.745969 0.590909 0.030875 0.018868
2 0.606389 0.556604 0.011578 0.029160
2 0.409563 0.667238 0.014151 0.024014
2 0.262907 0.735849 0.016724 0.024014
2 0.411492 0.941681 0.018010 0.024014
2 0.708019 0.671527 0.014151 0.025729
0 0.828302 0.691252 0.015437 0.027444
1 0.917710 0.616638 0.014151 0.022298
1 0.910635 0.733276 0.010292 0.015437
2 0.616681 0.762436 0.019297 0.018868
2 0.651415 0.777015 0.019297 0.017153
2 0.704159 0.839623 0.016724 0.022298
1 0.421141 0.783877 0.016724 0.020583
2 0.956304 0.945969 0.009005 0.025729