1 0.624400 0.439108 0.019297 0.024014
1 0.649728 0.059177 0.015866 0.021155
1 0.775629 0.233162 0.014151 0.018296
2 0.625840 0.649443 0.009112 0.030732
2 0.714712 0.626787 0.019833 0.017153
2 0.789487 0.691824 0.025729 0.020011
2 0.878037 0.823685 0.008576 0.026444
2 0.880878 0.588551 0.010184 0.019297
2 0.792971 0.300314 0.009112 0.025729
2 0.649693 0.332118 0.017153 0.009291
1 0.732240 0.505789 0.015009 0.013579
1 0.832208 0.579760 0.014473 0.020011
1 0.762793 0.134362 0.011792 0.018582
3 0.373100 0.504111 0.018631 0.017153
2 0.357796 0.640741 0.020849 0.012421
2 0.478604 0.905480 0.013542 0.014444
1 0.097748 0.727995 0.015573 0.016250
1 0.424099 0.972285 0.010156 0.016250
1 0.144127 0.729349 0.010833 0.017153
1 0.744832 0.849959 0.010833 0.015347