2 0.639731 0.804523 0.010482 0.031764
2 0.977304 0.867416 0.024300 0.041929
2 0.911076 0.774347 0.012864 0.024776
2 0.859142 0.842005 0.016676 0.020329
2 0.828410 0.789594 0.008576 0.022235
2 0.782669 0.816594 0.015247 0.020329
2 0.775046 0.843911 0.018106 0.019059
2 0.760990 0.807700 0.015723 0.012706
2 0.744552 0.813417 0.010482 0.016517
2 0.735738 0.767994 0.014770 0.028588
2 0.674989 0.814878 0.020964 0.010800
2 0.678324 0.834255 0.013341 0.021600
2 0.667604 0.861889 0.016676 0.012070
2 0.657598 0.900642 0.008100 0.026047
2 0.646401 0.899689 0.012388 0.017788
2 0.442427 0.779112 0.014770 0.016517
2 0.432898 0.796900 0.022394 0.016517
2 0.462201 0.763230 0.024776 0.010165
2 0.425942 0.626517 0.017629 0.015247
2 0.426180 0.528492 0.006670 0.033670
2 0.485976 0.556127 0.009053 0.017788
2 0.531526 0.755479 0.010006 0.035576
2 0.586796 0.683692 0.017629 0.015247
2 0.582984 0.733244 0.009053 0.015247
2 0.548202 0.866463 0.010006 0.023505
2 0.522711 0.851852 0.008576 0.015882
2 0.525808 0.883934 0.009053 0.022870
2 0.595848 0.894416 0.016676 0.017153
2 0.692618 0.798170 0.011435 0.024141
2 0.678944 0.747856 0.012864 0.013976
2 0.671797 0.759609 0.010006 0.012070
2 0.770663 0.746712 0.009529 0.027952
2 0.779477 0.747983 0.009053 0.031764
2 0.950861 0.713868 0.009529 0.017153
2 0.956340 0.731656 0.012864 0.010800
2 0.930373 0.694492 0.008576 0.024141
2 0.950623 0.629058 0.007147 0.020329
2 0.871768 0.646528 0.007623 0.014612
2 0.900118 0.721174 0.011912 0.012706
2 0.941332 0.727527 0.008576 0.017788
2 0.698097 0.291023 0.011912 0.022235
2 0.565021 0.006035 0.019059 0.012070
2 0.628010 0.629693 0.014294 0.026682
2 0.617766 0.707198 0.014770 0.011435
2 0.597516 0.725939 0.011435 0.009529
2 0.595610 0.745315 0.007623 0.016517
2 0.612286 0.936980 0.012388 0.022235
2 0.449956 0.943015 0.010959 0.025411
2 0.424703 0.915063 0.016676 0.012706
2 0.368623 0.972873 0.012388 0.022870
2 0.320167 0.777841 0.013817 0.021600
2 0.314211 0.759418 0.014294 0.012706
2 0.164411 0.826758 0.010482 0.030494
2 0.143209 0.802617 0.010959 0.029223
2 0.185852 0.936662 0.010482 0.022870
2 0.136062 0.975732 0.012864 0.018423
2 0.067213 0.902675 0.018106 0.017153
2 0.067213 0.829299 0.017153 0.020329
2 0.056254 0.783559 0.020964 0.020329
2 0.014802 0.797853 0.023823 0.020964
2 0.035290 0.824535 0.011435 0.026047
2 0.035290 0.864875 0.013341 0.010165
2 0.032908 0.889969 0.010482 0.010800
2 0.050060 0.892510 0.010482 0.012070
2 0.027190 0.909027 0.010482 0.006988
2 0.016231 0.934756 0.009529 0.016517
2 0.040055 0.931580 0.015247 0.024141
2 0.089607 0.877581 0.022870 0.020329
2 0.196334 0.611397 0.019059 0.015247
2 0.184185 0.606950 0.013817 0.027952
2 0.082222 0.566800 0.015723 0.019059
2 0.017184 0.524871 0.015247 0.029223
2 0.680182 0.342418 0.016676 0.015247
2 0.776666 0.574614 0.013341 0.022235
2 0.826218 0.471063 0.015247 0.023505
2 0.747030 0.678102 0.021917 0.027952
2 0.719633 0.778731 0.012864 0.021600
2 0.818499 0.900388 0.017153 0.014612
2 0.818261 0.914681 0.010959 0.015247
2 0.842323 0.899752 0.014294 0.033670
2 0.866860 0.784766 0.011912 0.014612
2 0.861619 0.950956 0.009053 0.022235
2 0.606331 0.872753 0.009053 0.017788
2 0.516517 0.727273 0.013341 0.024141
1 0.589416 0.819706 0.012388 0.013341
1 0.666841 0.689473 0.008100 0.017153
1 0.606331 0.688838 0.007147 0.013341
1 0.580602 0.768249 0.010006 0.013341
1 0.451194 0.695445 0.008100 0.010800
1 0.301823 0.715456 0.012388 0.017788
1 0.740741 0.532558 0.020011 0.022235
1 0.661410 0.379773 0.014770 0.022870
1 0.567070 0.318150 0.008100 0.024141
1 0.699050 0.343561 0.007147 0.013976
1 0.896306 0.346992 0.014770 0.015247
1 0.913458 0.422591 0.009053 0.016517
1 0.893447 0.456896 0.009053 0.008894
1 0.979449 0.655232 0.011435 0.022870
1 0.857236 0.675878 0.013817 0.020964
1 0.657789 0.558478 0.011912 0.017153
1 0.613478 0.532114 0.007147 0.012706
1 0.264135 0.783559 0.010006 0.013976
1 0.197192 0.741948 0.015247 0.012070
1 0.230306 0.692713 0.010959 0.016517
1 0.167651 0.787688 0.014294 0.013341
1 0.977066 0.838193 0.009529 0.011435
1 0.953005 0.799441 0.016676 0.019059
1 0.961819 0.775300 0.009529 0.016517
1 0.975637 0.815641 0.013341 0.018423
1 0.855092 0.716536 0.010482 0.017153
1 0.644924 0.141351 0.013817 0.022235
1 0.661839 0.034941 0.010482 0.011435
1 0.734737 0.222349 0.009529 0.013976
1 0.491980 0.181691 0.011912 0.019059
1 0.473398 0.189315 0.010959 0.022870
1 0.490788 0.240137 0.011435 0.015247
1 0.299012 0.533892 0.010959 0.011435
1 0.254939 0.520234 0.006670 0.013341
1 0.267089 0.556127 0.007147 0.012706
1 0.383346 0.658599 0.007147 0.012070
1 0.187996 0.684963 0.010006 0.015247
1 0.349041 0.748809 0.010959 0.013341
1 0.506750 0.665587 0.009053 0.010800
2 0.956340 0.578299 0.020488 0.026047
2 0.634728 0.562417 0.011912 0.012070
2 0.649975 0.528111 0.010006 0.014612
1 0.481879 0.540182 0.009053 0.012070