1 0.563334 0.647103 0.016220 0.021627
1 0.515792 0.655306 0.013983 0.024610
1 0.937411 0.424267 0.010627 0.012678
1 0.918394 0.349318 0.009509 0.016407
1 0.919233 0.459691 0.012305 0.013424
1 0.594265 0.316877 0.007831 0.020136
1 0.693825 0.688567 0.011187 0.015661
1 0.665803 0.804907 0.011746 0.032068
1 0.255873 0.696398 0.007831 0.016407
1 0.213084 0.685584 0.007271 0.015661
1 0.289432 0.788127 0.007831 0.010441
1 0.423950 0.910433 0.008390 0.013424
1 0.436255 0.855992 0.006153 0.011932
1 0.374170 0.750317 0.006153 0.015661
1 0.280707 0.520024 0.010068 0.014170
1 0.089977 0.610262 0.017898 0.014170
1 0.730013 0.861958 0.016220 0.017898
1 0.615352 0.820941 0.011746 0.013424
1 0.685100 0.560967 0.011187 0.019390
1 0.686218 0.037661 0.006712 0.011187
1 0.501081 0.188679 0.010068 0.020881
1 0.057256 0.164442 0.010627 0.020136
2 0.688008 0.112835 0.008949 0.032068
2 0.801831 0.572600 0.010627 0.017898
2 0.777500 0.677381 0.011187 0.015661
2 0.937747 0.776195 0.012864 0.025356
2 0.892721 0.783280 0.013424 0.015661
2 0.852730 0.791483 0.009509 0.023119
2 0.873425 0.808636 0.006153 0.020136
2 0.883492 0.841450 0.011746 0.017153
2 0.858043 0.859348 0.015661 0.020136
2 0.864475 0.894772 0.007271 0.023865
2 0.846857 0.899993 0.016780 0.016407
2 0.846297 0.914535 0.014542 0.011187
2 0.808543 0.814229 0.011746 0.023865
2 0.799314 0.841077 0.015661 0.016407
2 0.789805 0.807144 0.017898 0.014170
2 0.773026 0.814229 0.011187 0.023865
2 0.764356 0.770229 0.008390 0.022373
2 0.755127 0.777314 0.005593 0.020136
2 0.741983 0.778432 0.011746 0.017898
2 0.703949 0.815721 0.021814 0.014915
2 0.719330 0.797822 0.010068 0.020881
2 0.703390 0.833619 0.010627 0.016407
2 0.693322 0.861958 0.013983 0.011932
2 0.682974 0.899620 0.011187 0.033560
2 0.672347 0.904094 0.011187 0.014170
2 0.640186 0.937281 0.011746 0.025356
2 0.623406 0.891416 0.016220 0.024610
2 0.633474 0.873145 0.008390 0.022373
2 0.573906 0.868670 0.010068 0.020881
2 0.561041 0.861213 0.007831 0.026848
2 0.573626 0.898874 0.006153 0.014170
2 0.553211 0.883586 0.010068 0.026848
2 0.549855 0.854128 0.010068 0.021627
2 0.519092 0.875382 0.006712 0.028339
2 0.558244 0.756059 0.007831 0.032814
2 0.610541 0.733313 0.013983 0.015661
2 0.625364 0.728466 0.016780 0.014915
2 0.615296 0.684093 0.020136 0.008203
2 0.646898 0.709076 0.018458 0.011932
2 0.656686 0.636364 0.016780 0.014170
2 0.485812 0.765009 0.016220 0.014915
2 0.512939 0.558058 0.010068 0.018644
2 0.506507 0.543516 0.015102 0.016407
2 0.677940 0.527854 0.013424 0.011932
2 0.897196 0.649415 0.008949 0.020881
2 0.890204 0.671788 0.012864 0.013424
2 0.795622 0.744798 0.005593 0.026102
2 0.805131 0.751883 0.010068 0.032814
2 0.980200 0.727869 0.011187 0.010441
2 0.975166 0.712954 0.006712 0.016407
2 0.954191 0.693191 0.005034 0.017153
2 0.965378 0.728615 0.010627 0.026848
2 0.985234 0.692445 0.013424 0.023119
2 0.995134 0.719666 0.009732 0.013424
2 0.974886 0.629353 0.010627 0.021627
2 0.849038 0.469312 0.008390 0.018644
2 0.705012 0.343277 0.017898 0.015661
2 0.725427 0.291819 0.010627 0.021627
2 0.454322 0.627414 0.022373 0.011187
2 0.451805 0.525244 0.011746 0.024610
2 0.209840 0.605041 0.012864 0.020136
2 0.345757 0.779551 0.018458 0.024610
2 0.191383 0.789246 0.013983 0.011187
2 0.187747 0.828399 0.010068 0.029831
2 0.168171 0.807144 0.011187 0.026102
2 0.143840 0.832873 0.012864 0.031322
2 0.088467 0.829145 0.006153 0.017898
2 0.079797 0.859348 0.011187 0.020136
2 0.108602 0.875755 0.017339 0.017153
2 0.090145 0.902976 0.015102 0.014915
2 0.067772 0.896637 0.018458 0.012678
2 0.177120 0.937654 0.014542 0.014170
2 0.156704 0.975688 0.012864 0.029085
2 0.141323 0.974569 0.014542 0.013424
2 0.210120 0.936908 0.011187 0.018644
2 0.394194 0.976061 0.013983 0.022373
2 0.450406 0.919010 0.019017 0.009695
2 0.474178 0.946976 0.013983 0.026848
2 0.471940 0.779551 0.019576 0.017153
2 0.457398 0.796704 0.018458 0.015661
2 0.575472 0.833768 0.019017 0.013424
2 0.993344 0.854650 0.009509 0.028339
2 0.995973 0.815124 0.008054 0.022373
2 0.974327 0.793870 0.022932 0.014170
2 0.703054 0.749869 0.015102 0.032068
2 0.543199 0.729734 0.011746 0.017153
2 0.662503 0.564173 0.016780 0.012678
2 0.980480 0.581773 0.016220 0.033560
2 0.036841 0.798344 0.017898 0.023119
2 0.057816 0.930569 0.024051 0.029831
2 0.026493 0.735551 0.015102 0.021627
2 0.009714 0.965993 0.013983 0.012678