0 0.639837 0.437393 0.037307 0.037736
0 0.606389 0.293310 0.019297 0.024014
2 0.577444 0.308748 0.010292 0.030875
2 0.461664 0.149228 0.020583 0.034305
2 0.778130 0.209262 0.015437 0.024014
2 0.944726 0.379074 0.011578 0.027444
0 0.935077 0.550600 0.020583 0.034305
2 0.870111 0.638079 0.019297 0.017153
2 0.870111 0.816467 0.019297 0.030875
1 0.889408 0.993139 0.011578 0.013722
1 0.716381 0.992281 0.023156 0.015437
2 0.578087 0.707547 0.027015 0.022298
1 0.008834 0.610635 0.015437 0.024014
2 0.011406 0.685249 0.018010 0.018868
2 0.062221 0.630360 0.009005 0.025729
2 0.136192 0.612350 0.010292 0.030875
0 0.108533 0.703259 0.019297 0.030875
2 0.323370 0.323328 0.014151 0.039451
2 0.514408 0.319897 0.015437 0.025729
2 0.343954 0.445111 0.014151 0.025729
0 0.331089 0.720412 0.024443 0.024014
0 0.572942 0.416810 0.024443 0.027444
0 0.655918 0.487136 0.015437 0.030875
2 0.704159 0.401372 0.014151 0.017153
2 0.687436 0.563465 0.014151 0.036021
2 0.603816 0.550600 0.016724 0.020583
2 0.650772 0.672384 0.015437 0.027444
2 0.578731 0.764151 0.018010 0.032590
1 0.760120 0.678388 0.015437 0.018868