1 0.539894 0.196809 0.015957 0.015957
1 0.840426 0.157801 0.010638 0.026596
1 0.892287 0.183511 0.013298 0.014184
1 0.724734 0.508865 0.010638 0.008865
1 0.715426 0.803191 0.013298 0.026596
2 0.138963 0.510638 0.011968 0.019504
2 0.138298 0.645390 0.007979 0.008865
2 0.087766 0.588652 0.007979 0.008865
2 0.211436 0.495567 0.007979 0.017730
2 0.765957 0.769504 0.005319 0.019504
2 0.905585 0.970745 0.005319 0.024823
1 0.712766 0.671986 0.013298 0.012411
1 0.975399 0.639184 0.006649 0.014184
1 0.446809 0.613475 0.013298 0.008865
1 0.531915 0.581560 0.005319 0.005319
1 0.537234 0.822695 0.015957 0.015957
1 0.128989 0.710993 0.005319 0.008865
1 0.817819 0.250000 0.010638 0.012411
1 0.580452 0.394504 0.011968 0.014184
1 0.420213 0.423759 0.010638 0.012411
1 0.327793 0.449468 0.011968 0.010638