0 0.584441 0.517730 0.022606 0.023050
0 0.527926 0.100177 0.021277 0.024823
0 0.533910 0.075355 0.019947 0.024823
0 0.470080 0.061170 0.019947 0.028369
0 0.649601 0.084220 0.022606 0.028369
0 0.625665 0.072695 0.014628 0.023050
0 0.824468 0.130319 0.021277 0.031915
0 0.759309 0.018617 0.015957 0.017730
0 0.772606 0.015071 0.015957 0.021277
0 0.789229 0.313830 0.011968 0.037234
0 0.855053 0.226950 0.015957 0.015957
0 0.930186 0.171099 0.009309 0.028369
0 0.839096 0.362589 0.018617 0.028369
0 0.903590 0.536348 0.019947 0.014184
0 0.954787 0.593972 0.013298 0.023050
0 0.972074 0.449468 0.018617 0.021277
0 0.977394 0.750000 0.045212 0.086879
0 0.828457 0.608156 0.013298 0.026596
0 0.796543 0.616135 0.007979 0.031915
0 0.769282 0.636525 0.009309 0.019504
0 0.784574 0.670213 0.007979 0.023050
0 0.750665 0.740248 0.014628 0.024823
0 0.764628 0.768617 0.015957 0.024823
0 0.849734 0.768617 0.010638 0.031915
0 0.920213 0.837766 0.018617 0.021277
0 0.689495 0.567376 0.022606 0.019504
0 0.664894 0.506206 0.015957 0.031915
0 0.704787 0.490248 0.015957 0.010638
0 0.644282 0.424645 0.017287 0.028369
0 0.521277 0.416667 0.007979 0.037234
0 0.494681 0.398050 0.013298 0.021277
0 0.506649 0.458333 0.010638 0.024823
0 0.557181 0.293440 0.021277 0.021277
0 0.554521 0.250887 0.018617 0.024823
0 0.649601 0.229610 0.011968 0.024823
0 0.740691 0.376773 0.023936 0.024823
0 0.741356 0.470745 0.022606 0.017730
0 0.786569 0.467199 0.011968 0.014184
0 0.656250 0.389184 0.017287 0.021277
0 0.684840 0.429965 0.013298 0.028369
0 0.609043 0.691489 0.013298 0.037234
0 0.679521 0.686170 0.023936 0.012411
0 0.639628 0.741135 0.021277 0.026596
0 0.668883 0.725177 0.013298 0.023050
0 0.684840 0.719858 0.015957 0.019504
0 0.811170 0.732270 0.015957 0.015957
0 0.795213 0.791667 0.018617 0.028369
0 0.616356 0.626773 0.022606 0.031915
0 0.636968 0.601950 0.023936 0.021277
0 0.537234 0.578014 0.010638 0.023050
0 0.465426 0.566489 0.021277 0.021277
0 0.313165 0.273050 0.019947 0.026596
0 0.203457 0.271277 0.018617 0.019504
0 0.168218 0.495567 0.019947 0.024823
0 0.312500 0.453901 0.013298 0.026596
0 0.407580 0.287234 0.022606 0.019504
0 0.420878 0.234929 0.019947 0.017730
0 0.339761 0.273050 0.006649 0.012411
0 0.579787 0.610816 0.010638 0.031915
0 0.566489 0.622340 0.010638 0.023050
0 0.496011 0.574468 0.015957 0.019504
0 0.510638 0.555851 0.015957 0.024823
0 0.692154 0.976064 0.019947 0.035461
0 0.678856 0.925532 0.011968 0.026596
0 0.738032 0.871454 0.026596 0.017730
0 0.775266 0.976950 0.021277 0.037234
0 0.867686 0.860816 0.019947 0.024823
0 0.547872 0.468085 0.039894 0.037234
0 0.624335 0.268617 0.057181 0.031915
0 0.323803 0.649823 0.022606 0.021277
0 0.152261 0.855496 0.014628 0.028369
0 0.118351 0.909574 0.013298 0.023050
0 0.141622 0.910461 0.017287 0.014184
0 0.162234 0.885638 0.023936 0.024823
2 0.955452 0.898936 0.014628 0.019504
2 0.956117 0.923759 0.013298 0.026596
2 0.990027 0.914894 0.011968 0.023050
2 0.834441 0.930851 0.027926 0.037234
2 0.655585 0.898936 0.023936 0.047872
2 0.820479 0.795213 0.029255 0.028369
2 0.744681 0.803191 0.013298 0.037234
1 0.445479 0.850177 0.021277 0.017730
1 0.873005 0.898936 0.014628 0.012411
1 0.873670 0.824468 0.010638 0.019504
1 0.841090 0.827128 0.011968 0.021277
1 0.884309 0.949468 0.013298 0.021277
1 0.938165 0.963652 0.009309 0.014184
1 0.912234 0.453014 0.013298 0.014184
1 0.902926 0.312057 0.007979 0.015957
1 0.686835 0.229610 0.022606 0.017730
1 0.553191 0.852837 0.013298 0.015957
1 0.640957 0.826241 0.018617 0.015957
1 0.535904 0.912234 0.018617 0.031915
1 0.551197 0.943262 0.011968 0.026596
1 0.594415 0.945035 0.018617 0.033688
1 0.360372 0.864362 0.015957 0.021277
1 0.426862 0.773936 0.018617 0.017730
1 0.342420 0.921099 0.014628 0.028369
1 0.363697 0.711879 0.022606 0.035461
1 0.287899 0.555851 0.019947 0.021277
1 0.182846 0.579787 0.014628 0.023050
1 0.211436 0.595745 0.023936 0.026596
1 0.297872 0.737589 0.021277 0.026596
1 0.714761 0.545213 0.011968 0.028369
1 0.729388 0.523936 0.011968 0.017730
1 0.785239 0.500000 0.009309 0.015957
3 0.362367 0.953014 0.025266 0.035461
3 0.150266 0.611702 0.037234 0.037234
1 0.275266 0.625000 0.015957 0.014184
1 0.514628 0.016844 0.023936 0.021277
1 0.109043 0.359929 0.013298 0.005319
1 0.116356 0.312943 0.009309 0.017730
1 0.171543 0.765957 0.010638 0.026596
1 0.438165 0.692376 0.011968 0.014184
1 0.449468 0.823582 0.013298 0.021277
1 0.617021 0.985816 0.018617 0.012411
1 0.518617 0.843972 0.023936 0.023050
1 0.502660 0.892730 0.023936 0.021277
1 0.315160 0.841312 0.015957 0.028369
1 0.404255 0.869681 0.015957 0.014184
1 0.575133 0.801418 0.017287 0.019504
1 0.674202 0.870567 0.013298 0.023050