0 0.756647 0.649323 0.018582 0.037641
0 0.670347 0.606442 0.017510 0.036688
0 0.569790 0.797742 0.022513 0.028588
1 0.794525 0.894749 0.017153 0.016200
1 0.799171 0.801839 0.015723 0.015247
1 0.631575 0.890699 0.014294 0.021441
1 0.569861 0.922146 0.014651 0.012864
0 0.926351 0.786116 0.027516 0.023823
1 0.902766 0.747237 0.007504 0.014294
0 0.958512 0.359682 0.017510 0.030494
0 0.770905 0.271298 0.014651 0.037641
1 0.866853 0.111016 0.008576 0.014770
1 0.722127 0.124833 0.012864 0.016676
0 0.517689 0.111016 0.018511 0.035735
0 0.281447 0.392796 0.019297 0.036688
0 0.403516 0.708214 0.013579 0.019535
2 0.648797 0.705048 0.010583 0.012498
1 0.779874 0.592767 0.008466 0.012095