2 0.578087 0.471698 0.037307 0.072041
2 0.652807 0.587611 0.013359 0.024410
2 0.679773 0.624885 0.026719 0.025069
2 0.738257 0.819369 0.015833 0.030347
2 0.863438 0.899525 0.020781 0.021771
2 0.814949 0.762634 0.014844 0.030347
2 0.825983 0.086423 0.011380 0.026389
2 0.203688 0.395039 0.018802 0.038264
2 0.374390 0.340414 0.018802 0.019792
2 0.152032 0.557989 0.015833 0.029028
2 0.020220 0.844768 0.023750 0.015174
2 0.538214 0.783085 0.023255 0.015833
2 0.481808 0.891608 0.034140 0.031007
2 0.587446 0.834477 0.011875 0.025729
2 0.827319 0.649426 0.017812 0.025069
2 0.950274 0.854268 0.012370 0.024410
2 0.901933 0.580024 0.025729 0.019792
2 0.649591 0.206756 0.013854 0.015833