1 0.584081 0.276026 0.025729 0.038264
0 0.279059 0.414751 0.041595 0.046884
1 0.493839 0.477747 0.026406 0.025278
1 0.537172 0.264963 0.023698 0.033403
1 0.494854 0.175138 0.013542 0.034305
1 0.513474 0.852668 0.018281 0.033403
1 0.618760 0.643225 0.010833 0.031597
1 0.651259 0.768710 0.012187 0.026180
1 0.667509 0.834612 0.014896 0.018958
1 0.695608 0.875688 0.014219 0.039722
1 0.659384 0.853119 0.014896 0.016250
1 0.203710 0.695134 0.018958 0.036111
1 0.247924 0.752009 0.020989 0.023472
1 0.360725 0.597183 0.011510 0.026180
1 0.931367 0.453011 0.014219 0.032500
1 0.806446 0.618398 0.012187 0.030694
1 0.573802 0.125937 0.023021 0.015347
1 0.317866 0.046041 0.014896 0.021667
2 0.733321 0.130902 0.021667 0.023472
2 0.989596 0.386838 0.014219 0.037014
2 0.650041 0.360386 0.048750 0.041527
1 0.986845 0.596660 0.012486 0.015639
2 0.531788 0.675483 0.020749 0.019919
2 0.624329 0.564820 0.008300 0.018813
2 0.631384 0.614895 0.014109 0.017153
2 0.595488 0.697615 0.014524 0.018813
2 0.574531 0.701765 0.017429 0.021579
2 0.560007 0.694019 0.009130 0.020473
2 0.552537 0.712001 0.015769 0.012173
2 0.544445 0.746860 0.014524 0.015493
2 0.520625 0.813036 0.012864 0.015493
2 0.496348 0.739722 0.009960 0.026006
2 0.471242 0.752172 0.016184 0.014386
2 0.448210 0.755215 0.013279 0.016046
2 0.480994 0.784817 0.013279 0.014386
2 0.493236 0.935927 0.018674 0.029326
2 0.506723 0.924307 0.009130 0.023792
2 0.718281 0.963039 0.008300 0.027112
2 0.403558 0.863277 0.007470 0.019919
2 0.374426 0.799646 0.007470 0.017706
2 0.363844 0.763404 0.005395 0.020473
2 0.359487 0.784153 0.012450 0.012173
2 0.352847 0.765341 0.009130 0.014386
2 0.358449 0.748188 0.012864 0.016599
2 0.374218 0.715266 0.011205 0.016046
2 0.380443 0.737675 0.007055 0.019919
2 0.342057 0.726609 0.010790 0.019919
2 0.349734 0.740442 0.007055 0.017706
2 0.338322 0.767001 0.013279 0.017706
2 0.321723 0.802966 0.009960 0.021026
2 0.297861 0.898578 0.014524 0.011066
2 0.287694 0.889172 0.008300 0.026559
2 0.278980 0.893322 0.009130 0.018259
2 0.264248 0.854866 0.004565 0.015493
2 0.275037 0.862613 0.008715 0.022132
2 0.284789 0.848227 0.012450 0.015493
2 0.354922 0.821668 0.010790 0.026559
2 0.248478 0.856250 0.014524 0.016046
2 0.232502 0.879489 0.010790 0.011620
2 0.262173 0.916837 0.017014 0.023239
2 0.261343 0.898025 0.013694 0.017706
2 0.246196 0.899961 0.009960 0.019366
2 0.187061 0.900515 0.013694 0.019366
2 0.165067 0.905494 0.007885 0.022686
2 0.221297 0.811155 0.011620 0.018813
2 0.151580 0.780169 0.014939 0.022132
2 0.167142 0.741991 0.027804 0.015493
2 0.181874 0.707962 0.005810 0.019366
2 0.166934 0.683340 0.010790 0.011066
2 0.187061 0.677807 0.010375 0.004426
2 0.290392 0.715155 0.017844 0.019366
2 0.250138 0.715709 0.012864 0.016046
2 0.224202 0.707685 0.007470 0.022132
2 0.222127 0.732585 0.009960 0.019919
2 0.311348 0.569358 0.015769 0.037625
2 0.318611 0.635755 0.010375 0.026559
2 0.308444 0.670060 0.012450 0.015493
2 0.361976 0.628285 0.014109 0.013833
2 0.379198 0.607259 0.013694 0.011620
2 0.387290 0.589830 0.005810 0.023239
2 0.455555 0.652631 0.011205 0.020473
2 0.218392 0.582084 0.014939 0.012173
2 0.196024 0.740054 0.017014 0.014939
2 0.203702 0.763017 0.014939 0.011066
2 0.224243 0.765230 0.009545 0.032092
1 0.163448 0.800089 0.014109 0.027666
2 0.193742 0.832181 0.010790 0.016599
2 0.143114 0.847120 0.009960 0.013279
2 0.132117 0.827477 0.012035 0.009406
2 0.129005 0.797875 0.011620 0.015493
2 0.110745 0.766613 0.014109 0.020473
2 0.093731 0.790406 0.012450 0.011620
2 0.084394 0.809218 0.012864 0.014939
2 0.080037 0.862613 0.008300 0.025452
2 0.090826 0.889172 0.021579 0.021026
2 0.098503 0.897471 0.017014 0.011066
2 0.091241 0.918497 0.013279 0.015493
2 0.107010 0.869252 0.017429 0.016599
2 0.053063 0.809771 0.014109 0.009406
2 0.055137 0.788469 0.021579 0.011066
2 0.036671 0.806728 0.014524 0.009960
2 0.023184 0.792066 0.015769 0.003873
2 0.014469 0.781553 0.018259 0.014939
2 0.015299 0.800089 0.016599 0.013279
2 0.010942 0.807835 0.014524 0.013279
2 0.006612 0.855696 0.013224 0.008300
2 0.044348 0.757207 0.008300 0.020473
2 0.061362 0.743374 0.010790 0.020473
2 0.096013 0.754717 0.017014 0.012173
2 0.013224 0.762740 0.017429 0.010513
2 0.025466 0.693742 0.017014 0.012173
2 0.107425 0.733027 0.013279 0.009960
2 0.117800 0.714491 0.014109 0.013833
2 0.093938 0.656394 0.014524 0.020473
2 0.024429 0.559785 0.018259 0.028219
2 0.033558 0.518951 0.010790 0.013833
2 0.065927 0.520611 0.014109 0.019366
2 0.067380 0.574835 0.017844 0.014939
2 0.121742 0.507055 0.012864 0.016599
2 0.138342 0.603331 0.021994 0.011066
2 0.157431 0.601948 0.015354 0.011620
2 0.170918 0.607204 0.018259 0.023239
2 0.211794 0.525867 0.011205 0.021026
2 0.176105 0.518121 0.012035 0.024346
2 0.186480 0.499862 0.014524 0.016599
2 0.145396 0.530017 0.014524 0.021579
2 0.111368 0.565152 0.014524 0.014386
2 0.236278 0.504288 0.012035 0.021026
2 0.216566 0.463066 0.013279 0.012726
2 0.309730 0.474686 0.014524 0.012726
2 0.318030 0.457533 0.012035 0.016046
2 0.094146 0.427655 0.010790 0.028219
2 0.109708 0.394179 0.017844 0.014386
2 0.144981 0.425718 0.013694 0.008853
2 0.180463 0.399436 0.014109 0.010513
2 0.220716 0.269684 0.015769 0.040945
2 0.232128 0.271067 0.007885 0.020473
2 0.238934 0.342389 0.014524 0.023239
2 0.257193 0.254689 0.008715 0.019366
2 0.303049 0.280418 0.013279 0.009960
2 0.308236 0.293974 0.011205 0.021579
2 0.365089 0.299231 0.011205 0.022132
2 0.339360 0.388425 0.007885 0.018813
2 0.363014 0.389531 0.007055 0.023239
2 0.325458 0.426880 0.009130 0.021579
2 0.312801 0.424390 0.008715 0.022132
2 0.305539 0.411940 0.014109 0.011620
2 0.250761 0.406131 0.016599 0.008853
2 0.451364 0.416256 0.011620 0.022686
2 0.464021 0.417640 0.010375 0.011066
2 0.626114 0.268743 0.012035 0.021579
2 0.559924 0.299452 0.013279 0.012173
2 0.622379 0.330438 0.009545 0.014386
2 0.756584 0.330714 0.021164 0.011620
2 0.769449 0.214796 0.007055 0.019919
2 0.738948 0.088530 0.010790 0.021026
2 0.479583 0.056272 0.010790 0.018259
2 0.527513 0.144802 0.009545 0.021579
2 0.401151 0.174404 0.012450 0.011066
2 0.519629 0.271510 0.008715 0.022686
2 0.247482 0.130139 0.020334 0.023239
2 0.352556 0.376805 0.007055 0.015493
2 0.544279 0.583965 0.013694 0.018813
2 0.500705 0.597245 0.014524 0.024346
2 0.450285 0.629890 0.014109 0.012173
2 0.421444 0.601671 0.010375 0.015493
2 0.571045 0.536380 0.019089 0.012173
2 0.578722 0.528634 0.009545 0.011066
2 0.502946 0.635976 0.010707 0.011509
2 0.605489 0.777015 0.012450 0.027112
2 0.460743 0.847009 0.012450 0.009960
2 0.437503 0.876999 0.010790 0.015493
2 0.570713 0.938140 0.012450 0.010513
2 0.693465 0.333094 0.010790 0.030985
1 0.625699 0.429204 0.012035 0.011620
1 0.726747 0.525480 0.009960 0.018259
1 0.640223 0.534056 0.007055 0.009960
1 0.664292 0.529630 0.006225 0.007746
1 0.677157 0.511094 0.006225 0.010513
1 0.577353 0.402921 0.006640 0.011066
1 0.523613 0.388812 0.007885 0.012726
1 0.508300 0.220993 0.009960 0.011066
1 0.784679 0.143252 0.011620 0.011620
1 0.993416 0.700382 0.008300 0.015493
1 0.969139 0.584795 0.005395 0.008300
1 0.978891 0.589222 0.011620 0.010513
1 0.838627 0.595861 0.006640 0.011620
1 0.811860 0.679135 0.006225 0.012173
1 0.795468 0.730593 0.009960 0.009960
1 0.675746 0.714270 0.007055 0.011620
1 0.657486 0.622420 0.005395 0.010513
1 0.633832 0.648149 0.005395 0.009960
1 0.586524 0.622697 0.007885 0.012173
1 0.544818 0.549438 0.006640 0.011066
1 0.522409 0.527306 0.008300 0.012173
1 0.507885 0.552758 0.006640 0.008853
1 0.448542 0.577934 0.006640 0.008300
1 0.515562 0.631605 0.007885 0.008300
1 0.558098 0.665081 0.006640 0.008853
1 0.482571 0.657445 0.005810 0.009960
1 0.528094 0.909921 0.007055 0.014939
1 0.991133 0.753002 0.007885 0.010513
1 0.990511 0.890223 0.007470 0.010513
1 0.961254 0.897693 0.007055 0.012173
1 0.969347 0.720356 0.006640 0.009406
1 0.294583 0.992641 0.009960 0.008853
1 0.143737 0.933713 0.012035 0.011620
2 0.108670 0.993748 0.031539 0.012173
2 0.043725 0.841587 0.013694 0.019919
1 0.126307 0.701046 0.009545 0.013279
1 0.351145 0.517291 0.009545 0.017153
1 0.108463 0.468600 0.011205 0.019366
1 0.193327 0.611686 0.009130 0.012726
1 0.338779 0.282189 0.010375 0.012173
3 0.461862 0.620551 0.015277 0.018761