0 0.583112 0.059397 0.017287 0.028369
0 0.546543 0.627660 0.023936 0.023050
0 0.504654 0.297872 0.009309 0.026596
0 0.677527 0.402482 0.022606 0.015957
0 0.706782 0.687057 0.014628 0.021277
0 0.721410 0.628546 0.017287 0.024823
0 0.234707 0.972518 0.022606 0.031915
0 0.369016 0.912234 0.009309 0.021277
0 0.388963 0.867021 0.009309 0.015957
0 0.458777 0.867908 0.013298 0.024823
0 0.495346 0.635638 0.009309 0.024823
0 0.501995 0.681738 0.017287 0.028369
0 0.404255 0.676418 0.013298 0.021277
0 0.410904 0.707447 0.015957 0.026596
0 0.371011 0.619681 0.015957 0.014184
0 0.363697 0.653369 0.014628 0.017730
0 0.506649 0.482270 0.021277 0.026596
0 0.692154 0.952128 0.022606 0.023050
0 0.818484 0.469858 0.009309 0.033688
0 0.835106 0.507979 0.023936 0.010638
0 0.798537 0.551418 0.014628 0.023050
0 0.513963 0.776596 0.009309 0.015957
0 0.632314 0.067376 0.011968 0.015957
0 0.686170 0.083333 0.018617 0.015957
0 0.232048 0.046986 0.017287 0.031915
0 0.767287 0.863475 0.015957 0.047872
0 0.591755 0.675532 0.018617 0.023050
0 0.640957 0.593972 0.015957 0.019504
0 0.681516 0.597518 0.017287 0.019504
0 0.418218 0.563830 0.014628 0.019504
0 0.301862 0.496454 0.010638 0.015957
0 0.355053 0.843085 0.021277 0.035461
0 0.570479 0.851950 0.013298 0.014184
0 0.567819 0.795213 0.010638 0.010638
0 0.919548 0.082447 0.009309 0.024823
0 0.886303 0.334220 0.014628 0.021277
0 0.931516 0.322695 0.011968 0.015957
2 0.910904 0.387411 0.023936 0.042553
2 0.839761 0.753546 0.009309 0.019504
2 0.631649 0.964539 0.013298 0.030142
2 0.430851 0.271277 0.015957 0.026596
2 0.367021 0.250887 0.015957 0.021277
2 0.551862 0.332447 0.029255 0.053191
2 0.337101 0.395390 0.011968 0.015957
2 0.367021 0.421099 0.015957 0.028369
2 0.255984 0.117021 0.014628 0.023050
2 0.188165 0.199468 0.025266 0.010638
3 0.658910 0.448582 0.022606 0.023050
0 0.698803 0.140957 0.017287 0.017730
0 0.768617 0.433511 0.015957 0.024823
0 0.438830 0.142730 0.013298 0.010638
0 0.495346 0.119681 0.014628 0.028369
0 0.393617 0.050532 0.010638 0.014184
0 0.277261 0.296986 0.011968 0.024823
0 0.250000 0.280142 0.021277 0.019504
0 0.214761 0.291667 0.017287 0.024823
0 0.297207 0.585106 0.011968 0.019504
0 0.296543 0.705674 0.013298 0.012411
0 0.295213 0.739362 0.010638 0.023050
0 0.253989 0.720745 0.010638 0.014184
0 0.232713 0.797872 0.013298 0.019504
0 0.390957 0.783688 0.018617 0.015957
0 0.481383 0.535461 0.023936 0.019504
0 0.680851 0.261525 0.023936 0.010638
0 0.746676 0.312943 0.009309 0.010638
0 0.769947 0.546986 0.021277 0.021277
0 0.857713 0.543440 0.010638 0.021277
0 0.896941 0.588652 0.017287 0.015957
0 0.994016 0.398936 0.011968 0.015957
0 0.963431 0.617908 0.019947 0.031915
0 0.912234 0.703014 0.007979 0.014184
3 0.408910 0.935284 0.030585 0.042553
3 0.161569 0.133865 0.019947 0.031915