1 0.282112 0.066961 0.031172 0.028368
1 0.586308 0.029357 0.014349 0.019132
1 0.451230 0.157673 0.013359 0.021111
1 0.670174 0.075208 0.023750 0.017153
1 0.717426 0.103576 0.009401 0.023750
1 0.675864 0.147447 0.013359 0.028368
1 0.601646 0.159652 0.010391 0.027708
1 0.700455 0.199828 0.009896 0.021771
1 0.675963 0.177068 0.017318 0.013194
1 0.902032 0.211242 0.017812 0.027708
1 0.948542 0.225755 0.009896 0.015833
1 0.924050 0.385143 0.015338 0.026389
1 0.961901 0.399327 0.011875 0.024410
1 0.765965 0.262568 0.011875 0.034305
1 0.823361 0.381317 0.023750 0.015833
1 0.665870 0.352949 0.017318 0.036944
1 0.616143 0.292915 0.015833 0.032986
1 0.584873 0.362977 0.009896 0.026389
1 0.666018 0.438316 0.017812 0.022430
1 0.804806 0.501253 0.011380 0.018472
1 0.836225 0.518076 0.015833 0.017812
1 0.894363 0.569864 0.016328 0.019792
1 0.890652 0.600871 0.015833 0.027708
1 0.931719 0.688283 0.012864 0.020451
1 0.915144 0.841602 0.017318 0.017812
1 0.937162 0.980340 0.011875 0.025069
1 0.811733 0.784734 0.015338 0.019132
1 0.830782 0.978031 0.018802 0.011215
1 0.722770 0.791991 0.018307 0.016493
1 0.741077 0.741523 0.013359 0.022430
1 0.749984 0.740203 0.012370 0.019792
1 0.708025 0.788363 0.011380 0.026389
1 0.704067 0.899195 0.022265 0.015833
1 0.672153 0.856643 0.011875 0.025729
1 0.662010 0.813762 0.022265 0.020451
1 0.688679 0.758543 0.016823 0.017153
1 0.650086 0.709724 0.010885 0.027708
1 0.619211 0.733606 0.015833 0.027708
1 0.605604 0.750099 0.020286 0.029028
1 0.642219 0.990500 0.019297 0.019000
1 0.686750 0.995448 0.019297 0.009104
1 0.565526 0.820029 0.011380 0.026389
1 0.576659 0.790342 0.020781 0.019792
1 0.565032 0.764943 0.012370 0.031007
1 0.569485 0.732616 0.016328 0.017812
1 0.436139 0.812442 0.012864 0.021771
1 0.422236 0.729978 0.018307 0.011215
1 0.521144 0.668426 0.022760 0.019792
1 0.570920 0.626006 0.018802 0.019132
1 0.627573 0.596979 0.021276 0.021771
1 0.726728 0.510292 0.017318 0.017812
1 0.725492 0.491160 0.007917 0.004618
1 0.573394 0.449268 0.017812 0.018472
1 0.572899 0.419910 0.016823 0.015174
1 0.537027 0.504024 0.012370 0.025069
1 0.486756 0.451907 0.024245 0.023750
1 0.402395 0.407706 0.017812 0.014514
1 0.381119 0.435414 0.018802 0.023750
1 0.479582 0.543805 0.014844 0.024410
1 0.456574 0.556670 0.014349 0.021111
1 0.492941 0.580749 0.015833 0.020451
1 0.460532 0.610767 0.015338 0.032986
1 0.445936 0.639794 0.020781 0.013194
1 0.449894 0.689933 0.001979 0.002639
1 0.385819 0.828078 0.019297 0.014514
1 0.465728 0.764415 0.009896 0.015174
1 0.080090 0.980868 0.021771 0.026389
1 0.123384 0.805383 0.019297 0.015833
1 0.100376 0.590249 0.014844 0.019132
1 0.069452 0.559573 0.023255 0.018472
1 0.037291 0.391476 0.017318 0.015833
2 0.111756 0.109843 0.009896 0.021771
2 0.317291 0.055944 0.008906 0.025069
2 0.493436 0.038462 0.009896 0.016493
2 0.417981 0.203061 0.013359 0.010555
2 0.455040 0.345230 0.013854 0.009896
2 0.536186 0.349518 0.009896 0.013194
1 0.607930 0.210054 0.013854 0.022430
2 0.790705 0.278005 0.011875 0.010555
2 0.908959 0.175749 0.006927 0.019792
2 0.957201 0.275894 0.013359 0.010555
2 0.769181 0.392136 0.007422 0.018472
2 0.726382 0.422483 0.011875 0.014514
2 0.667997 0.414567 0.011875 0.011875
2 0.710054 0.503628 0.012864 0.029028
2 0.764728 0.546510 0.011380 0.011875
2 0.689026 0.539847 0.011380 0.017812
2 0.615797 0.533580 0.016328 0.011875
1 0.689520 0.702797 0.012370 0.013854
2 0.875462 0.745943 0.010391 0.025729
2 0.669432 0.913973 0.006432 0.017153
2 0.653351 0.747064 0.007917 0.017153
2 0.508873 0.800172 0.013854 0.012535
2 0.493287 0.898140 0.005443 0.021111
1 0.799363 0.895897 0.012370 0.013194
1 0.904011 0.782755 0.018802 0.016493
1 0.434853 0.507521 0.007917 0.020451
1 0.325999 0.549743 0.009896 0.012535