0 0.757314 0.448582 0.014628 0.026596
0 0.602394 0.258865 0.023936 0.030142
0 0.841755 0.740248 0.029255 0.031915
0 0.605718 0.976950 0.022606 0.030142
0 0.301862 0.890957 0.015957 0.028369
2 0.873005 0.452128 0.025266 0.015957
2 0.667553 0.455674 0.013298 0.026596
2 0.557181 0.446809 0.021277 0.023050
2 0.255984 0.645390 0.017287 0.026596
2 0.666223 0.400709 0.015957 0.023050
1 0.843750 0.246454 0.006649 0.012411
1 0.930851 0.500887 0.021277 0.021277
1 0.739362 0.689716 0.015957 0.033688
1 0.736702 0.650709 0.021277 0.012411
1 0.708777 0.476064 0.010638 0.028369
1 0.570479 0.650709 0.018617 0.019504
1 0.499335 0.644504 0.022606 0.014184
1 0.269947 0.599291 0.013298 0.012411
1 0.335771 0.562943 0.011968 0.017730
1 0.300532 0.407801 0.010638 0.015957
1 0.270612 0.433511 0.014628 0.024823
1 0.285904 0.428191 0.023936 0.021277
1 0.095080 0.558511 0.022606 0.023050
1 0.429521 0.876773 0.010638 0.014184
1 0.228723 0.843085 0.010638 0.021277
1 0.216755 0.815603 0.010638 0.019504
1 0.664229 0.508865 0.014628 0.019504
1 0.754654 0.107270 0.017287 0.017730
1 0.752660 0.023050 0.005319 0.015957
1 0.669548 0.043440 0.011968 0.010638
1 0.906915 0.237589 0.013298 0.012411
1 0.700798 0.966312 0.010638 0.015957
1 0.903590 0.823582 0.017287 0.031915
1 0.931516 0.670213 0.025266 0.023050
1 0.291223 0.264184 0.021277 0.030142
1 0.269282 0.234929 0.011968 0.014184
1 0.412234 0.257092 0.010638 0.019504
1 0.463431 0.271277 0.006649 0.012411
1 0.474069 0.187057 0.006649 0.007092
1 0.382314 0.617908 0.009309 0.031915
1 0.210771 0.750000 0.014628 0.019504
1 0.186170 0.806738 0.013298 0.040780
1 0.267287 0.901596 0.010638 0.021277
1 0.282580 0.964539 0.009309 0.026596
1 0.328457 0.893617 0.015957 0.019504