0 0.311835 0.661348 0.025266 0.026596
0 0.212101 0.179965 0.019947 0.028369
0 0.242021 0.578901 0.018617 0.017730
0 0.264628 0.703014 0.015957 0.024823
0 0.368351 0.741135 0.021277 0.023050
0 0.484043 0.536348 0.013298 0.024823
1 0.820479 0.517730 0.010638 0.026596
1 0.942819 0.419326 0.013298 0.014184
1 0.875000 0.541667 0.013298 0.035461
1 0.374335 0.804965 0.022606 0.023050
1 0.401596 0.839539 0.013298 0.028369
1 0.422207 0.790780 0.011968 0.008865
1 0.433511 0.835106 0.007979 0.019504
1 0.426862 0.870567 0.015957 0.023050
1 0.281250 0.804965 0.011968 0.012411
1 0.305186 0.810284 0.011968 0.040780
1 0.293883 0.841312 0.018617 0.010638
1 0.215426 0.886525 0.010638 0.023050
1 0.237367 0.875887 0.011968 0.023050
1 0.354388 0.899823 0.006649 0.007092
1 0.381649 0.890071 0.010638 0.008865
1 0.398936 0.875887 0.005319 0.012411
1 0.452793 0.965426 0.017287 0.021277
1 0.434840 0.910461 0.015957 0.014184
1 0.388963 0.922872 0.011968 0.007092
1 0.380984 0.958333 0.011968 0.014184
1 0.403590 0.953014 0.019947 0.028369
1 0.353059 0.928191 0.014628 0.024823
1 0.341755 0.982270 0.013298 0.012411
1 0.208112 0.974291 0.011968 0.021277
1 0.150931 0.925532 0.025266 0.019504
1 0.147606 0.250000 0.018617 0.019504
1 0.577128 0.679965 0.013298 0.024823
1 0.621676 0.695922 0.014628 0.017730
1 0.553191 0.790780 0.013298 0.023050
1 0.756649 0.970745 0.021277 0.031915
1 0.525266 0.808511 0.013298 0.030142
1 0.496011 0.843085 0.010638 0.014184
1 0.824468 0.786348 0.023936 0.014184
1 0.852394 0.749113 0.010638 0.010638
1 0.835106 0.764184 0.007979 0.012411
1 0.823803 0.616135 0.014628 0.021277
1 0.812500 0.903369 0.015957 0.014184
1 0.530585 0.942376 0.010638 0.014184
1 0.567154 0.941489 0.014628 0.023050
1 0.494016 0.983156 0.019947 0.014184
1 0.513298 0.989805 0.010638 0.020390
1 0.399601 0.904255 0.011968 0.008865
2 0.317819 0.352837 0.013298 0.019504
2 0.918218 0.738475 0.009309 0.035461
2 0.909574 0.860816 0.013298 0.028369
2 0.930851 0.845745 0.010638 0.030142
2 0.972074 0.872340 0.010638 0.023050
2 0.971410 0.666667 0.022606 0.012411
2 0.952128 0.792553 0.013298 0.023050
2 0.547872 0.831560 0.010638 0.030142
2 0.353723 0.627660 0.010638 0.015957
1 0.463431 0.567376 0.019947 0.019504
1 0.837766 0.930851 0.013298 0.023050
1 0.572473 0.599291 0.017287 0.023050
1 0.587766 0.610816 0.013298 0.017730
1 0.696809 0.710106 0.010638 0.010638
1 0.586436 0.742908 0.010638 0.012411
1 0.656915 0.781915 0.010638 0.012411
1 0.950133 0.317376 0.011968 0.026596
1 0.861702 0.189716 0.013298 0.015957
1 0.877660 0.242908 0.005319 0.015957
1 0.878324 0.180851 0.011968 0.019504
1 0.147606 0.707447 0.010638 0.015957
1 0.126330 0.791667 0.010638 0.017730
1 0.136303 0.127660 0.014628 0.023050
1 0.150266 0.085993 0.015957 0.014184
1 0.383644 0.519504 0.014628 0.026596
1 0.255319 0.524823 0.013298 0.015957
1 0.267952 0.591312 0.019947 0.028369
1 0.457447 0.656915 0.007979 0.017730
1 0.187500 0.699468 0.015957 0.024823
1 0.215426 0.679965 0.013298 0.021277
1 0.964096 0.748227 0.010638 0.008865
1 0.969415 0.800532 0.010638 0.007092
1 0.649601 0.510638 0.009309 0.015957
1 0.662234 0.548759 0.010638 0.014184
1 0.630319 0.622340 0.005319 0.005319