0 0.091810 0.477702 0.034734 0.070326
0 0.918997 0.108919 0.037307 0.084048
0 0.750472 0.574614 0.027015 0.054889
0 0.632118 0.298456 0.060463 0.030875
2 0.663636 0.372213 0.020583 0.048027
0 0.585806 0.200686 0.027015 0.034305
0 0.283491 0.290738 0.032161 0.036021
1 0.556218 0.013722 0.016724 0.024014
1 0.909991 0.472556 0.019297 0.015437
1 0.897770 0.581475 0.012864 0.027444
1 0.950515 0.496569 0.015437 0.025729
1 0.800643 0.290738 0.019297 0.022298
1 0.715738 0.238422 0.016724 0.027444
1 0.669425 0.267581 0.014151 0.017153
1 0.515312 0.062536 0.018761 0.027873
1 0.223136 0.173545 0.021189 0.018162
1 0.139895 0.137726 0.022702 0.013117
1 0.055292 0.578045 0.019675 0.017153
1 0.177505 0.609827 0.009838 0.018162
1 0.262637 0.631016 0.016648 0.016144
1 0.335662 0.656241 0.012864 0.022198
1 0.649405 0.543537 0.018918 0.023207
1 0.394007 0.740793 0.021189 0.012108
1 0.448492 0.548078 0.019675 0.012108
1 0.533246 0.896479 0.009081 0.029260
1 0.985168 0.828877 0.007567 0.027242
1 0.941656 0.812229 0.008324 0.022198
1 0.982141 0.991878 0.010594 0.016244
1 0.863107 0.961053 0.007113 0.025224
1 0.603017 0.593583 0.012108 0.015135
1 0.891711 0.212895 0.012864 0.024216
1 0.572596 0.299667 0.016648 0.018162
1 0.562380 0.293613 0.018918 0.016144
1 0.012764 0.911613 0.018162 0.025224
1 0.065357 0.841994 0.014378 0.019171
1 0.282161 0.682575 0.013621 0.019171
1 0.190975 0.623550 0.011351 0.018162
1 0.159949 0.589244 0.015891 0.008072
1 0.155030 0.526183 0.012108 0.013117
1 0.074816 0.652306 0.010594 0.013117
1 0.672636 0.840480 0.015135 0.014126
1 0.677934 0.880839 0.010594 0.016144
1 0.703663 0.730501 0.015135 0.018162
1 0.881495 0.812733 0.012108 0.013117
1 0.743391 0.926748 0.012864 0.015135
1 0.547018 0.719302 0.009081 0.015135
1 0.661285 0.460095 0.010594 0.018162
1 0.556705 0.442942 0.012108 0.010090
1 0.213677 0.909595 0.012864 0.017153
2 0.244703 0.826355 0.018918 0.016144
2 0.599536 0.875290 0.019675 0.025224
2 0.629049 0.887902 0.016648 0.020180
2 0.605590 0.899506 0.007567 0.023207
2 0.554889 0.687115 0.021189 0.022198
2 0.847821 0.499344 0.023459 0.021189
2 0.850091 0.876299 0.015891 0.017153
2 0.982141 0.908082 0.012108 0.028251
2 0.372364 0.913631 0.018162 0.025224
2 0.321284 0.769347 0.012864 0.027242
2 0.415498 0.583695 0.019675 0.017153
2 0.498360 0.584199 0.009838 0.018162
2 0.566088 0.503481 0.016648 0.016144
2 0.690193 0.606397 0.016648 0.018162
2 0.572142 0.804157 0.012108 0.016144
2 0.584250 0.947937 0.030269 0.045404
2 0.469983 0.881344 0.016648 0.013117
2 0.753229 0.390475 0.008324 0.016144
2 0.369791 0.317324 0.016648 0.015135
2 0.108112 0.828877 0.010594 0.017153
2 0.125517 0.781959 0.015135 0.016144
2 0.138382 0.764302 0.012108 0.019171
2 0.027520 0.646050 0.011351 0.023207
2 0.518641 0.694683 0.009838 0.017153
2 0.722959 0.578145 0.021945 0.014126
2 0.570780 0.562204 0.010594 0.014126
2 0.784255 0.268389 0.011351 0.016144
2 0.248108 0.359197 0.010594 0.022198
1 0.150868 0.298154 0.009838 0.017153
1 0.538997 0.733528 0.010594 0.014126
1 0.417541 0.905559 0.017405 0.011099
1 0.423973 0.920694 0.015135 0.013117
1 0.873474 0.964080 0.010594 0.015135
1 0.832989 0.946423 0.009838 0.016144
1 0.262108 0.768843 0.011351 0.016144
1 0.794092 0.327414 0.014378 0.021189
1 0.187569 0.681566 0.010594 0.015135
1 0.334754 0.794067 0.012864 0.018162