1 0.535904 0.229610 0.018617 0.039007
1 0.947473 0.297872 0.009309 0.023050
1 0.464761 0.624113 0.017287 0.015957
1 0.482713 0.553191 0.015957 0.030142
1 0.536569 0.718972 0.019947 0.021277
1 0.507314 0.765957 0.014628 0.033688
1 0.404255 0.803191 0.013298 0.026596
1 0.625665 0.933511 0.017287 0.031915
1 0.875000 0.446809 0.010638 0.037234
1 0.344415 0.176418 0.018617 0.028369
1 0.408910 0.286348 0.011968 0.017730
1 0.442154 0.222518 0.017287 0.017730
1 0.607048 0.151596 0.025266 0.014184
1 0.640957 0.464539 0.013298 0.019504
1 0.662234 0.610816 0.018617 0.017730
1 0.806516 0.677305 0.009309 0.026596
1 0.824468 0.580674 0.013298 0.017730
1 0.781915 0.552305 0.026596 0.024823
1 0.202793 0.783688 0.025266 0.023050
1 0.212766 0.836879 0.018617 0.023050
1 0.271277 0.284574 0.013298 0.017730
1 0.202793 0.441489 0.014628 0.015957
1 0.485372 0.423759 0.010638 0.026596
1 0.654255 0.351950 0.013298 0.017730
1 0.674867 0.317376 0.017287 0.012411
2 0.617686 0.238475 0.009309 0.007092
2 0.569814 0.320035 0.017287 0.017730
2 0.519947 0.467199 0.023936 0.021277
2 0.531250 0.534574 0.011968 0.010638
1 0.480053 0.620567 0.015957 0.012411
1 0.556516 0.518617 0.011968 0.021277
1 0.560505 0.588652 0.011968 0.012411
1 0.589761 0.681738 0.006649 0.014184
1 0.591755 0.705674 0.010638 0.008865
1 0.661569 0.724291 0.014628 0.021277
1 0.599734 0.633865 0.013298 0.021277
1 0.669548 0.632092 0.014628 0.017730
1 0.595745 0.615248 0.026596 0.030142
1 0.743351 0.432624 0.018617 0.019504
1 0.744681 0.518617 0.013298 0.024823
1 0.777926 0.312057 0.010638 0.015957
1 0.730053 0.304078 0.013298 0.014184
1 0.209441 0.735816 0.011968 0.015957
1 0.492021 0.844858 0.013298 0.017730
1 0.537234 0.763298 0.018617 0.024823
1 0.593085 0.568262 0.010638 0.010638
2 0.406915 0.648936 0.015957 0.026596
2 0.980053 0.927305 0.023936 0.040780
2 0.666888 0.764184 0.011968 0.015957
2 0.881649 0.944149 0.007979 0.014184
2 0.866356 0.866135 0.009309 0.017730
2 0.940160 0.359929 0.010638 0.026596
2 0.914894 0.533688 0.013298 0.023050
2 0.446144 0.785461 0.019947 0.012411
2 0.521277 0.077128 0.015957 0.014184
1 0.935505 0.712766 0.006649 0.012411
1 0.934840 0.565603 0.005319 0.005319
1 0.549202 0.286348 0.013298 0.017730
1 0.176862 0.054965 0.018617 0.030142
1 0.230053 0.023936 0.021277 0.017730
1 0.091090 0.125887 0.009309 0.012411
1 0.073138 0.447695 0.015957 0.021277
1 0.113032 0.601950 0.010638 0.017730
1 0.119681 0.440603 0.010638 0.021277
1 0.138298 0.361702 0.005319 0.005319