0 0.553191 0.129433 0.013298 0.019504
0 0.930186 0.203014 0.011968 0.017730
0 0.918883 0.313830 0.018617 0.015957
0 0.831117 0.374113 0.015957 0.023050
0 0.866356 0.365248 0.019947 0.015957
0 0.766622 0.441489 0.014628 0.023050
0 0.617021 0.526596 0.010638 0.019504
0 0.563165 0.616135 0.014628 0.017730
0 0.553191 0.445035 0.018617 0.023050
0 0.698803 0.382092 0.019947 0.028369
0 0.688830 0.516844 0.010638 0.014184
0 0.675532 0.723404 0.013298 0.030142
0 0.734043 0.750887 0.018617 0.017730
0 0.583112 0.696809 0.014628 0.012411
0 0.582447 0.726950 0.018617 0.030142
0 0.605718 0.663121 0.017287 0.019504
0 0.526596 0.524823 0.010638 0.026596
0 0.441489 0.876773 0.013298 0.024823
0 0.517952 0.976064 0.011968 0.021277
0 0.285239 0.944149 0.014628 0.021277
0 0.281250 0.734043 0.019947 0.019504
0 0.478059 0.783688 0.011968 0.023050
1 0.755319 0.292553 0.010638 0.012411
1 0.799867 0.425532 0.011968 0.012411
1 0.838431 0.592199 0.009309 0.023050
1 0.875000 0.673759 0.007979 0.019504
1 0.911569 0.650709 0.011968 0.015957
1 0.890957 0.708333 0.007979 0.014184
1 0.736037 0.620567 0.017287 0.023050
1 0.701463 0.697695 0.009309 0.014184
1 0.723404 0.861702 0.015957 0.023050
2 0.386968 0.516844 0.015957 0.021277
2 0.724069 0.925532 0.017287 0.015957
2 0.170213 0.731383 0.005319 0.003546
2 0.591090 0.641844 0.009309 0.019504
2 0.588431 0.584220 0.009309 0.017730
2 0.408245 0.570922 0.013298 0.012411
2 0.378989 0.029255 0.023936 0.014184
2 0.699468 0.670213 0.010638 0.019504
2 0.859707 0.754433 0.019947 0.017730
2 0.930186 0.762411 0.017287 0.019504
2 0.542553 0.929965 0.010638 0.021277
2 0.474069 0.759752 0.009309 0.014184
2 0.501330 0.612589 0.007979 0.010638
2 0.505319 0.507092 0.007979 0.015957
2 0.497340 0.538121 0.013298 0.014184
2 0.480053 0.327128 0.010638 0.017730
2 0.713431 0.631206 0.006649 0.008865