1 0.402487 0.439108 0.020583 0.034305
1 0.804865 0.415190 0.020726 0.046693
1 0.928864 0.640080 0.031447 0.025729
1 0.644773 0.539070 0.012150 0.023823
1 0.651563 0.642462 0.021441 0.045740
1 0.511983 0.545264 0.016438 0.017153
1 0.441586 0.384696 0.011435 0.027635
1 0.426577 0.523347 0.022870 0.040023
1 0.446589 0.682962 0.032876 0.027635
1 0.457309 0.694397 0.008576 0.018106
1 0.332237 0.714885 0.011435 0.022870
1 0.429079 0.809224 0.013579 0.032399
2 0.889556 0.719745 0.012864 0.031447
2 0.902778 0.734039 0.010720 0.025729
1 0.839527 0.947017 0.010006 0.020964
1 0.978535 0.076234 0.016438 0.041929
1 0.937440 0.195350 0.014294 0.013341
1 0.756623 0.440252 0.022870 0.017153
1 0.593958 0.181342 0.012864 0.025729
1 0.597175 0.095102 0.012150 0.022870
1 0.389842 0.169811 0.014294 0.022870
1 0.267986 0.196493 0.013579 0.019059
1 0.611713 0.845054 0.012864 0.012475
1 0.562789 0.863506 0.017153 0.014034
1 0.750494 0.794480 0.010525 0.024430
1 0.924515 0.839441 0.012085 0.012475
1 0.164551 0.406289 0.015437 0.017153
2 0.457762 0.117430 0.015338 0.021111
2 0.355093 0.010226 0.027708 0.020451
2 0.356330 0.321942 0.010391 0.023750
2 0.281864 0.247394 0.007917 0.021111
2 0.486459 0.295356 0.013359 0.021771
2 0.467410 0.344505 0.018802 0.013194
2 0.506251 0.480736 0.010391 0.019132
2 0.566120 0.579364 0.013359 0.021111
2 0.539896 0.682610 0.013359 0.023090
2 0.417436 0.638739 0.017812 0.013194
2 0.331096 0.507125 0.012370 0.025729
2 0.277411 0.561552 0.010885 0.022430
2 0.270979 0.545718 0.013854 0.015833
2 0.219521 0.527576 0.009896 0.021771
2 0.221500 0.628183 0.017812 0.013194
2 0.307841 0.729120 0.015338 0.011875
2 0.253414 0.764151 0.017318 0.011215
2 0.239807 0.779654 0.015833 0.013194
2 0.228180 0.792519 0.016328 0.013854
2 0.248466 0.937129 0.012370 0.028368
2 0.221995 0.913379 0.014844 0.012535
2 0.322684 0.757356 0.010391 0.027708
2 0.372411 0.735255 0.010885 0.019132
2 0.360288 0.734266 0.010391 0.018472
2 0.377111 0.686436 0.016328 0.008576
2 0.408283 0.712165 0.017318 0.012535
2 0.387502 0.728988 0.013359 0.010555
2 0.339012 0.866869 0.011380 0.023750
2 0.315015 0.853345 0.008906 0.025729
2 0.319963 0.885671 0.010885 0.024410
2 0.388739 0.894907 0.015833 0.019132
2 0.338270 0.907112 0.013854 0.010555
2 0.397645 0.874456 0.010885 0.019132
2 0.435496 0.905792 0.014349 0.018472
2 0.449103 0.902824 0.011875 0.029687
2 0.405561 0.939438 0.007917 0.018472
2 0.470131 0.838501 0.012370 0.023750
2 0.465678 0.820029 0.018307 0.011875
2 0.483243 0.805185 0.008906 0.016493
2 0.526785 0.776488 0.016823 0.019792
2 0.508477 0.786383 0.009896 0.018472
2 0.470379 0.723710 0.010885 0.022430
2 0.466915 0.749769 0.013854 0.019132
2 0.658794 0.675221 0.015833 0.009896
2 0.671164 0.653450 0.017812 0.013854
2 0.621190 0.800567 0.011875 0.023090
2 0.572453 0.821348 0.012370 0.018472
2 0.562805 0.751418 0.007917 0.026389
2 0.571464 0.757686 0.008411 0.040243
2 0.565032 0.846088 0.015338 0.011215
2 0.634747 0.905792 0.009896 0.021111
2 0.613224 0.907442 0.014349 0.011215
2 0.612482 0.927233 0.015833 0.012535
2 0.687195 0.908101 0.007917 0.019132
2 0.636578 0.850904 0.011380 0.027708
2 0.656370 0.853873 0.014349 0.019132
2 0.712775 0.786581 0.014349 0.025729
2 0.752111 0.723248 0.019792 0.015174
2 0.729351 0.704776 0.008906 0.027048
2 0.744194 0.740731 0.009896 0.025069
2 0.764481 0.702467 0.016823 0.023750
2 0.797384 0.736113 0.000495 0.000000
2 0.842657 0.701874 0.014844 0.019132
2 0.873087 0.748054 0.012370 0.024410
2 0.848347 0.788297 0.017318 0.020451
2 0.912917 0.793574 0.010885 0.029687
2 0.905001 0.766196 0.012864 0.014514
2 0.922813 0.691978 0.010885 0.023090
2 0.997031 0.677794 0.005937 0.023750
2 0.987878 0.687360 0.011380 0.023090
2 0.966354 0.688679 0.016823 0.015174
2 0.943842 0.783349 0.008411 0.022430
2 0.931967 0.779390 0.009401 0.022430
2 0.977982 0.811915 0.010391 0.019132
2 0.948295 0.826758 0.016328 0.029028
2 0.967839 0.838303 0.011875 0.021771
2 0.956953 0.882834 0.001979 0.023750
2 0.676656 0.860074 0.004453 0.013854
2 0.790457 0.891213 0.013359 0.023090
2 0.916381 0.900185 0.015833 0.034965
2 0.887188 0.909421 0.015833 0.020451
2 0.938646 0.420042 0.007917 0.021771
2 0.750379 0.636430 0.014349 0.019132
2 0.995794 0.849386 0.008411 0.020451
2 0.995300 0.799908 0.008411 0.023090
2 0.743947 0.866209 0.007422 0.018472
1 0.626930 0.759995 0.009896 0.029028
2 0.664286 0.796609 0.015338 0.020451
2 0.698179 0.729648 0.011875 0.010555
2 0.777593 0.731297 0.015338 0.012535
1 0.765223 0.738554 0.013359 0.025729
1 0.650432 0.726679 0.009401 0.013854
2 0.539105 0.820029 0.012370 0.018472
2 0.554196 0.811453 0.015833 0.013194
1 0.983919 0.021771 0.014349 0.009236
1 0.728114 0.258939 0.011380 0.017812
1 0.839194 0.334807 0.013854 0.027048
1 0.690015 0.344966 0.010391 0.011215
1 0.544894 0.731891 0.008906 0.010555
1 0.371025 0.770484 0.010885 0.011215
1 0.380179 0.822932 0.010391 0.010555
1 0.384879 0.849650 0.006927 0.013854
1 0.343812 0.834147 0.009896 0.015833
1 0.889910 0.824779 0.010391 0.013194
1 0.605852 0.826626 0.005937 0.009236
1 0.401207 0.537142 0.009896 0.010555