1 0.242686 0.406915 0.019947 0.021277
1 0.452793 0.458333 0.019947 0.021277
0 0.594415 0.085106 0.013298 0.023050
0 0.848404 0.739362 0.015957 0.019504
0 0.825798 0.833333 0.015957 0.026596
0 0.841090 0.502660 0.017287 0.031915
0 0.725399 0.462766 0.011968 0.023050
1 0.482713 0.452128 0.010638 0.012411
1 0.644947 0.174645 0.010638 0.017730
1 0.736037 0.142730 0.009309 0.014184
1 0.710771 0.024823 0.011968 0.015957
1 0.493351 0.156915 0.007979 0.010638
1 0.422872 0.246454 0.005319 0.005319
1 0.530585 0.414007 0.007979 0.010638
1 0.636303 0.443262 0.011968 0.015957
1 0.615691 0.390957 0.010638 0.017730
1 0.483378 0.383865 0.006649 0.007092
1 0.533910 0.715426 0.011968 0.014184
1 0.477394 0.841312 0.005319 0.014184
1 0.647606 0.876773 0.010638 0.017730
1 0.620346 0.935284 0.011968 0.017730
1 0.798537 0.750887 0.011968 0.017730
1 0.787234 0.579787 0.007979 0.015957
1 0.871011 0.573582 0.007979 0.017730
1 0.894282 0.520390 0.009309 0.007092
1 0.925532 0.551418 0.005319 0.008865
1 0.705452 0.593085 0.009309 0.010638
1 0.417553 0.703014 0.013298 0.017730
1 0.328457 0.785461 0.005319 0.012411
1 0.358378 0.688830 0.017287 0.017730