0 0.289229 0.641844 0.059840 0.101064
0 0.550532 0.741135 0.031915 0.019504
0 0.574468 0.667553 0.015957 0.035461
0 0.686835 0.430851 0.019947 0.037234
0 0.548537 0.526596 0.011968 0.030142
1 0.700798 0.556738 0.007979 0.023050
1 0.658245 0.653369 0.013298 0.017730
1 0.686835 0.645390 0.011968 0.023050
1 0.649601 0.574468 0.011968 0.015957
1 0.574468 0.518617 0.015957 0.024823
1 0.542553 0.400709 0.015957 0.019504
1 0.493351 0.448582 0.013298 0.015957
1 0.502660 0.260638 0.010638 0.012411
1 0.545878 0.229610 0.011968 0.014184
1 0.430186 0.203901 0.009309 0.008865
1 0.387633 0.105496 0.014628 0.017730
1 0.688165 0.164007 0.011968 0.017730
1 0.819814 0.148936 0.011968 0.015957
1 0.698803 0.771277 0.017287 0.023050
1 0.598404 0.811170 0.018617 0.021277
1 0.504654 0.818262 0.014628 0.017730
1 0.489362 0.846631 0.013298 0.021277
1 0.488697 0.897163 0.011968 0.019504
1 0.646941 0.935284 0.014628 0.017730
1 0.469415 0.686170 0.007979 0.008865
1 0.517287 0.637411 0.007979 0.017730
1 0.522606 0.487589 0.007979 0.015957
1 0.595745 0.651596 0.010638 0.017730
1 0.547207 0.697695 0.009309 0.017730
1 0.367021 0.659574 0.005319 0.019504
1 0.907580 0.425532 0.014628 0.019504