0 0.601064 0.738771 0.013298 0.026005
0 0.542553 0.653664 0.013298 0.016548
0 0.498670 0.342790 0.015957 0.014184
0 0.515957 0.375887 0.015957 0.028369
0 0.595080 0.244681 0.011968 0.026005
0 0.609043 0.393617 0.018617 0.016548
0 0.722739 0.288416 0.014628 0.014184
0 0.751330 0.281324 0.015957 0.018913
0 0.343085 0.200946 0.018617 0.018913
0 0.435505 0.822695 0.014628 0.033097
0 0.476729 0.455083 0.009309 0.030733
0 0.505319 0.436170 0.013298 0.016548
2 0.573803 0.379433 0.011968 0.030733
2 0.773271 0.397163 0.017287 0.018913
2 0.815824 0.615839 0.011968 0.026005
2 0.696809 0.503546 0.007979 0.028369
2 0.724069 0.567376 0.006649 0.018913
0 0.616356 0.555556 0.014628 0.023641
0 0.345080 0.118203 0.014628 0.023641
0 0.458112 0.087470 0.011968 0.023641
0 0.286569 0.316785 0.014628 0.023641
0 0.194149 0.460993 0.015957 0.028369
0 0.234707 0.705674 0.017287 0.021277
0 0.386303 0.747045 0.011968 0.018913
1 0.327793 0.517730 0.009309 0.023641
1 0.409574 0.631206 0.013298 0.023641
1 0.436835 0.634752 0.011968 0.011820
1 0.354388 0.491726 0.011968 0.018913
1 0.418883 0.342790 0.007979 0.023641
1 0.433511 0.354610 0.010638 0.014184
1 0.537234 0.260047 0.002660 0.004728
1 0.527926 0.128842 0.005319 0.007092
1 0.415559 0.800236 0.011968 0.021277
1 0.485372 0.958629 0.013298 0.021277
1 0.450133 0.944444 0.011968 0.016548
1 0.542553 0.894799 0.013298 0.026005
1 0.639628 0.647754 0.010638 0.023641
1 0.627660 0.469267 0.013298 0.016548
0 0.693484 0.552009 0.014628 0.021277
0 0.720080 0.540189 0.019947 0.021277
0 0.900266 0.555556 0.010638 0.023641
0 0.900266 0.722222 0.013298 0.021277
0 0.791223 0.914894 0.013298 0.023641
0 0.769282 0.815603 0.011968 0.018913
0 0.666223 0.638298 0.010638 0.014184
0 0.730053 0.602837 0.010638 0.028369
0 0.845745 0.371158 0.010638 0.018913
2 0.494681 0.374704 0.018617 0.030733
1 0.184176 0.634752 0.006649 0.016548
1 0.373670 0.638298 0.007979 0.014184
1 0.384973 0.693853 0.006649 0.011820
2 0.769947 0.677305 0.010638 0.021277
2 0.642952 0.533097 0.009309 0.016548