0 0.763963 0.211879 0.086436 0.085106
0 0.820479 0.165780 0.023936 0.021277
0 0.671543 0.075355 0.021277 0.024823
0 0.593085 0.073582 0.018617 0.017730
0 0.356383 0.054078 0.018617 0.031915
0 0.456782 0.537234 0.014628 0.033688
0 0.611037 0.575355 0.019947 0.024823
0 0.660239 0.516844 0.022606 0.017730
0 0.797872 0.368794 0.018617 0.019504
0 0.942154 0.328901 0.014628 0.024823
0 0.863697 0.522163 0.017287 0.035461
0 0.740027 0.878546 0.017287 0.039007
0 0.708112 0.962766 0.019947 0.015957
0 0.409574 0.865248 0.013298 0.023050
0 0.500665 0.763298 0.014628 0.021277
0 0.195479 0.810284 0.013298 0.015957
0 0.200133 0.851064 0.017287 0.026596
0 0.263963 0.705674 0.011968 0.015957
0 0.585106 0.449468 0.021277 0.028369
0 0.588431 0.370567 0.017287 0.030142
0 0.488697 0.496454 0.030585 0.033688
0 0.906915 0.213652 0.010638 0.021277
2 0.891622 0.913121 0.017287 0.030142
2 0.934176 0.899823 0.019947 0.014184
2 0.632979 0.784574 0.010638 0.017730
2 0.833777 0.305851 0.018617 0.024823
2 0.485372 0.268617 0.015957 0.028369
1 0.376995 0.706560 0.009309 0.007092
1 0.325798 0.689716 0.013298 0.012411
1 0.348404 0.706560 0.007979 0.014184
1 0.223404 0.608156 0.018617 0.026596
1 0.551862 0.523050 0.007979 0.015957
1 0.611037 0.442376 0.011968 0.021277
1 0.575133 0.295213 0.011968 0.014184
1 0.637633 0.304965 0.011968 0.012411
1 0.716755 0.401596 0.010638 0.010638
1 0.091755 0.578014 0.007979 0.012411