0 0.311652 0.796580 0.069649 0.076160
1 0.207510 0.703420 0.014372 0.021128
1 0.313090 0.733147 0.011055 0.013758
2 0.355100 0.709562 0.019900 0.008844
2 0.321197 0.851857 0.014004 0.018671
2 0.335753 0.953813 0.007739 0.025059
1 0.447045 0.991524 0.021005 0.016952
1 0.650096 0.765625 0.026902 0.015232
1 0.553177 0.753587 0.012161 0.005896
1 0.652491 0.722632 0.011055 0.019654
1 0.638488 0.713296 0.013267 0.011792
1 0.511903 0.691185 0.013635 0.011792
2 0.572155 0.899027 0.013267 0.009827
1 0.657466 0.896816 0.015846 0.017197
1 0.740345 0.541028 0.011792 0.026533
1 0.768168 0.565104 0.010687 0.015723
1 0.747162 0.471256 0.010687 0.014741
1 0.779481 0.411114 0.014741 0.022602
1 0.656029 0.449194 0.023585 0.012284
1 0.653081 0.389004 0.014004 0.022602
0 0.620652 0.367630 0.028744 0.019163
0 0.667453 0.356329 0.020637 0.025059
1 0.549160 0.407921 0.010318 0.022111
1 0.572008 0.394654 0.017689 0.011301
1 0.737618 0.374017 0.021374 0.020145
1 0.712190 0.346256 0.014741 0.010810
1 0.761424 0.303508 0.014741 0.017689
2 0.794590 0.312598 0.013267 0.023094
1 0.687537 0.284837 0.015846 0.013758
1 0.685326 0.265428 0.012161 0.017197
1 0.705226 0.288768 0.007739 0.015723
2 0.893463 0.497101 0.018057 0.009827
1 0.852742 0.666028 0.015478 0.012775
1 0.842055 0.777417 0.011792 0.019163
2 0.876879 0.748428 0.013635 0.015232
2 0.908019 0.778155 0.003685 0.000000
2 0.415336 0.603008 0.007862 0.025802
2 0.452528 0.644533 0.010885 0.019352
2 0.470217 0.496251 0.007559 0.023383
2 0.382075 0.384615 0.021771 0.007660
2 0.433932 0.378366 0.016026 0.004838
2 0.261641 0.405983 0.012397 0.014111
1 0.197811 0.549952 0.015723 0.011289
1 0.272799 0.525560 0.012700 0.014917
1 0.035982 0.577367 0.022980 0.020964
0 0.265119 0.090510 0.026004 0.041929
0 0.324806 0.250766 0.025399 0.030237
2 0.248004 0.140905 0.014514 0.010482
2 0.468523 0.117320 0.008769 0.027012
1 0.461720 0.180011 0.010885 0.016933
2 0.604076 0.176504 0.010281 0.025399
1 0.676191 0.070876 0.015421 0.007660
1 0.778967 0.339219 0.009676 0.014111
1 0.108914 0.208555 0.015119 0.009676
1 0.038310 0.307531 0.011792 0.011692
1 0.152002 0.255322 0.013002 0.018545
1 0.794388 0.907676 0.022980 0.018949
1 0.886823 0.932067 0.013607 0.023383
1 0.532747 0.802895 0.017235 0.007257
1 0.487240 0.959724 0.016933 0.014514
1 0.558297 0.976455 0.019956 0.006047