2 0.358965 0.684752 0.020989 0.015347
2 0.666697 0.517739 0.020312 0.018958
1 0.705629 0.506455 0.022344 0.018055
0 0.508260 0.841383 0.028437 0.021667
1 0.695811 0.765550 0.021667 0.014444
1 0.776495 0.713551 0.022053 0.019603
1 0.796251 0.866393 0.013783 0.022666
1 0.923058 0.287920 0.009189 0.023279
1 0.956138 0.542943 0.017459 0.011639
1 0.828182 0.577309 0.011486 0.028179
1 0.914788 0.448052 0.015621 0.012252
1 0.650055 0.302254 0.014702 0.024504
1 0.734134 0.120375 0.012864 0.020216
2 0.355320 0.297354 0.022513 0.009802