1 0.129877 0.967835 0.013626 0.013213
1 0.314443 0.932119 0.008671 0.011148
2 0.362071 0.677898 0.019200 0.010735
1 0.554224 0.764193 0.012697 0.016516
1 0.934752 0.853669 0.008361 0.022709
1 0.955964 0.919939 0.009910 0.014864
1 0.707822 0.498369 0.017032 0.016516
1 0.753345 0.391635 0.010219 0.021058
1 0.666171 0.379661 0.009290 0.021058
1 0.962777 0.471944 0.016103 0.010735
2 0.946055 0.404228 0.011768 0.014864
1 0.789793 0.158471 0.009910 0.017342
1 0.815992 0.114043 0.006193 0.006606
1 0.566642 0.200339 0.016103 0.016516
1 0.581661 0.164210 0.010839 0.016103
1 0.503344 0.378174 0.014864 0.016103
1 0.118729 0.457616 0.016103 0.011974
2 0.235569 0.548619 0.010839 0.021884
1 0.588133 0.456873 0.007432 0.018580
1 0.640313 0.566663 0.008981 0.016516
1 0.948253 0.015277 0.007742 0.014864
1 0.587142 0.853503 0.012387 0.006193
1 0.737334 0.487427 0.007432 0.006193