1 0.065640 0.185126 0.017459 0.014702
1 0.272069 0.545455 0.017918 0.017153
1 0.483276 0.461897 0.009189 0.018378
1 0.548747 0.468023 0.008729 0.014702
1 0.837831 0.396288 0.016081 0.012864
1 0.973597 0.723965 0.013783 0.013477
1 0.662644 0.956138 0.009189 0.015927
1 0.712494 0.820755 0.007811 0.014702
1 0.115719 0.680470 0.010108 0.015927
1 0.098030 0.631157 0.013324 0.016540
1 0.005712 0.591338 0.011424 0.012864
1 0.167177 0.788900 0.010108 0.014702
1 0.706889 0.976966 0.010567 0.013477
1 0.724669 0.697746 0.008270 0.012252
1 0.734318 0.689476 0.010108 0.011639
1 0.719202 0.529588 0.012405 0.014090
1 0.810723 0.476599 0.007811 0.012252
1 0.730734 0.420853 0.008270 0.012252
1 0.201406 0.322225 0.016081 0.013477
1 0.176366 0.287307 0.010108 0.013477
1 0.303173 0.106527 0.010156 0.012639
1 0.030040 0.676176 0.010156 0.014444
1 0.003002 0.636454 0.006003 0.014444
1 0.003002 0.525864 0.006003 0.018958
1 0.638004 0.077187 0.010068 0.014170
1 0.404710 0.508837 0.009509 0.012678
2 0.577317 0.392274 0.010627 0.017898
2 0.618148 0.326646 0.012864 0.016407
2 0.632970 0.294205 0.011187 0.011187
2 0.511037 0.609218 0.014542 0.017153
2 0.545436 0.581997 0.013983 0.011932
2 0.598013 0.558505 0.010627 0.009695
2 0.758875 0.524946 0.015102 0.014170
2 0.892945 0.848982 0.010068 0.022373
2 0.921471 0.743083 0.008949 0.007458
2 0.988869 0.823999 0.015102 0.020136
2 0.894903 0.589455 0.025170 0.013424
2 0.819953 0.918637 0.009509 0.023865
2 0.883996 0.936162 0.014542 0.018644
2 0.417182 0.953688 0.019017 0.035797
2 0.452140 0.888806 0.016220 0.023865
2 0.431445 0.900365 0.010627 0.029085
2 0.424454 0.879111 0.020136 0.032814
2 0.028619 0.626221 0.019576 0.024610
2 0.376240 0.687374 0.019017 0.024610
2 0.296648 0.877620 0.017339 0.014915
2 0.008912 0.729585 0.017824 0.026102
2 0.175833 0.098814 0.008390 0.021627
2 0.529775 0.801551 0.012864 0.010441
2 0.632691 0.898128 0.017339 0.015661
1 0.363375 0.731076 0.010068 0.017153
1 0.756749 0.695503 0.007271 0.011932
1 0.495488 0.307256 0.010068 0.016407
1 0.166884 0.652920 0.010627 0.021627
1 0.098087 0.763293 0.013983 0.017153
1 0.055299 0.902006 0.012305 0.020136
2 0.084104 0.815870 0.020695 0.026848
2 0.152901 0.766649 0.016220 0.028339
2 0.204079 0.907599 0.013424 0.026848
2 0.786393 0.787158 0.021814 0.017153
2 0.953073 0.120814 0.015102 0.022373
2 0.341618 0.069729 0.019576 0.030576
2 0.367402 0.847043 0.013424 0.016407
2 0.366284 0.355731 0.004475 0.014915
2 0.341674 0.521665 0.011187 0.017153
2 0.283504 0.454173 0.011187 0.014915
1 0.676492 0.883497 0.007448 0.016701
1 0.443035 0.805137 0.008802 0.009479
1 0.409858 0.811005 0.006771 0.008576
1 0.399364 0.812133 0.004062 0.008125
1 0.326578 0.850050 0.006094 0.009028
1 0.643213 0.702068 0.007504 0.009053
1 0.626596 0.678959 0.006432 0.009529
1 0.705749 0.643463 0.005360 0.010006
1 0.750417 0.652039 0.005360 0.007147
1 0.764353 0.662045 0.004646 0.007147
1 0.786330 0.722079 0.005718 0.009053
1 0.780077 0.730656 0.005360 0.007147
1 0.860444 0.700400 0.006432 0.008576
1 0.848473 0.665380 0.006790 0.007147
1 0.880098 0.685392 0.005003 0.010006
1 0.922194 0.773871 0.005003 0.009529
1 0.909150 0.240137 0.006075 0.007623
1 0.715468 0.645083 0.007504 0.008100
1 0.808557 0.506194 0.006432 0.007623
1 0.498845 0.508290 0.006075 0.009529
1 0.497237 0.474462 0.005718 0.007623
1 0.564454 0.300076 0.005360 0.009529
1 0.490769 0.156280 0.006075 0.009529
1 0.372665 0.202497 0.005718 0.009529
1 0.541154 0.669097 0.006790 0.010006
1 0.441883 0.692920 0.007504 0.010006
1 0.504777 0.739851 0.006075 0.008576
1 0.497630 0.733896 0.006075 0.008100
1 0.545335 0.683152 0.005003 0.005718
1 0.501739 0.845150 0.005718 0.008576
1 0.495486 0.812274 0.006075 0.008576
1 0.437059 0.788212 0.007147 0.009053
1 0.355584 0.781780 0.005003 0.008576
1 0.396143 0.763436 0.006790 0.008100
1 0.481478 0.938346 0.004646 0.007623
1 0.480048 0.912855 0.006790 0.009053
1 0.787188 0.856013 0.005718 0.006670
1 0.807557 0.797408 0.007862 0.007623
1 0.806663 0.735468 0.006790 0.008576
1 0.914332 0.562083 0.006432 0.010006