1 0.755762 0.017153 0.020101 0.015009
2 0.916568 0.113636 0.016885 0.023585
2 0.602594 0.212264 0.012864 0.027873
2 0.717571 0.368246 0.009648 0.035377
2 0.834155 0.293203 0.017689 0.013937
2 0.549126 0.394511 0.023317 0.036449
2 0.605810 0.298456 0.020905 0.019297
2 0.691038 0.765759 0.027337 0.031089
2 0.587796 0.153485 0.011435 0.019059
2 0.472016 0.169367 0.008576 0.021600
2 0.499412 0.176990 0.012864 0.011435
2 0.942284 0.898863 0.011435 0.020964
2 0.745029 0.812464 0.017153 0.013341
2 0.717156 0.897592 0.015723 0.009529
1 0.486738 0.748618 0.024300 0.021600
1 0.558208 0.793723 0.017629 0.025411
1 0.497935 0.720983 0.020011 0.032399
1 0.613525 0.662855 0.020964 0.017788
1 0.568499 0.721619 0.014770 0.018423
1 0.591608 0.794359 0.009529 0.012706
1 0.606378 0.826123 0.008576 0.019059
1 0.584699 0.899816 0.017629 0.013976
1 0.492980 0.984944 0.015247 0.020329
1 0.707865 0.928404 0.011435 0.025411
1 0.728591 0.842958 0.012864 0.031129
1 0.773378 0.809606 0.013817 0.027952
1 0.914650 0.876946 0.017153 0.010165
1 0.671082 0.747221 0.013341 0.020329
1 0.673226 0.639222 0.012864 0.030494
1 0.815260 0.568833 0.008576 0.016517
1 0.820739 0.592974 0.017629 0.020329
1 0.903072 0.511340 0.019535 0.022235
1 0.813020 0.469729 0.011912 0.027952
1 0.755606 0.434470 0.022870 0.017153
1 0.680802 0.415094 0.014294 0.027952
1 0.691284 0.498316 0.013341 0.031764
1 0.619862 0.543104 0.022394 0.019694
1 0.807207 0.281049 0.022394 0.021600
1 0.595658 0.271266 0.011912 0.025411
1 0.577790 0.275078 0.014294 0.020329
1 0.539197 0.311924 0.020011 0.015247
1 0.379344 0.224573 0.012864 0.022235
1 0.316117 0.200368 0.010482 0.025411
1 0.075932 0.248714 0.010006 0.015882
1 0.294152 0.104187 0.007147 0.013976
1 0.093466 0.544438 0.016676 0.030494
2 0.783622 0.756051 0.046693 0.028588
2 0.759770 0.578716 0.015102 0.010441
2 0.798363 0.517563 0.007271 0.019390
2 0.961127 0.566038 0.011746 0.011932
2 0.930644 0.794019 0.007831 0.021627
1 0.865762 0.907376 0.010068 0.014170
1 0.642311 0.620703 0.012864 0.018644