1 0.645994 0.501144 0.010184 0.028588
1 0.951365 0.787379 0.015009 0.017867
1 0.746605 0.698756 0.020369 0.016438
1 0.687375 0.741995 0.015545 0.020011
1 0.806372 0.701472 0.017689 0.029302
1 0.876054 0.992067 0.014473 0.015866
1 0.430460 0.767581 0.010720 0.027158
1 0.292703 0.950186 0.010720 0.015009
1 0.779195 0.051815 0.011792 0.026444
1 0.464819 0.073613 0.010184 0.022870
2 0.146262 0.006075 0.012864 0.012150
2 0.486307 0.382149 0.007098 0.017153
2 0.872287 0.220619 0.010203 0.026025
2 0.947256 0.240788 0.014639 0.013604