0 0.166223 0.390071 0.029255 0.051418
0 0.172872 0.299645 0.026596 0.030142
0 0.452128 0.084220 0.015957 0.014184
0 0.500000 0.020390 0.021277 0.021277
0 0.579787 0.309397 0.026596 0.028369
0 0.753324 0.263298 0.019947 0.028369
0 0.774601 0.024823 0.017287 0.019504
0 0.798537 0.406915 0.014628 0.028369
0 0.847074 0.427305 0.018617 0.012411
1 0.771692 0.472629 0.019116 0.017730
1 0.780585 0.396277 0.015957 0.010638
1 0.752660 0.612589 0.013298 0.028369
1 0.557846 0.579787 0.022606 0.023050
1 0.500000 0.460993 0.018617 0.019504
1 0.246676 0.367908 0.011968 0.028369
1 0.347074 0.268617 0.021277 0.017730
1 0.508644 0.236702 0.022606 0.017730
1 0.621011 0.553191 0.007979 0.026596
1 0.611702 0.576241 0.013298 0.019504
1 0.633644 0.548759 0.011968 0.010638
1 0.668883 0.716312 0.015957 0.023050
1 0.643617 0.776596 0.013298 0.023050
1 0.599734 0.681738 0.015957 0.014184
1 0.793883 0.733156 0.018617 0.021277
1 0.668218 0.739362 0.027926 0.019504
1 0.255319 0.594858 0.007979 0.014184
1 0.390957 0.533688 0.013298 0.005319
1 0.417553 0.650709 0.007979 0.005319
1 0.544548 0.507979 0.014628 0.014184
1 0.630984 0.435284 0.011968 0.007092
1 0.746676 0.343085 0.009309 0.021277
1 0.347739 0.710993 0.027926 0.030142
1 0.560505 0.801418 0.011968 0.015957
1 0.301862 0.846631 0.023936 0.021277
1 0.277926 0.736702 0.018617 0.014184
1 0.166223 0.783688 0.013298 0.023050
1 0.200798 0.859043 0.010638 0.021277
1 0.200798 0.948582 0.013298 0.023050
1 0.430186 0.820922 0.009309 0.019504
1 0.485788 0.549091 0.010805 0.017730
1 0.558926 0.237145 0.010805 0.016622
1 0.615442 0.208333 0.010805 0.009973
1 0.636636 0.168440 0.014960 0.023271
1 0.656582 0.157912 0.004987 0.011082
1 0.706865 0.115802 0.010805 0.017730
1 0.660322 0.246011 0.009142 0.016622
1 0.791639 0.188941 0.009142 0.017730
1 0.814910 0.234929 0.014129 0.012190
1 0.741772 0.217753 0.004156 0.004433
1 0.639960 0.677083 0.013298 0.021055
1 0.888880 0.560173 0.014129 0.019947
1 0.927527 0.498116 0.006649 0.015514
1 0.740525 0.401707 0.011636 0.019947
1 0.987783 0.590093 0.010805 0.019947
1 0.989029 0.667664 0.009973 0.022163
2 0.942902 0.794548 0.012467 0.027704
1 0.916722 0.823914 0.006649 0.013298
2 0.969498 0.775709 0.017453 0.012190
2 0.963680 0.810616 0.009142 0.031028
1 0.996509 0.721410 0.004987 0.012190
2 0.977809 0.918107 0.010805 0.022163
2 0.944149 0.930297 0.013298 0.024379
2 0.924202 0.969082 0.014960 0.019947
2 0.870595 0.949136 0.014129 0.024379
2 0.851479 0.859929 0.010805 0.027704
2 0.848986 0.780142 0.017453 0.021055
2 0.804521 0.799590 0.026596 0.022274
2 0.856882 0.820590 0.011636 0.017730
2 0.837350 0.896498 0.015791 0.018839
2 0.858544 0.899823 0.014960 0.009973
2 0.880984 0.871565 0.014960 0.013298
2 0.819481 0.873227 0.014960 0.029920
2 0.821559 0.927804 0.027427 0.028258
2 0.799950 0.946919 0.012467 0.017730
2 0.718916 0.839982 0.014960 0.012190
2 0.658660 0.879322 0.009142 0.022163
2 0.635805 0.887079 0.009973 0.028812
2 0.646609 0.912566 0.009973 0.011082
2 0.710605 0.802305 0.019947 0.012190
2 0.701878 0.586215 0.014129 0.023271
2 0.484957 0.889295 0.017453 0.017730
2 0.763797 0.976840 0.013298 0.015514
2 0.996011 0.846188 0.007978 0.021277
2 0.727726 0.809840 0.009973 0.033688
2 0.823138 0.828014 0.018617 0.022163
2 0.577793 0.627216 0.010638 0.015957
2 0.489362 0.602394 0.013298 0.012411
2 0.469747 0.562500 0.011303 0.010638
1 0.504322 0.848848 0.029920 0.026596
1 0.635306 0.271720 0.011303 0.008865
1 0.524934 0.142730 0.004654 0.009752
1 0.537234 0.182624 0.011968 0.013298
1 0.566822 0.072252 0.005984 0.010638
1 0.601729 0.021277 0.011968 0.009752
1 0.397274 0.028812 0.008644 0.017730
1 0.563830 0.187500 0.003989 0.005319
1 0.593418 0.256206 0.009973 0.011525
1 0.556516 0.351064 0.005319 0.009752
1 0.428856 0.427748 0.013298 0.010638
1 0.414561 0.411791 0.005984 0.010638
1 0.508311 0.511968 0.007314 0.007092
1 0.506981 0.478723 0.007314 0.006206
1 0.523271 0.498670 0.003989 0.007092
1 0.507314 0.553191 0.005319 0.009752
1 0.468750 0.602394 0.005319 0.005319
1 0.479388 0.655142 0.006649 0.009752
1 0.439495 0.592642 0.003989 0.012411
1 0.472074 0.714539 0.009309 0.011525
1 0.460771 0.737589 0.002660 0.004433
1 0.472407 0.801862 0.008644 0.008865
1 0.438165 0.799645 0.010638 0.011525
1 0.615027 0.722074 0.003989 0.008865
1 0.545545 0.673759 0.012633 0.007979
1 0.595412 0.652926 0.013963 0.010638
1 0.491356 0.918883 0.010638 0.010638
1 0.475066 0.858156 0.008644 0.022163
1 0.555519 0.935284 0.013963 0.020390
1 0.569481 0.932181 0.007314 0.019504
1 0.417221 0.878546 0.003324 0.006206
1 0.428191 0.884309 0.003989 0.008865
1 0.459774 0.162677 0.004654 0.007092