0 0.608319 0.470840 0.036021 0.070326
1 0.627984 0.282804 0.009112 0.025014
1 0.704903 0.273513 0.008576 0.025014
1 0.621284 0.180961 0.013937 0.024300
1 0.720501 0.123785 0.015545 0.015723
1 0.963694 0.536878 0.016081 0.012864
1 0.857561 0.645369 0.010720 0.020011
1 0.765366 0.620354 0.008576 0.014294
1 0.779034 0.907662 0.013401 0.021441
1 0.654088 0.763436 0.009648 0.021441
1 0.484384 0.780589 0.007504 0.014294
1 0.562911 0.571184 0.019833 0.017153
2 0.232561 0.394368 0.015009 0.034305
2 0.220447 0.603202 0.013937 0.010006
2 0.413361 0.948756 0.015545 0.017867
2 0.526676 0.647727 0.010184 0.025014
2 0.636346 0.784949 0.014473 0.013579
2 0.616513 0.834620 0.008040 0.017153
2 0.701955 0.626429 0.014473 0.020726
2 0.765634 0.816538 0.016617 0.023585
2 0.738565 0.163665 0.022513 0.014294
2 0.677727 0.207261 0.013401 0.015723
2 0.768582 0.349843 0.007504 0.022156
2 0.402480 0.339480 0.019297 0.017153
2 0.439037 0.200257 0.009648 0.014294
2 0.504967 0.930889 0.019297 0.025014
2 0.840677 0.761864 0.013401 0.027158
2 0.883290 0.897656 0.009648 0.031447
2 0.897495 0.896941 0.014473 0.022870
2 0.935820 0.881933 0.013937 0.020011
2 0.931532 0.902301 0.016081 0.019297
2 0.475647 0.571970 0.014473 0.016438
2 0.187268 0.352130 0.009112 0.040738
2 0.889187 0.313536 0.015009 0.012150
1 0.665934 0.286378 0.010184 0.016438
1 0.674510 0.518654 0.009112 0.016438
1 0.636453 0.468625 0.010184 0.015009
1 0.678531 0.586407 0.013937 0.012150
1 0.786003 0.625715 0.014473 0.016438
1 0.802887 0.676672 0.008576 0.014294
1 0.708012 0.675886 0.008576 0.015009
1 0.584405 0.653373 0.009648 0.017153
1 0.564573 0.666595 0.007504 0.009291
1 0.504538 0.701973 0.009648 0.012864
1 0.452062 0.704117 0.006968 0.012864
1 0.445630 0.718053 0.006968 0.009291
1 0.438929 0.731990 0.006432 0.010006
1 0.544686 0.795097 0.012328 0.013579
1 0.565591 0.851201 0.014473 0.017153
1 0.729721 0.906947 0.011256 0.018582
1 0.784127 0.759005 0.011792 0.014294
1 0.976290 0.856918 0.010184 0.011435
1 0.854345 0.780446 0.007504 0.012864
1 0.320201 0.742210 0.012328 0.016438
1 0.326901 0.789737 0.008576 0.008576
1 0.322881 0.846555 0.006968 0.015009
1 0.240066 0.717910 0.008576 0.017867
1 0.237922 0.771155 0.007504 0.011435
1 0.040666 0.938393 0.022513 0.024300
1 0.046026 0.730775 0.007504 0.010720
1 0.061035 0.681103 0.009648 0.014294
1 0.177083 0.449185 0.006968 0.015009
1 0.300904 0.398442 0.012328 0.017867
1 0.240066 0.477416 0.007504 0.014294
1 0.279088 0.530303 0.005360 0.011435
1 0.445201 0.842624 0.010184 0.012864
1 0.368282 0.969840 0.009648 0.011435
1 0.391331 0.954831 0.008576 0.010006
1 0.646369 0.535949 0.007504 0.013579
1 0.673974 0.636578 0.006968 0.013579
1 0.689787 0.647298 0.005360 0.012150
1 0.708548 0.391438 0.009648 0.010720
1 0.044954 0.168668 0.010720 0.014294
1 0.004520 0.156518 0.009040 0.008576
1 0.249285 0.365137 0.009648 0.010720
1 0.318164 0.438036 0.012328 0.012150
1 0.862654 0.275515 0.008040 0.009291
2 0.735456 0.239423 0.008576 0.011435
2 0.843732 0.301601 0.010720 0.010006
2 0.182604 0.551958 0.007504 0.017867
2 0.216642 0.437965 0.010184 0.011435
2 0.196541 0.120783 0.011792 0.020011