2 0.583233 0.253002 0.021870 0.046312
2 0.742753 0.116638 0.019297 0.017153
2 0.846312 0.042882 0.012864 0.020583
2 0.747256 0.186106 0.018010 0.018868
2 0.814794 0.177530 0.021870 0.012007
1 0.917067 0.199828 0.010292 0.018868
2 0.938293 0.204117 0.019297 0.017153
1 0.780060 0.259005 0.016724 0.013722
2 0.800643 0.330189 0.014151 0.022298
2 0.842453 0.408233 0.015437 0.030875
2 0.731818 0.406518 0.020583 0.020583
3 0.590952 0.349914 0.014151 0.027444
0 0.482890 0.358491 0.016724 0.027444
2 0.325300 0.466552 0.018010 0.020583
2 0.483533 0.491424 0.015437 0.022298
0 0.535635 0.593482 0.021870 0.044597
2 0.569082 0.436535 0.014151 0.025729
2 0.606389 0.405660 0.021870 0.022298
0 0.605746 0.525729 0.020583 0.029160
0 0.519554 0.697256 0.020583 0.029160
2 0.693868 0.578045 0.016724 0.020583
2 0.717667 0.575472 0.023156 0.018868
2 0.693868 0.451115 0.024443 0.020583
2 0.762693 0.639794 0.023156 0.020583
2 0.935077 0.755575 0.020583 0.042882
0 0.688079 0.803602 0.023156 0.032590
2 0.803859 0.922813 0.010292 0.024014
2 0.376758 0.897942 0.020583 0.018868
0 0.242324 0.791595 0.029588 0.032590
2 0.179931 0.762436 0.012864 0.029160
2 0.331089 0.650943 0.014151 0.025729
2 0.490609 0.591767 0.019297 0.020583
1 0.235892 0.228130 0.016724 0.020583
0 0.547213 0.706690 0.019297 0.027444
2 0.693225 0.908233 0.015437 0.025729
2 0.808362 0.958834 0.021870 0.013722
2 0.950515 0.607204 0.015437 0.024014