2 0.679074 0.367067 0.015437 0.030875
2 0.541424 0.169811 0.020583 0.027444
2 0.675214 0.089194 0.020583 0.020583
2 0.877187 0.114923 0.012864 0.024014
1 0.750472 0.217839 0.009005 0.020583
2 0.850815 0.204974 0.019297 0.018868
2 0.742753 0.295883 0.014151 0.025729
2 0.852101 0.301887 0.016724 0.024014
2 0.778130 0.366209 0.020583 0.036021
2 0.711878 0.427101 0.019297 0.034305
2 0.847599 0.460549 0.018010 0.018868
2 0.766552 0.526587 0.015437 0.027444
2 0.794854 0.572899 0.018010 0.024014
0 0.949228 0.600343 0.018010 0.020583
2 0.974957 0.591767 0.012864 0.034305
0 0.620540 0.507719 0.014151 0.027444
2 0.675214 0.558319 0.012864 0.029160
2 0.701587 0.715266 0.011578 0.027444
0 0.843096 0.773585 0.019297 0.020583
0 0.605746 0.895369 0.018010 0.030875
2 0.653988 0.927101 0.011578 0.022298
2 0.594811 0.960549 0.014151 0.030875
2 0.414065 0.275300 0.015437 0.022298
2 0.435292 0.302744 0.016724 0.022298
2 0.295712 0.507719 0.015437 0.024014
2 0.270626 0.657804 0.024443 0.022298
1 0.589022 0.721269 0.012864 0.022298
1 0.571655 0.790738 0.011578 0.024014
2 0.875900 0.760720 0.020583 0.025729