0 0.495346 0.227837 0.030585 0.031915
0 0.694814 0.015957 0.027926 0.023050
0 0.527261 0.054965 0.011968 0.023050
0 0.718750 0.245567 0.022606 0.035461
0 0.576463 0.375000 0.027926 0.042553
0 0.962101 0.550532 0.035904 0.031915
0 0.830452 0.510638 0.035904 0.040780
0 0.846410 0.557624 0.011968 0.014184
0 0.833777 0.142730 0.015957 0.017730
0 0.859707 0.109043 0.014628 0.017730
0 0.807181 0.539894 0.018617 0.031915
0 0.852394 0.469858 0.021277 0.019504
0 0.581117 0.020390 0.018617 0.017730
0 0.718085 0.157801 0.018617 0.023050
0 0.565824 0.450355 0.014628 0.019504
0 0.609043 0.557624 0.021277 0.021277
0 0.648936 0.329787 0.015957 0.026596
0 0.568484 0.585993 0.025266 0.035461
0 0.611702 0.619681 0.021277 0.031915
0 0.741356 0.535461 0.022606 0.023050
0 0.871011 0.728723 0.021277 0.019504
0 0.922207 0.716312 0.014628 0.019504
0 0.904920 0.769504 0.025266 0.015957
0 0.715426 0.790780 0.015957 0.040780
0 0.755319 0.712766 0.021277 0.023050
0 0.875000 0.657801 0.021277 0.015957
0 0.656250 0.690603 0.025266 0.017730
2 0.386968 0.839539 0.015957 0.024823
2 0.732713 0.905142 0.018617 0.021277
2 0.789229 0.798759 0.019947 0.017730
2 0.796543 0.830674 0.037234 0.014184
2 0.930186 0.849291 0.014628 0.030142
2 0.946144 0.820035 0.017287 0.028369
2 0.900266 0.923759 0.021277 0.040780
2 0.860372 0.910461 0.018617 0.028369
2 0.847739 0.974291 0.019947 0.017730
2 0.948803 0.946809 0.014628 0.023050
0 0.467420 0.731383 0.019947 0.031915
0 0.646277 0.840426 0.023936 0.019504
0 0.443484 0.618794 0.017287 0.019504
0 0.724734 0.979610 0.013298 0.021277
0 0.876995 0.980496 0.011968 0.026596
0 0.688165 0.987589 0.022606 0.019504
0 0.851064 0.780142 0.023936 0.019504
0 0.361037 0.990691 0.009309 0.018617
0 0.246676 0.875887 0.017287 0.019504
2 0.423537 0.713652 0.049202 0.035461
2 0.809840 0.799645 0.015957 0.047872
2 0.646941 0.926418 0.043883 0.021277
2 0.298537 0.571809 0.017287 0.017730
2 0.271277 0.601950 0.021277 0.014184
2 0.239362 0.775709 0.007979 0.014184
1 0.521277 0.800532 0.010638 0.010638
1 0.562500 0.890071 0.015957 0.019504
2 0.561835 0.858156 0.014628 0.019504
1 0.742021 0.873227 0.018617 0.024823
1 0.718085 0.885638 0.015957 0.021277
1 0.781250 0.585993 0.019947 0.021277
1 0.820479 0.400709 0.015957 0.019504
1 0.827128 0.348404 0.021277 0.031915
1 0.651596 0.798759 0.021277 0.021277
1 0.725399 0.680851 0.014628 0.023050
1 0.884309 0.794326 0.023936 0.023050
1 0.908910 0.821809 0.009309 0.035461
1 0.555851 0.713652 0.010638 0.017730
1 0.561170 0.797872 0.015957 0.008865
1 0.599069 0.844858 0.017287 0.017730
1 0.751330 0.825355 0.013298 0.017730
1 0.430851 0.985816 0.031915 0.015957
1 0.281915 0.860816 0.007979 0.017730
1 0.278590 0.948582 0.011968 0.008865
1 0.206782 0.925532 0.011968 0.015957
1 0.313165 0.766844 0.025266 0.024823
1 0.367686 0.741135 0.014628 0.019504
1 0.354388 0.763298 0.011968 0.017730
1 0.343750 0.625887 0.011968 0.023050
1 0.477394 0.460106 0.015957 0.017730
1 0.512633 0.421099 0.014628 0.010638
1 0.409574 0.270390 0.010638 0.017730
1 0.699468 0.338652 0.013298 0.023050
1 0.507314 0.650709 0.011968 0.008865
1 0.588431 0.929078 0.011968 0.012411
1 0.467420 0.869681 0.017287 0.017730
1 0.520612 0.825355 0.014628 0.014184
1 0.172872 0.788121 0.031915 0.014184
1 0.177527 0.860816 0.006649 0.007092
1 0.250000 0.521277 0.013298 0.015957