1 0.559434 0.149228 0.020583 0.027444
1 0.663636 0.123499 0.018010 0.024014
1 0.842453 0.228130 0.015437 0.020583
1 0.873328 0.378216 0.018010 0.022298
1 0.513122 0.689537 0.030875 0.024014
1 0.335592 0.748714 0.020583 0.032590
1 0.280918 0.969125 0.014151 0.020583
1 0.262907 0.971698 0.011578 0.018868
1 0.177358 0.924528 0.018010 0.027444
1 0.214665 0.753859 0.015437 0.025729
1 0.197942 0.640652 0.015437 0.029160
1 0.045497 0.472556 0.019297 0.025729
1 0.524057 0.933962 0.016724 0.022298
1 0.541424 0.939966 0.012864 0.027444
1 0.712521 0.612350 0.018010 0.020583
1 0.676501 0.553173 0.020583 0.018868
1 0.597384 0.506861 0.016724 0.025729
1 0.454588 0.441681 0.016724 0.018868
1 0.456518 0.395369 0.015437 0.022298
1 0.037779 0.906518 0.019297 0.029160
1 0.632118 0.687822 0.014151 0.020583
1 0.664280 0.751286 0.016724 0.024014
1 0.610892 0.231561 0.015437 0.027444
1 0.665566 0.262436 0.019297 0.017153
1 0.893911 0.193825 0.015437 0.020583
1 0.957590 0.431389 0.011578 0.022298
1 0.991981 0.488851 0.016038 0.020583
1 0.805146 0.478559 0.012864 0.027444
1 0.630189 0.324185 0.018010 0.020583
1 0.664280 0.383362 0.016724 0.022298
2 0.607676 0.932247 0.029588 0.025729
2 0.585806 0.914237 0.024443 0.020583
1 0.542067 0.595197 0.014151 0.020583
1 0.546569 0.619211 0.020583 0.020583
1 0.488679 0.228988 0.018010 0.018868
1 0.549786 0.072041 0.016724 0.024014
1 0.419854 0.522298 0.014151 0.018868
1 0.347170 0.897942 0.018010 0.025729
1 0.013979 0.857633 0.010292 0.020583
1 0.032633 0.873928 0.016724 0.022298
1 0.068010 0.368782 0.012864 0.027444
1 0.048070 0.849914 0.019297 0.022298
1 0.235249 0.084048 0.015437 0.020583