0 0.470745 0.315603 0.018617 0.023050
0 0.501330 0.241135 0.021277 0.023050
0 0.464761 0.060284 0.014628 0.023050
0 0.638298 0.079787 0.023936 0.012411
0 0.660239 0.125887 0.014628 0.026596
0 0.781250 0.231383 0.014628 0.028369
0 0.770612 0.296986 0.017287 0.035461
0 0.740691 0.367908 0.021277 0.024823
0 0.789894 0.408688 0.010638 0.021277
0 0.823803 0.161348 0.011968 0.023050
0 0.747340 0.085106 0.018617 0.019504
0 0.654920 0.603723 0.017287 0.021277
0 0.663564 0.648936 0.023936 0.019504
0 0.647606 0.737589 0.018617 0.023050
0 0.182181 0.585106 0.018617 0.023050
0 0.332447 0.749113 0.013298 0.028369
0 0.354388 0.726950 0.014628 0.023050
0 0.378324 0.808511 0.014628 0.030142
0 0.808511 0.718972 0.013298 0.017730
0 0.739362 0.827128 0.013298 0.024823
0 0.785239 0.624113 0.011968 0.026596
0 0.706117 0.587766 0.015957 0.021277
2 0.405585 0.111702 0.010638 0.037234
2 0.625000 0.270390 0.018617 0.028369
2 0.856383 0.016844 0.021277 0.024823
2 0.805851 0.210106 0.010638 0.014184
2 0.707447 0.296099 0.013298 0.023050
2 0.956117 0.561170 0.013298 0.024823
2 0.938165 0.496454 0.019947 0.030142
2 0.902926 0.380319 0.005319 0.007092
2 0.922207 0.819149 0.155585 0.221631
0 0.670878 0.919326 0.014628 0.028369
0 0.616356 0.359929 0.017287 0.026596
0 0.559840 0.614362 0.000000 0.017730
0 0.425532 0.758865 0.023936 0.026596
0 0.539894 0.489362 0.015957 0.026596