1 0.673500 0.572972 0.019352 0.011692
1 0.660801 0.610264 0.015723 0.008063
1 0.711901 0.579020 0.018747 0.014111
1 0.613631 0.681221 0.013304 0.017739
1 0.422502 0.575391 0.011188 0.010079
1 0.740082 0.533543 0.007257 0.022980
1 0.752631 0.462990 0.018445 0.014111
0 0.818306 0.538502 0.012397 0.042735
1 0.958333 0.731172 0.012095 0.014917
1 0.783110 0.819626 0.022678 0.012498
1 0.861635 0.426020 0.008466 0.022577
1 0.864357 0.309507 0.010885 0.016126
1 0.935111 0.327649 0.012700 0.016933
1 0.679820 0.424528 0.011188 0.020561
1 0.297931 0.940099 0.013694 0.015216
1 0.502891 0.213786 0.020542 0.011158
1 0.729839 0.041083 0.012781 0.012680
1 0.966769 0.539187 0.009373 0.009273