1 0.719415 0.179965 0.023936 0.017730
1 0.829122 0.581560 0.022606 0.040780
1 0.901596 0.620567 0.015957 0.023050
1 0.885638 0.768617 0.015957 0.028369
1 0.830452 0.802305 0.017287 0.017730
1 0.857713 0.831560 0.015957 0.023050
1 0.846410 0.871454 0.009309 0.028369
2 0.968750 0.720745 0.019947 0.042553
2 0.984043 0.789007 0.013298 0.037234
2 0.960106 0.825355 0.013298 0.024823
2 0.946144 0.741135 0.014628 0.033688
2 0.916223 0.777482 0.015957 0.014184
2 0.916888 0.695922 0.017287 0.024823
2 0.988697 0.681738 0.011968 0.017730
2 0.684176 0.613475 0.011968 0.019504
2 0.528590 0.109929 0.014628 0.037234
2 0.341090 0.189716 0.006649 0.015957
2 0.357048 0.250887 0.011968 0.017730
2 0.352394 0.550532 0.015957 0.035461
2 0.293218 0.528369 0.011968 0.023050
2 0.343085 0.410461 0.010638 0.021277
2 0.363032 0.641844 0.026596 0.015957
2 0.293218 0.625887 0.014628 0.019504
2 0.398271 0.750000 0.014628 0.037234
2 0.467420 0.747340 0.006649 0.014184
2 0.542553 0.751773 0.015957 0.030142
2 0.505984 0.804965 0.014628 0.037234
2 0.469415 0.886525 0.023936 0.062057
2 0.648271 0.757979 0.014628 0.035461
2 0.732048 0.718972 0.019947 0.024823
2 0.807846 0.695922 0.011968 0.031915
2 0.520612 0.902482 0.009309 0.033688
2 0.533910 0.858156 0.019947 0.015957
2 0.557846 0.801418 0.011968 0.012411
2 0.603059 0.780142 0.017287 0.054965
2 0.615691 0.676418 0.021277 0.035461
2 0.642287 0.573582 0.021277 0.031915
2 0.591090 0.513298 0.014628 0.010638
2 0.553856 0.341312 0.025266 0.014184
2 0.564495 0.288121 0.014628 0.017730
1 0.797207 0.321809 0.017287 0.021277
1 0.859707 0.367021 0.017287 0.015957
1 0.829787 0.294326 0.013298 0.012411
1 0.767952 0.348404 0.011968 0.014184
1 0.785904 0.423759 0.007979 0.012411
1 0.767952 0.462766 0.014628 0.012411
1 0.861037 0.090426 0.011968 0.015957
1 0.787234 0.782801 0.013298 0.028369
1 0.742021 0.656028 0.015957 0.012411
1 0.735372 0.677305 0.013298 0.008865
1 0.826463 0.640071 0.011968 0.023050
1 0.795878 0.734043 0.014628 0.026596
1 0.772606 0.721631 0.007979 0.019504
1 0.842420 0.691489 0.014628 0.019504
1 0.825798 0.732270 0.029255 0.037234
1 0.854388 0.721631 0.014628 0.019504
1 0.869016 0.616135 0.019947 0.017730
1 0.847739 0.640071 0.014628 0.015957
1 0.545213 0.460106 0.021277 0.031915
1 0.432181 0.317376 0.010638 0.012411
1 0.523271 0.562057 0.014628 0.012411
1 0.329122 0.764184 0.017287 0.005319
1 0.304521 0.803191 0.015957 0.012411
1 0.313165 0.779255 0.027926 0.021277
1 0.377660 0.683511 0.015957 0.010638
1 0.363697 0.717199 0.009309 0.014184
1 0.454787 0.683511 0.021277 0.021277
1 0.449468 0.732270 0.013298 0.012411
1 0.486037 0.706560 0.014628 0.007092
1 0.553856 0.861702 0.009309 0.012411
1 0.540559 0.817376 0.022606 0.012411
1 0.695479 0.798759 0.015957 0.021277
1 0.736037 0.784574 0.014628 0.014184
1 0.809840 0.911348 0.023936 0.026596
1 0.981383 0.884752 0.015957 0.026596
1 0.318484 0.938830 0.011968 0.031915
1 0.293218 0.910461 0.014628 0.014184
1 0.238032 0.971631 0.015957 0.023050
1 0.360372 0.870567 0.013298 0.023050
1 0.391622 0.884752 0.027926 0.026596
1 0.396941 0.852837 0.011968 0.019504
1 0.414894 0.867021 0.018617 0.023050
1 0.408245 0.908688 0.007979 0.017730
1 0.430186 0.934397 0.011968 0.012411
1 0.475399 0.940603 0.011968 0.017730
1 0.619681 0.812943 0.037234 0.028369
1 0.646277 0.817376 0.015957 0.023050
1 0.711436 0.901596 0.013298 0.024823
1 0.740691 0.898050 0.021277 0.021277
1 0.731383 0.847518 0.010638 0.023050
1 0.682181 0.828901 0.015957 0.021277
1 0.703457 0.857270 0.015957 0.024823
1 0.682181 0.879433 0.013298 0.012411
1 0.684176 0.918440 0.014628 0.026596