0 0.889628 0.248227 0.021277 0.054965
0 0.646277 0.296099 0.023936 0.033688
0 0.633644 0.355496 0.011968 0.024823
0 0.728723 0.263298 0.015957 0.017730
0 0.651596 0.478723 0.013298 0.026596
0 0.523936 0.415780 0.013298 0.021277
0 0.398271 0.432624 0.017287 0.023050
0 0.535239 0.505319 0.014628 0.015957
0 0.433511 0.613475 0.010638 0.030142
0 0.545878 0.579787 0.027926 0.023050
0 0.525266 0.659574 0.015957 0.015957
0 0.539894 0.835106 0.015957 0.023050
0 0.535904 0.885638 0.015957 0.021277
0 0.541223 0.991135 0.015957 0.012411
0 0.710106 0.879433 0.021277 0.019504
0 0.751995 0.696809 0.019947 0.030142
0 0.797872 0.531028 0.026596 0.028369
0 0.956782 0.294326 0.027926 0.026596
0 0.902926 0.703901 0.010638 0.023050
0 0.881649 0.804078 0.018617 0.021277
0 0.780585 0.941489 0.010638 0.023050
1 0.655585 0.917553 0.007979 0.021277
1 0.629654 0.962766 0.009309 0.019504
1 0.709441 0.582447 0.011968 0.024823
1 0.656250 0.665780 0.011968 0.021277
1 0.650266 0.718972 0.013298 0.017730
1 0.697473 0.631206 0.006649 0.012411
1 0.740027 0.624113 0.006649 0.012411
1 0.384973 0.703014 0.011968 0.010638
1 0.466090 0.714539 0.006649 0.005319
1 0.349069 0.846631 0.009309 0.031915
1 0.472739 0.787234 0.003989 0.012411
1 0.980718 0.869681 0.011968 0.024823