0 0.322473 0.297872 0.019947 0.026596
0 0.491356 0.279255 0.014628 0.028369
0 0.527261 0.394504 0.025266 0.024823
0 0.767952 0.488475 0.017287 0.017730
0 0.716755 0.846631 0.021277 0.024823
0 0.406250 0.839539 0.033245 0.031915
0 0.922207 0.606383 0.017287 0.026596
0 0.805186 0.797872 0.027926 0.044326
0 0.817819 0.261525 0.021277 0.024823
0 0.087766 0.570922 0.021277 0.026596
0 0.299867 0.629433 0.019947 0.019504
0 0.372340 0.652482 0.015957 0.023050
2 0.226064 0.625887 0.021277 0.019504
2 0.782580 0.382979 0.030585 0.026596
2 0.621676 0.938830 0.033245 0.028369
2 0.976729 0.593972 0.019947 0.023050
2 0.636968 0.868794 0.018617 0.023050
2 0.643617 0.898050 0.015957 0.035461
2 0.667553 0.889184 0.018617 0.035461
1 0.160239 0.778369 0.011968 0.015957
1 0.174202 0.759752 0.010638 0.017730
1 0.194149 0.522163 0.010638 0.017730
1 0.154920 0.471631 0.009309 0.012411
1 0.188830 0.294326 0.013298 0.015957
1 0.281250 0.359929 0.009309 0.012411
1 0.427527 0.473404 0.017287 0.019504
1 0.412234 0.313830 0.015957 0.015957
1 0.553191 0.261525 0.005319 0.010638
1 0.702128 0.460993 0.018617 0.019504
1 0.476729 0.013298 0.011968 0.024823
1 0.300532 0.765071 0.013298 0.021277
1 0.319814 0.681738 0.014628 0.017730
1 0.197473 0.587766 0.017287 0.014184
1 0.109707 0.653369 0.009309 0.014184
1 0.190824 0.637411 0.009309 0.010638
1 0.226064 0.680851 0.007979 0.015957
1 0.283245 0.819149 0.023936 0.033688
1 0.344415 0.816489 0.007979 0.010638
1 0.358378 0.767730 0.017287 0.030142
1 0.599734 0.483156 0.007979 0.017730
1 0.564495 0.349291 0.014628 0.019504
1 0.555851 0.373227 0.007979 0.014184
1 0.728059 0.605496 0.011968 0.024823
1 0.763298 0.574468 0.015957 0.019504
1 0.933511 0.685284 0.010638 0.017730
1 0.927527 0.523936 0.011968 0.014184
1 0.964761 0.517730 0.009309 0.019504
1 0.981383 0.721631 0.018617 0.012411
1 0.580452 0.726064 0.006649 0.010638