0 0.440160 0.161348 0.010638 0.026596
0 0.605718 0.085106 0.011968 0.019504
0 0.517952 0.060284 0.014628 0.015957
0 0.422872 0.057624 0.018617 0.010638
0 0.668883 0.176418 0.015957 0.017730
0 0.831782 0.247340 0.014628 0.017730
0 0.508644 0.490248 0.027926 0.017730
0 0.468085 0.652482 0.023936 0.026596
0 0.703457 0.500000 0.021277 0.030142
0 0.572473 0.590426 0.017287 0.026596
0 0.259309 0.748227 0.013298 0.019504
0 0.249335 0.806738 0.009309 0.030142
0 0.648936 0.628546 0.013298 0.021277
0 0.805186 0.559397 0.017287 0.039007
0 0.599734 0.833333 0.010638 0.012411
0 0.716090 0.956560 0.017287 0.017730
0 0.575798 0.898050 0.010638 0.017730
0 0.597074 0.875887 0.010638 0.026596
0 0.859812 0.771743 0.066489 0.069989
0 0.838466 0.725084 0.022396 0.036394
0 0.908105 0.981243 0.016097 0.016797
2 0.896906 0.925252 0.016097 0.011198
2 0.948698 0.906122 0.017497 0.012131
2 0.923852 0.969578 0.009798 0.015864
2 0.971095 0.990622 0.046892 0.018756
2 0.957447 0.834267 0.013998 0.013998
2 0.952898 0.796006 0.007699 0.008399
2 0.968295 0.855263 0.013298 0.011198
2 0.903555 0.839866 0.011198 0.013998
2 0.860512 0.859929 0.016097 0.009332
2 0.844065 0.842199 0.009798 0.011198
2 0.828667 0.863195 0.011198 0.015864
2 0.817819 0.898190 0.006299 0.016797
2 0.783525 0.903789 0.009099 0.020530
2 0.739082 0.907055 0.008399 0.021463
2 0.714236 0.919186 0.011898 0.013998
2 0.714936 0.838932 0.011898 0.023330
2 0.708637 0.858996 0.017497 0.007465
2 0.729633 0.775476 0.013298 0.019597
2 0.740831 0.798339 0.013298 0.013065
2 0.743631 0.815603 0.016097 0.010265
2 0.756579 0.788541 0.008399 0.021463
2 0.964446 0.644364 0.016797 0.014931
2 0.896207 0.687290 0.017497 0.016797
2 0.772676 0.563643 0.005599 0.008399
2 0.812220 0.500187 0.017497 0.021463
2 0.530865 0.793673 0.016097 0.022396
2 0.481523 0.797406 0.016797 0.013065
2 0.474524 0.857130 0.020997 0.022396
2 0.485722 0.900523 0.012598 0.012131
2 0.555011 0.813270 0.026596 0.011198
2 0.548012 0.704087 0.006999 0.024263
2 0.569709 0.645763 0.013998 0.027062
2 0.584406 0.706420 0.019597 0.023330
2 0.538214 0.565510 0.013998 0.017730
2 0.571459 0.537514 0.010498 0.017730
2 0.830767 0.564110 0.009798 0.026129
2 0.834616 0.682158 0.009099 0.027062
2 0.819919 0.694756 0.010498 0.020530
2 0.894457 0.585106 0.008399 0.023330
2 0.900406 0.603303 0.007699 0.024263
2 0.909854 0.750747 0.009798 0.024263
2 0.929101 0.737215 0.010498 0.021463
2 0.851764 0.524449 0.011198 0.021463
2 0.866811 0.459127 0.003499 0.004666
2 0.880109 0.485722 0.016097 0.007465
2 0.880459 0.499253 0.012598 0.008399
2 0.892707 0.541247 0.017497 0.015864
2 0.901806 0.507652 0.004899 0.021463
2 0.937850 0.510452 0.011198 0.021463
2 0.949748 0.690556 0.013998 0.012131
2 0.936100 0.713886 0.006299 0.010265
2 0.977744 0.719951 0.015398 0.013065
2 0.977744 0.754013 0.013998 0.019597
2 0.993491 0.785741 0.010498 0.015864
2 0.960946 0.778742 0.012598 0.011198
2 0.922452 0.781075 0.006999 0.006532
2 0.942049 0.849197 0.013998 0.015864
2 0.601904 0.667227 0.020997 0.012131
2 0.614152 0.625700 0.013298 0.020530
2 0.473124 0.494121 0.011198 0.020530
2 0.581607 0.565043 0.008399 0.007465
2 0.507069 0.462859 0.013298 0.008399
2 0.527716 0.427398 0.012598 0.013998
2 0.556061 0.459593 0.010498 0.022396
2 0.582657 0.439530 0.010498 0.019597
2 0.756929 0.465192 0.011898 0.009332
2 0.764978 0.417600 0.011198 0.007465
2 0.697438 0.755412 0.016097 0.022396
2 0.728233 0.742348 0.010498 0.027996
2 0.671543 0.700355 0.018897 0.011198
2 0.637948 0.779209 0.018897 0.025196
2 0.538214 0.740948 0.012598 0.021463
2 0.581257 0.759612 0.011898 0.012131
2 0.595605 0.736282 0.012598 0.013998
2 0.570409 0.733483 0.006999 0.013998
2 0.563410 0.746081 0.009798 0.018664
2 0.611352 0.896323 0.014698 0.020530
2 0.643897 0.920586 0.016797 0.016797
2 0.769877 0.825401 0.009798 0.024263
2 0.803821 0.797406 0.011898 0.013065
2 0.798572 0.856196 0.015398 0.022396
2 0.784924 0.832867 0.013298 0.013065
2 0.714236 0.725551 0.011898 0.016797
2 0.662794 0.711086 0.013998 0.017730
2 0.659295 0.755412 0.008399 0.016797
2 0.676442 0.734882 0.010498 0.018664
2 0.631649 0.701754 0.006299 0.017730
2 0.768477 0.636432 0.009798 0.017730
2 0.936800 0.562243 0.016097 0.016797
2 0.990342 0.523516 0.012598 0.028929
2 0.984392 0.548712 0.013298 0.013998
2 0.996920 0.566443 0.006159 0.023330
2 0.963746 0.414334 0.011198 0.027062
2 0.994471 0.495521 0.011058 0.019597
2 0.796473 0.696155 0.016797 0.012131
2 0.778275 0.655562 0.013998 0.014931
2 0.669093 0.795073 0.015398 0.017730
2 0.491321 0.655562 0.009798 0.014931
2 0.476974 0.684490 0.014698 0.014931
2 0.978443 0.292553 0.008399 0.029862
2 0.981943 0.378406 0.015398 0.020530
2 0.900756 0.202968 0.015398 0.011198
2 0.572858 0.297219 0.021697 0.011198
2 0.652996 0.153509 0.004199 0.007465
2 0.578108 0.247760 0.004199 0.014931
2 0.535064 0.185704 0.004899 0.008399
2 0.559560 0.116181 0.007699 0.009332
2 0.573558 0.100317 0.003499 0.003733
2 0.508469 0.348078 0.010498 0.013998
2 0.746431 0.337813 0.006299 0.010265
2 0.863662 0.313083 0.006999 0.009332
2 0.770227 0.709686 0.007699 0.007465
2 0.516167 0.735816 0.013298 0.007465
2 0.585456 0.796939 0.011898 0.021463
2 0.690789 0.784341 0.005599 0.007465
2 0.721235 0.703621 0.011898 0.012131
2 0.478723 0.705954 0.008399 0.007465
1 0.506019 0.839866 0.006999 0.006532
1 0.737682 0.947182 0.006999 0.008399
1 0.774426 0.902856 0.006299 0.009332
1 0.834966 0.889324 0.004199 0.004666
1 0.852114 0.921053 0.003499 0.010265
1 0.822018 0.827268 0.006299 0.013065
1 0.771976 0.786674 0.002800 0.006532
1 0.740831 0.699888 0.004899 0.010265
1 0.749230 0.693356 0.004899 0.008399
1 0.791223 0.617301 0.006299 0.009332
1 0.625000 0.550112 0.006999 0.009332
1 0.479073 0.730216 0.003499 0.007465
1 0.461226 0.826334 0.005599 0.007465
1 0.553261 0.778742 0.007699 0.011198
1 0.568309 0.797872 0.005599 0.008399
1 0.606103 0.860862 0.008399 0.011198
1 0.480123 0.966779 0.008399 0.010265
1 0.684490 0.335946 0.006999 0.008399
1 0.965146 0.205300 0.004199 0.012131
1 0.992791 0.342479 0.010498 0.010265
1 0.926652 0.268757 0.005599 0.008399
1 0.983693 0.455394 0.004899 0.017730
1 0.749930 0.521183 0.006299 0.007465
1 0.760428 0.524916 0.007699 0.007465
1 0.551862 0.572508 0.009099 0.011198
2 0.536814 0.322882 0.016797 0.021463
2 0.589656 0.270157 0.017497 0.009332
2 0.650896 0.105916 0.005599 0.009332
2 0.918953 0.255226 0.008399 0.007465
2 0.606103 0.369541 0.019597 0.015864
2 0.848614 0.824468 0.009099 0.016797
2 0.860162 0.836133 0.009798 0.010265
2 0.916853 0.806738 0.012598 0.013065
2 0.900406 0.806738 0.007699 0.009332
2 0.902506 0.782008 0.010498 0.013998
2 0.774426 0.847331 0.006299 0.008399
2 0.800322 0.823535 0.010498 0.016797
2 0.811170 0.823068 0.006999 0.023330
2 0.465426 0.728350 0.006999 0.013065
2 0.527366 0.107316 0.003499 0.006532
2 0.597704 0.386338 0.004199 0.006532
2 0.873810 0.342479 0.003499 0.002800
2 0.883609 0.355543 0.004899 0.002800