2 0.914894 0.442376 0.015957 0.021277
2 0.796543 0.194149 0.015957 0.031915
2 0.793883 0.249113 0.013298 0.028369
2 0.944149 0.210993 0.015957 0.019504
2 0.857713 0.272163 0.010638 0.014184
2 0.877660 0.404255 0.015957 0.030142
2 0.941489 0.429078 0.013298 0.026596
2 0.974734 0.539894 0.010638 0.021277
2 0.761303 0.505319 0.009309 0.033688
2 0.798537 0.574468 0.009309 0.019504
2 0.790559 0.559397 0.017287 0.014184
2 0.891622 0.617021 0.022606 0.015957
2 0.728059 0.332447 0.025266 0.028369
2 0.694814 0.304965 0.009309 0.026596
2 0.716755 0.270390 0.015957 0.024823
2 0.692154 0.133865 0.019947 0.024823
2 0.716090 0.199468 0.017287 0.031915
2 0.711436 0.226950 0.015957 0.023050
2 0.624335 0.235816 0.019947 0.033688
2 0.628324 0.192376 0.011968 0.024823
2 0.616356 0.314716 0.027926 0.024823
2 0.606383 0.247340 0.013298 0.014184
2 0.670213 0.405142 0.015957 0.028369
2 0.700798 0.413121 0.021277 0.015957
2 0.807846 0.383865 0.019947 0.017730
2 0.649601 0.439716 0.017287 0.033688
2 0.642287 0.519504 0.026596 0.015957
2 0.654255 0.546986 0.013298 0.028369
2 0.604388 0.475177 0.009309 0.026596
2 0.615691 0.448582 0.015957 0.030142
2 0.596410 0.403369 0.011968 0.021277
2 0.539229 0.417553 0.014628 0.028369
2 0.565824 0.382979 0.019947 0.026596
2 0.492021 0.378546 0.031915 0.014184
2 0.503989 0.222518 0.010638 0.028369
2 0.531915 0.189716 0.015957 0.019504
2 0.397606 0.218085 0.015957 0.026596
2 0.371011 0.275709 0.007979 0.028369
2 0.348404 0.339539 0.010638 0.028369
2 0.296543 0.421986 0.010638 0.030142
2 0.277926 0.459220 0.007979 0.030142
2 0.313830 0.540780 0.023936 0.023050
2 0.319814 0.453901 0.017287 0.030142
2 0.357048 0.589539 0.014628 0.035461
2 0.378324 0.583333 0.009309 0.033688
2 0.390957 0.492908 0.013298 0.030142
2 0.344415 0.519504 0.023936 0.015957
2 0.353723 0.537234 0.029255 0.019504
2 0.503324 0.454787 0.019947 0.017730
2 0.484707 0.484043 0.017287 0.033688
2 0.549867 0.480496 0.017287 0.019504
2 0.471410 0.609929 0.011968 0.033688
2 0.400931 0.638298 0.022606 0.023050
2 0.379654 0.683511 0.011968 0.035461
2 0.408245 0.725177 0.015957 0.033688
2 0.504654 0.602837 0.006649 0.026596
2 0.521277 0.579787 0.010638 0.033688
2 0.601064 0.779255 0.026596 0.021277
2 0.670213 0.742908 0.026596 0.015957
2 0.712766 0.659574 0.015957 0.026596
2 0.666223 0.793440 0.013298 0.031915
2 0.720745 0.802305 0.021277 0.028369
2 0.523936 0.781915 0.007979 0.040780
2 0.142287 0.821809 0.013298 0.024823
2 0.236702 0.550532 0.021277 0.017730
2 0.634973 0.643617 0.027926 0.023050
2 0.539229 0.617908 0.011968 0.028369
2 0.589096 0.539894 0.018617 0.017730
2 0.617021 0.554965 0.029255 0.019504
2 0.587101 0.677305 0.017287 0.033688
2 0.772606 0.484043 0.013298 0.026596
2 0.602394 0.624113 0.010638 0.026596
2 0.537899 0.573582 0.011968 0.014184
2 0.196144 0.502660 0.022606 0.017730
2 0.165559 0.496454 0.017287 0.023050
2 0.188830 0.250887 0.018617 0.014184
2 0.375665 0.148050 0.019947 0.014184
2 0.430851 0.354610 0.021277 0.033688
2 0.586436 0.578901 0.026596 0.017730
2 0.548537 0.545213 0.017287 0.014184
2 0.791223 0.913121 0.029255 0.026596
1 0.843750 0.779255 0.014628 0.017730
1 0.986702 0.975177 0.005319 0.012411
1 0.818484 0.985816 0.011968 0.012411
1 0.623670 0.838652 0.010638 0.008865
1 0.640957 0.587766 0.013298 0.014184
1 0.171543 0.671986 0.015957 0.015957
1 0.142287 0.588652 0.010638 0.026596
1 0.206117 0.381206 0.015957 0.019504
1 0.275266 0.289007 0.018617 0.015957
1 0.225399 0.253546 0.011968 0.012411
1 0.168218 0.359043 0.011968 0.017730
1 0.682846 0.224291 0.011968 0.021277
1 0.593750 0.340426 0.009309 0.023050
1 0.545878 0.710993 0.022606 0.023050
1 0.445479 0.461879 0.013298 0.014184
1 0.474069 0.538121 0.009309 0.017730
1 0.286569 0.577128 0.014628 0.024823
1 0.310505 0.584220 0.017287 0.017730
1 0.276596 0.551418 0.018617 0.015957
1 0.235372 0.577128 0.007979 0.017730
1 0.323138 0.746454 0.013298 0.026596
1 0.319149 0.878546 0.031915 0.014184
1 0.319814 0.944149 0.019947 0.021277
1 0.290559 0.977837 0.019947 0.021277
1 0.276596 0.957447 0.018617 0.015957
1 0.507314 0.858156 0.009309 0.015957
1 0.575133 0.846631 0.006649 0.017730
1 0.116356 0.311170 0.027926 0.010638
1 0.109043 0.171099 0.021277 0.017730
1 0.075798 0.140071 0.015957 0.026596
1 0.020612 0.253546 0.017287 0.037234
1 0.303191 0.049645 0.015957 0.023050
1 0.380319 0.016844 0.007979 0.021277
1 0.323803 0.045213 0.009309 0.014184
1 0.682181 0.291667 0.015957 0.021277
1 0.781250 0.079787 0.014628 0.023050
1 0.565824 0.610816 0.014628 0.024823
1 0.158245 0.736702 0.015957 0.024823
1 0.164894 0.752660 0.010638 0.028369
1 0.150931 0.937057 0.022606 0.021277
1 0.228723 0.903369 0.010638 0.010638