2 0.771055 0.359348 0.024443 0.046312
2 0.804503 0.069468 0.019297 0.018868
2 0.912564 0.078902 0.021870 0.020583
1 0.658491 0.317324 0.012864 0.024014
2 0.632118 0.304460 0.016724 0.015437
0 0.879117 0.542882 0.027015 0.036021
0 0.940223 0.548027 0.018010 0.025729
2 0.904202 0.632075 0.020583 0.032590
2 0.952444 0.686106 0.019297 0.034305
1 0.915137 0.799314 0.014151 0.024014
1 0.938293 0.719554 0.011578 0.022298
1 0.773628 0.574614 0.019297 0.024014
1 0.797427 0.578807 0.018010 0.022108
2 0.695798 0.643225 0.020583 0.027444
2 0.641123 0.487388 0.011578 0.023711
2 0.571655 0.906518 0.009005 0.025729
2 0.581304 0.756432 0.012864 0.030875
2 0.658491 0.759863 0.018010 0.013722
2 0.666209 0.855918 0.010292 0.027444
1 0.573585 0.639794 0.012864 0.020583
1 0.252616 0.720412 0.014151 0.020583
1 0.221098 0.324185 0.012864 0.013722
1 0.279631 0.370497 0.009005 0.017153