0 0.418568 0.476844 0.037307 0.075472
2 0.555542 0.163114 0.026954 0.022053
2 0.583047 0.351221 0.010414 0.026137
2 0.926713 0.849302 0.017765 0.013069
2 0.920587 0.865637 0.009189 0.022870
2 0.933145 0.878706 0.009802 0.026137
2 0.953361 0.865637 0.013477 0.024504
2 0.514804 0.631545 0.015315 0.016336
2 0.490301 0.586213 0.015315 0.022053
2 0.450421 0.786817 0.014702 0.015519
2 0.429286 0.837050 0.011639 0.021237
2 0.658887 0.770236 0.015315 0.027771
2 0.581700 0.822102 0.017765 0.026954
2 0.711264 0.909091 0.024504 0.027771
2 0.319325 0.928122 0.023279 0.026954
2 0.236319 0.942824 0.018990 0.017153
2 0.062035 0.399575 0.017153 0.034305
2 0.221310 0.343053 0.017153 0.022870
2 0.491893 0.207302 0.014090 0.019603
2 0.677571 0.082088 0.012252 0.018786
2 0.886466 0.676713 0.020828 0.030221
2 0.916789 0.931553 0.014090 0.038389
2 0.806522 0.869068 0.018990 0.013069
1 0.675427 0.649759 0.011639 0.026954
1 0.784162 0.531732 0.017153 0.026137
1 0.618884 0.680634 0.012252 0.022053
1 0.520563 0.681859 0.012864 0.017969
1 0.503410 0.650412 0.009189 0.017153
1 0.488095 0.641019 0.010414 0.014702
1 0.374765 0.574042 0.018990 0.019603
1 0.291759 0.573634 0.014702 0.015519
1 0.395900 0.654905 0.013477 0.016336
1 0.318713 0.703096 0.011027 0.014702
1 0.269093 0.704729 0.009802 0.016336
1 0.261741 0.718206 0.009802 0.012252
1 0.255615 0.731275 0.012252 0.013885
1 0.263579 0.841542 0.011027 0.012252
1 0.299722 0.780283 0.012252 0.017153
1 0.380279 0.853386 0.017765 0.017969
1 0.545679 0.913828 0.011639 0.019603
1 0.521788 0.896676 0.009189 0.011435
1 0.673712 0.790493 0.012864 0.017969
1 0.598424 0.767214 0.012252 0.015519
1 0.874826 0.718615 0.009802 0.019603
1 0.805297 0.102099 0.011639 0.016336
1 0.682472 0.274851 0.007351 0.010618
1 0.480499 0.288491 0.014090 0.016336
1 0.124888 0.402026 0.014702 0.017969
1 0.069142 0.712162 0.009802 0.013885
1 0.144184 0.738299 0.012864 0.013885
1 0.191661 0.776280 0.013477 0.014702
1 0.152454 0.784857 0.009802 0.013885
1 0.148779 0.839582 0.008576 0.015519
1 0.069142 0.764845 0.011027 0.017969
1 0.213714 0.950584 0.009802 0.013069
1 0.191048 0.962427 0.013477 0.013885
1 0.525954 0.622642 0.012864 0.013885
1 0.487360 0.520951 0.012864 0.016336
1 0.446623 0.471535 0.008576 0.015519
2 0.339602 0.649187 0.010414 0.027771
2 0.466226 0.766397 0.011027 0.023687
2 0.710835 0.313567 0.017765 0.015519
2 0.550457 0.240872 0.012864 0.010618
2 0.532080 0.121212 0.009189 0.017969
2 0.551376 0.133872 0.009802 0.015519
2 0.258556 0.207384 0.011027 0.018786
2 0.600323 0.629503 0.017765 0.017153
2 0.984481 0.456669 0.008576 0.018786
2 0.052601 0.601405 0.014702 0.013885
2 0.143266 0.440497 0.012252 0.013885
2 0.566446 0.456587 0.013477 0.013069
1 0.376787 0.667320 0.012252 0.011435
1 0.734848 0.514988 0.009189 0.013885
1 0.914339 0.500694 0.011639 0.016336
1 0.836233 0.838683 0.008576 0.014702
1 0.421996 0.326227 0.009802 0.016336
1 0.386159 0.128972 0.010414 0.012252
1 0.478968 0.429633 0.009802 0.016336
1 0.506534 0.343870 0.011027 0.013069
1 0.457833 0.535816 0.010414 0.011435
1 0.645777 0.818672 0.010414 0.017153
1 0.702442 0.785592 0.008576 0.011435
1 0.079249 0.901576 0.010414 0.017969
1 0.051070 0.908111 0.012864 0.016336
1 0.049232 0.948134 0.010414 0.016336
1 0.107122 0.532386 0.012252 0.016336
1 0.047701 0.440905 0.011027 0.013069
1 0.013395 0.454790 0.013477 0.022870
1 0.070060 0.482153 0.012864 0.018786
1 0.387507 0.701789 0.010414 0.017969
1 0.758311 0.912603 0.011027 0.015519
1 0.597505 0.265458 0.009189 0.014702