1 0.322727 0.068611 0.015437 0.027444
1 0.393482 0.950647 0.023156 0.028224
1 0.802067 0.631790 0.019021 0.017153
1 0.520840 0.509434 0.012864 0.020583
1 0.076372 0.627787 0.016724 0.024014
1 0.082161 0.763293 0.012864 0.020583
1 0.014623 0.623499 0.014151 0.022298
1 0.035849 0.900515 0.015437 0.034305
1 0.951801 0.725557 0.015437 0.020583
1 0.691938 0.823328 0.012864 0.024014
1 0.461046 0.462230 0.010806 0.017153
1 0.642520 0.955526 0.010108 0.014702
1 0.685478 0.977579 0.008729 0.012252
1 0.698217 0.529653 0.008576 0.013514
1 0.735251 0.523936 0.007797 0.009356
1 0.788658 0.476376 0.007017 0.015074
1 0.708353 0.420760 0.007017 0.009876
1 0.988195 0.948441 0.007567 0.014126
1 0.010418 0.675916 0.006811 0.013117
1 0.382731 0.509434 0.009838 0.015135
1 0.510998 0.530623 0.006054 0.011099
1 0.558264 0.465058 0.005810 0.010513
1 0.528177 0.470868 0.007055 0.013279
2 0.555343 0.391484 0.010594 0.018162
2 0.488717 0.609348 0.012864 0.020369
2 0.522687 0.580671 0.017287 0.016617
2 0.798788 0.922094 0.009130 0.027112
2 0.871203 0.850163 0.007885 0.020473
2 0.796091 0.816688 0.016184 0.013279
2 0.705168 0.700492 0.012450 0.016599
2 0.771067 0.618990 0.008300 0.022686
2 0.968517 0.323245 0.013279 0.019919
2 0.922246 0.245504 0.013694 0.010513
2 0.401272 0.874843 0.014151 0.030303
2 0.407919 0.900572 0.012864 0.028016
2 0.428716 0.888565 0.017581 0.023442
2 0.727320 0.822946 0.000000 0.001906
2 0.864839 0.935725 0.016795 0.018582
2 0.967755 0.824471 0.014651 0.028588
2 0.319078 0.521207 0.014034 0.022610
2 0.509999 0.801029 0.015788 0.015593
2 0.915932 0.583814 0.008771 0.017153
2 0.611278 0.292219 0.012280 0.014034
2 0.135876 0.429674 0.011110 0.022610
2 0.344924 0.357165 0.005847 0.017932
2 0.532921 0.034695 0.011110 0.014814
1 0.667414 0.570170 0.006432 0.013254
1 0.342001 0.731093 0.009356 0.014814
1 0.275924 0.877670 0.012864 0.010136
1 0.712946 0.690109 0.008246 0.011875
1 0.181135 0.323105 0.013817 0.015247
2 0.872302 0.591767 0.025193 0.014294
1 0.597216 0.328259 0.013401 0.016438
1 0.616513 0.075758 0.011256 0.015723
1 0.996587 0.701472 0.006825 0.023585
1 0.656500 0.884077 0.009112 0.014294
1 0.281717 0.107681 0.007623 0.010800
1 0.548059 0.540499 0.008576 0.010165
1 0.431755 0.414396 0.007147 0.009529
1 0.366956 0.413443 0.008100 0.010165
1 0.441046 0.442666 0.006670 0.011435
1 0.785528 0.780510 0.006670 0.010165
1 0.735881 0.695191 0.006670 0.006988
1 0.683946 0.644368 0.006670 0.012070
1 0.581269 0.715520 0.006194 0.009529