0 0.805186 0.511525 0.025266 0.046099
0 0.676862 0.630319 0.029255 0.039007
1 0.870346 0.641844 0.017287 0.015957
1 0.896941 0.629433 0.019947 0.015957
1 0.863697 0.621454 0.014628 0.021277
1 0.827128 0.609929 0.002660 0.023050
1 0.905585 0.343972 0.018617 0.019504
1 0.928191 0.423759 0.013298 0.015957
1 0.905585 0.456560 0.005319 0.010638
1 0.808511 0.188830 0.013298 0.017730
1 0.674202 0.560284 0.010638 0.015957
1 0.708777 0.604610 0.010638 0.023050
1 0.439495 0.706560 0.014628 0.024823
1 0.501995 0.789007 0.017287 0.019504
1 0.089761 0.539007 0.014628 0.026596
1 0.448138 0.592199 0.015957 0.030142
1 0.652261 0.806738 0.014628 0.033688
1 0.966090 0.804965 0.014628 0.023050
1 0.922872 0.773936 0.013298 0.021277
2 0.790559 0.746454 0.014628 0.026596
2 0.785239 0.857270 0.006649 0.014184
2 0.763298 0.807624 0.018617 0.031915
2 0.732713 0.771277 0.010638 0.030142
2 0.761303 0.672872 0.022606 0.024823
2 0.987367 0.718085 0.001330 0.023050
2 0.967420 0.631206 0.014628 0.030142
2 0.871011 0.710993 0.013298 0.012411
2 0.843750 0.788121 0.011968 0.028369
2 0.847074 0.859929 0.015957 0.019504
2 0.823803 0.878546 0.011968 0.010638
2 0.771941 0.905142 0.022606 0.039007
2 0.829787 0.905142 0.018617 0.021277
2 0.880319 0.884752 0.018617 0.030142
2 0.852394 0.898050 0.015957 0.031915
2 0.872340 0.837766 0.015957 0.024823
2 0.882314 0.780142 0.019947 0.015957
2 0.827128 0.816489 0.007979 0.035461
2 0.795213 0.813830 0.021277 0.023050
2 0.770612 0.728723 0.011968 0.019504
2 0.690824 0.750887 0.017287 0.017730
2 0.706782 0.797872 0.009309 0.019504
2 0.689495 0.812943 0.017287 0.014184
2 0.692819 0.837766 0.015957 0.024823
2 0.680186 0.860816 0.017287 0.017730
2 0.665559 0.898050 0.025266 0.031915
2 0.611702 0.743794 0.013298 0.024823
2 0.602394 0.679078 0.018617 0.019504
2 0.549202 0.750887 0.015957 0.031915
2 0.527926 0.678191 0.015957 0.010638
2 0.501330 0.552305 0.018617 0.028369
2 0.436835 0.523936 0.009309 0.014184
2 0.503324 0.638298 0.014628 0.023050
2 0.536569 0.872340 0.019947 0.040780
2 0.560505 0.867908 0.014628 0.031915
2 0.613697 0.883865 0.025266 0.046099
2 0.627660 0.940603 0.010638 0.014184
2 0.786569 0.570035 0.009309 0.017730
2 0.942154 0.689716 0.009309 0.026596
2 0.978723 0.688830 0.010638 0.021277
2 0.935505 0.729610 0.014628 0.021277
2 0.983378 0.853723 0.011968 0.028369
2 0.507314 0.872340 0.009309 0.023050
2 0.465426 0.944149 0.015957 0.021277
2 0.433511 0.914894 0.018617 0.019504
2 0.382979 0.975177 0.018617 0.033688
2 0.399601 0.886525 0.017287 0.023050
2 0.441489 0.800532 0.013298 0.000000
2 0.460771 0.774823 0.025266 0.015957
2 0.521277 0.723404 0.026596 0.023050
2 0.676197 0.108156 0.014628 0.040780
2 0.702128 0.342199 0.026596 0.019504
2 0.933511 0.328014 0.018617 0.026596
2 0.962766 0.295213 0.013298 0.014184
2 0.416888 0.687057 0.011968 0.024823
2 0.440824 0.627660 0.017287 0.012411
2 0.181516 0.792553 0.014628 0.012411
2 0.209441 0.740248 0.011968 0.010638
2 0.230718 0.765071 0.014628 0.014184
2 0.221410 0.668440 0.011968 0.015957
2 0.197473 0.685284 0.011968 0.021277
2 0.203457 0.606383 0.021277 0.019504
2 0.065160 0.787234 0.015957 0.015957
2 0.016622 0.735816 0.017287 0.026596
2 0.006649 0.357270 0.013298 0.017730
2 0.201463 0.936170 0.014628 0.026596
2 0.166223 0.945035 0.015957 0.019504
2 0.150931 0.980496 0.017287 0.019504
2 0.095745 0.958333 0.010638 0.021277
2 0.054521 0.939716 0.015957 0.012411
2 0.039894 0.911348 0.013298 0.019504
2 0.082447 0.905142 0.026596 0.014184
2 0.069814 0.856383 0.014628 0.019504
2 0.079787 0.828901 0.015957 0.028369
2 0.029255 0.796099 0.010638 0.015957
2 0.047207 0.830674 0.009309 0.017730
2 0.042553 0.879433 0.026596 0.023050
2 0.152926 0.806738 0.013298 0.023050
2 0.963431 0.583333 0.025266 0.030142