0 0.575133 0.937057 0.035904 0.024823
0 0.608378 0.165780 0.025266 0.021277
0 0.788564 0.180851 0.018617 0.023050
0 0.714096 0.053191 0.010638 0.019504
0 0.645612 0.221631 0.014628 0.015957
0 0.454122 0.304965 0.017287 0.023050
0 0.569149 0.273050 0.010638 0.019504
0 0.575798 0.301418 0.013298 0.023050
0 0.620346 0.240248 0.017287 0.021277
0 0.515957 0.179965 0.013298 0.017730
0 0.670878 0.257092 0.019947 0.015957
0 0.527261 0.095745 0.011968 0.019504
0 0.717420 0.185284 0.009309 0.021277
0 0.658910 0.486702 0.011968 0.021277
0 0.297207 0.611702 0.022606 0.023050
0 0.612367 0.696809 0.011968 0.026596
0 0.534574 0.942376 0.015957 0.024823
0 0.519947 0.899823 0.018617 0.028369
0 0.791888 0.729610 0.022606 0.024823
0 0.727394 0.768617 0.015957 0.024823
0 0.171543 0.658688 0.018617 0.021277
0 0.587766 0.773936 0.037234 0.035461
0 0.690824 0.722518 0.011968 0.014184
0 0.880984 0.796099 0.017287 0.023050
0 0.222739 0.737589 0.019947 0.023050
0 0.106383 0.579787 0.013298 0.023050
0 0.724069 0.599291 0.014628 0.030142
0 0.698138 0.608156 0.013298 0.026596
0 0.802527 0.411348 0.017287 0.026596
0 0.630319 0.435284 0.013298 0.031915
0 0.590426 0.523936 0.015957 0.017730
1 0.641622 0.971631 0.009309 0.026596
1 0.611702 0.975177 0.010638 0.030142
1 0.669548 0.912234 0.017287 0.014184
1 0.702793 0.874113 0.009309 0.008865
1 0.704122 0.923759 0.001330 0.008865
1 0.694149 0.940603 0.007979 0.024823
1 0.831117 0.804965 0.005319 0.005319
1 0.928191 0.528369 0.015957 0.015957
1 0.861037 0.125887 0.006649 0.026596
1 0.736037 0.551418 0.009309 0.019504
1 0.754654 0.235816 0.017287 0.015957
2 0.688165 0.210106 0.014628 0.031915
2 0.974734 0.673759 0.013298 0.033688
2 0.833777 0.285461 0.007979 0.008865
1 0.390293 0.774823 0.011968 0.019504
1 0.549867 0.714539 0.019947 0.033688
1 0.554521 0.625000 0.007979 0.010638
1 0.545213 0.653369 0.010638 0.010638
1 0.499335 0.702128 0.009309 0.019504
1 0.428191 0.683511 0.010638 0.014184
1 0.474069 0.669326 0.011968 0.017730
1 0.474734 0.696809 0.010638 0.015957
1 0.439495 0.742908 0.017287 0.015957
1 0.410239 0.794326 0.019947 0.012411
1 0.118351 0.525709 0.007979 0.010638
1 0.315160 0.564716 0.015957 0.017730
1 0.289229 0.582447 0.011968 0.014184
1 0.285239 0.874113 0.014628 0.023050
1 0.221410 0.780142 0.011968 0.026596
1 0.275931 0.793440 0.011968 0.021277
1 0.422207 0.604610 0.006649 0.019504
1 0.435505 0.609043 0.017287 0.017730
1 0.240027 0.523050 0.006649 0.012411
1 0.505984 0.406028 0.009309 0.012411
1 0.509309 0.364362 0.007979 0.010638
1 0.626995 0.288121 0.006649 0.014184
1 0.488697 0.390071 0.006649 0.015957
1 0.474734 0.462766 0.015957 0.015957
1 0.510638 0.487589 0.005319 0.012411
1 0.349069 0.984043 0.017287 0.019504
1 0.204122 0.980496 0.019947 0.019504
1 0.239362 0.948582 0.013298 0.019504
1 0.332447 0.945035 0.021277 0.012411
1 0.308511 0.964539 0.013298 0.023050
1 0.236702 0.807624 0.023936 0.014184
1 0.533910 0.594858 0.006649 0.014184
1 0.581782 0.574468 0.009309 0.015957
1 0.388298 0.943262 0.015957 0.015957
1 0.384309 0.818262 0.010638 0.031915
1 0.253989 0.904255 0.013298 0.019504
1 0.262633 0.947695 0.014628 0.021277
1 0.351064 0.844858 0.007979 0.017730
1 0.293218 0.839539 0.011968 0.021277
1 0.257314 0.835106 0.006649 0.026596
1 0.144282 0.802305 0.019947 0.021277
1 0.021277 0.263298 0.021277 0.021277
1 0.636303 0.684397 0.003989 0.008865
1 0.634973 0.654255 0.003989 0.008865
1 0.647606 0.625887 0.007979 0.005319
1 0.619016 0.577128 0.006649 0.010638
1 0.666223 0.589539 0.010638 0.007092
1 0.853059 0.431738 0.011968 0.014184
1 0.900931 0.375887 0.014628 0.019504
1 0.848404 0.353723 0.007979 0.014184
1 0.723404 0.337766 0.013298 0.017730