0 0.486037 0.434988 0.014628 0.023641
0 0.289894 0.126478 0.015957 0.016548
0 0.437500 0.183215 0.010638 0.016548
0 0.514628 0.342790 0.021277 0.014184
0 0.777926 0.169031 0.005319 0.021277
0 0.642287 0.696217 0.015957 0.030733
0 0.575798 0.848700 0.007979 0.018913
0 0.718750 0.814421 0.006649 0.021277
0 0.900266 0.439716 0.010638 0.014184
0 0.817819 0.622931 0.010638 0.021277
0 0.180186 0.814421 0.011968 0.016548
0 0.454787 0.988180 0.007979 0.018913
0 0.893617 0.886525 0.010638 0.018913
1 0.327793 0.531915 0.006649 0.018913
1 0.307846 0.516548 0.006649 0.011820
1 0.307846 0.554374 0.009309 0.002364
1 0.345080 0.425532 0.003989 0.014184
1 0.388963 0.397163 0.006649 0.009456
1 0.183511 0.217494 0.010638 0.009456
1 0.119681 0.607565 0.005319 0.009456
1 0.209441 0.628842 0.006649 0.009456
1 0.273271 0.663121 0.003989 0.011820
1 0.556516 0.546099 0.009309 0.018913
1 0.765957 0.583924 0.010638 0.018913
1 0.904255 0.619385 0.007979 0.018913
1 0.812500 0.860520 0.013298 0.009456
1 0.734707 0.849882 0.011968 0.026005
1 0.458112 0.592199 0.009309 0.021277
1 0.458112 0.539007 0.003989 0.018913
1 0.247340 0.502364 0.013298 0.011820
1 0.224734 0.503546 0.013298 0.028369
1 0.276596 0.468085 0.007979 0.014184
1 0.234043 0.803783 0.010638 0.018913
1 0.299202 0.672577 0.007979 0.011820
1 0.692154 0.859338 0.009309 0.011820
1 0.735372 0.228132 0.010638 0.011820
1 0.595745 0.693853 0.005319 0.021277
1 0.480053 0.574468 0.005319 0.009456
1 0.521941 0.586288 0.003989 0.004728
1 0.468750 0.893617 0.009309 0.018913
1 0.338431 0.769504 0.006649 0.011820
1 0.307181 0.713948 0.007979 0.009456
1 0.831782 0.804965 0.009309 0.026005