1 0.778590 0.085993 0.014628 0.021277
0 0.947473 0.314716 0.014628 0.028369
0 0.799867 0.286348 0.011968 0.024823
0 0.826463 0.555851 0.014628 0.017730
0 0.892287 0.337766 0.013298 0.017730
0 0.920878 0.499113 0.009309 0.017730
0 0.650266 0.602837 0.010638 0.026596
1 0.272606 0.546099 0.023936 0.015957
1 0.218085 0.691489 0.018617 0.023050
1 0.339096 0.632092 0.021277 0.017730
1 0.297207 0.818262 0.027926 0.053191
1 0.279255 0.765957 0.015957 0.015957
1 0.577793 0.662234 0.019947 0.017730
1 0.059840 0.529255 0.015957 0.014184
1 0.309176 0.314716 0.019947 0.014184
1 0.653590 0.457447 0.019947 0.015957
1 0.766622 0.442376 0.011968 0.024823
1 0.961436 0.234929 0.015957 0.021277
1 0.811835 0.214539 0.009309 0.019504
1 0.615691 0.638298 0.013298 0.023050
1 0.929521 0.626773 0.013298 0.024823
1 0.184176 0.668440 0.022606 0.012411
1 0.169548 0.650709 0.011968 0.019504
1 0.292553 0.191489 0.010638 0.008865
1 0.307181 0.226950 0.007979 0.008865
1 0.312500 0.240248 0.015957 0.021277
1 0.590426 0.499113 0.007979 0.010638
1 0.607713 0.426418 0.005319 0.014184
1 0.689495 0.476064 0.011968 0.010638
1 0.740027 0.426418 0.009309 0.017730
1 0.833112 0.502660 0.011968 0.010638
1 0.936170 0.388298 0.005319 0.005319
1 0.180851 0.523050 0.013298 0.023050
1 0.214096 0.512411 0.018617 0.030142
1 0.918883 0.931738 0.013298 0.021277
1 0.482048 0.884752 0.011968 0.023050
1 0.615027 0.718972 0.017287 0.017730
1 0.073803 0.680851 0.014628 0.023050
1 0.130319 0.579787 0.034574 0.026596
1 0.338431 0.859929 0.017287 0.023050
1 0.145612 0.436170 0.014628 0.019504
1 0.338431 0.886525 0.014628 0.015957
1 0.430851 0.856383 0.007979 0.008865