2 0.553531 0.551244 0.013937 0.037879
2 0.493496 0.524085 0.008576 0.027873
2 0.801011 0.768654 0.013401 0.025014
2 0.815216 0.807962 0.012864 0.017867
2 0.831296 0.804031 0.015009 0.014294
2 0.844697 0.811535 0.009648 0.019297
2 0.839873 0.835835 0.015009 0.013579
2 0.890259 0.788665 0.008576 0.025014
2 0.930996 0.779017 0.015009 0.014294
2 0.922420 0.839766 0.016081 0.018582
2 0.895619 0.855132 0.015009 0.019297
2 0.902051 0.888794 0.007504 0.020583
2 0.882218 0.895154 0.011792 0.009291
2 0.881682 0.910520 0.011792 0.012864
2 0.951365 0.874786 0.010720 0.012864
2 0.974682 0.771512 0.013401 0.023585
2 0.991835 0.691109 0.006968 0.022870
2 0.961549 0.716123 0.008576 0.010006
2 0.935016 0.646083 0.009112 0.018582
2 0.929388 0.668954 0.012864 0.015723
2 0.842767 0.572113 0.011792 0.020726
2 0.784341 0.774014 0.010720 0.021441
2 0.801494 0.793668 0.015009 0.013579
2 0.743604 0.813679 0.021441 0.012150
2 0.746820 0.832261 0.009648 0.019297
2 0.733419 0.860492 0.016081 0.011435
2 0.724843 0.894797 0.011792 0.024300
2 0.663200 0.889794 0.015009 0.024300
2 0.673921 0.867996 0.009648 0.019297
2 0.615119 0.866924 0.011256 0.022870
2 0.603059 0.857990 0.007504 0.026444
2 0.591534 0.852987 0.008040 0.020726
2 0.595287 0.878716 0.015545 0.027873
2 0.561249 0.873356 0.008576 0.022870
2 0.491835 0.917667 0.014473 0.010006
2 0.434748 0.974843 0.011792 0.024300
2 0.499607 0.796169 0.017153 0.015723
2 0.509791 0.779731 0.013937 0.011435
2 0.526944 0.764365 0.018225 0.013579
2 0.386775 0.781161 0.017689 0.020011
2 0.585531 0.728988 0.014473 0.012864
2 0.600004 0.753645 0.008040 0.030732
2 0.656554 0.681103 0.021441 0.008576
2 0.687911 0.707190 0.019833 0.010720
2 0.664862 0.744354 0.005896 0.019297
2 0.665130 0.725772 0.012864 0.012150
2 0.650926 0.732561 0.011256 0.017153
2 0.812804 0.673242 0.021977 0.024300
2 0.840677 0.749357 0.015545 0.030732
2 0.888115 0.467624 0.007504 0.019297
2 0.764026 0.291953 0.009112 0.020726
2 0.746605 0.341981 0.017153 0.013579
2 0.729721 0.108991 0.009112 0.029302
2 0.632969 0.006790 0.016081 0.013579
2 0.558998 0.178674 0.010720 0.018582
2 0.678531 0.128288 0.012864 0.015009
2 0.558408 0.239565 0.009112 0.017153
2 0.564090 0.364137 0.016617 0.012150
2 0.635381 0.316538 0.009112 0.020726
2 0.704528 0.563107 0.015545 0.012150
2 0.697559 0.634220 0.016617 0.014294
2 0.743925 0.747141 0.013937 0.024300
2 0.521477 0.579545 0.011792 0.020726
2 0.495480 0.627073 0.020905 0.015723
2 0.249178 0.940180 0.010720 0.020726
2 0.226933 0.828688 0.009112 0.027873
2 0.204956 0.806890 0.011256 0.025729
2 0.252662 0.683605 0.010184 0.020726
2 0.248374 0.606061 0.011256 0.017153
2 0.258290 0.613208 0.016081 0.010006
2 0.181050 0.836907 0.006968 0.017153
2 0.212943 0.935892 0.015009 0.009291
2 0.198471 0.981632 0.012864 0.016438
2 0.179710 0.975915 0.015009 0.017867
2 0.148085 0.878002 0.016081 0.013579
2 0.124500 0.830475 0.005360 0.024300
2 0.113243 0.785806 0.012864 0.020726
2 0.072238 0.798313 0.020905 0.020011
2 0.093143 0.830117 0.011256 0.023585
2 0.107347 0.899443 0.010720 0.015009
2 0.127716 0.901587 0.018225 0.015009
2 0.089122 0.867281 0.012864 0.013579
2 0.117531 0.861206 0.011792 0.021441
2 0.098396 0.930174 0.010184 0.013579
2 0.087943 0.923385 0.012864 0.027158
2 0.077759 0.939108 0.010720 0.022870
2 0.046670 0.967338 0.018225 0.013579
2 0.146262 0.569540 0.017153 0.017867
2 0.954581 0.826329 0.013937 0.020011
2 0.760006 0.799385 0.011792 0.017867
2 0.338908 0.224771 0.022513 0.022156
2 0.527641 0.491352 0.013401 0.022156
2 0.719536 0.527659 0.012328 0.009291
2 0.517456 0.943754 0.013401 0.026444
1 0.465194 0.910163 0.008576 0.015009
1 0.658269 0.819039 0.009648 0.014294
2 0.707851 0.805460 0.012328 0.031447
1 0.802459 0.858348 0.013937 0.025729
1 0.735456 0.687178 0.008576 0.016438
1 0.820790 0.721126 0.008576 0.011435
1 0.728381 0.037164 0.010720 0.015723
1 0.483902 0.142724 0.012328 0.016438
1 0.540720 0.187893 0.011256 0.020726
1 0.465141 0.458405 0.012328 0.015723
1 0.321755 0.518439 0.009648 0.011435
1 0.126644 0.609062 0.020369 0.017153
1 0.061571 0.734491 0.015009 0.025014
1 0.232293 0.791810 0.012328 0.012150
1 0.261507 0.741424 0.011792 0.011435
1 0.295008 0.694969 0.008040 0.015723
1 0.367371 0.714623 0.012328 0.015009
1 0.331189 0.786092 0.009648 0.015009
1 0.092124 0.894583 0.009648 0.015009
1 0.054335 0.906018 0.009112 0.010720
1 0.054871 0.921384 0.010184 0.012864
1 0.414701 0.748999 0.009648 0.011435
1 0.452223 0.658233 0.010720 0.011435
1 0.574703 0.664666 0.006968 0.012864
1 0.584084 0.667524 0.008576 0.010006
1 0.649693 0.765795 0.010720 0.009291
1 0.619676 0.832976 0.012864 0.013579
1 0.661485 0.845483 0.009648 0.012864
1 0.673867 0.685749 0.010184 0.012150
1 0.691020 0.619282 0.008040 0.010720
1 0.682712 0.531018 0.011792 0.011435
1 0.717285 0.512436 0.010184 0.012864
1 0.957797 0.346913 0.012864 0.017153
1 0.890259 0.263651 0.012864 0.010720
1 0.767242 0.345483 0.011256 0.014294
1 0.857561 0.226344 0.007504 0.012150
1 0.975218 0.195254 0.008040 0.010006
1 0.975218 0.422742 0.011256 0.012150
1 0.956189 0.459906 0.011792 0.016438
1 0.767778 0.740209 0.009112 0.010720
1 0.905803 0.868139 0.010720 0.009291
1 0.877930 0.813465 0.008576 0.011435
1 0.873910 0.825257 0.005896 0.010720
1 0.892939 0.813107 0.007504 0.013579
1 0.910628 0.806318 0.007504 0.012864
1 0.852737 0.792381 0.010720 0.007862
2 0.679871 0.934105 0.009112 0.022870
1 0.561625 0.801029 0.010184 0.011435
1 0.639884 0.728845 0.009112 0.011435
1 0.477201 0.858205 0.007504 0.010006
1 0.493228 0.356275 0.008040 0.010720
1 0.411968 0.505146 0.008040 0.010006
1 0.447345 0.485849 0.006968 0.011435
1 0.333226 0.556389 0.008576 0.010720
2 0.075775 0.522441 0.013401 0.024300
2 0.009345 0.806532 0.018689 0.059320
1 0.102308 0.685749 0.010720 0.010720
1 0.379967 0.870855 0.009648 0.010720
1 0.557336 0.697327 0.008040 0.009291
1 0.569129 0.644440 0.008040 0.007862
1 0.532411 0.844554 0.006432 0.009291
1 0.471305 0.772727 0.008576 0.012864
1 0.613833 0.466124 0.006968 0.014294
1 0.654838 0.589766 0.007504 0.008576
1 0.716802 0.710549 0.008576 0.011435
1 0.698363 0.527444 0.006432 0.008576
1 0.919472 0.714337 0.011256 0.015009
1 0.924028 0.944468 0.009648 0.015009
1 0.773674 0.793668 0.006968 0.010720
1 0.787343 0.834405 0.007504 0.012150
1 0.783591 0.851558 0.008576 0.012150
1 0.501054 0.703259 0.006968 0.010006
1 0.628091 0.691467 0.006968 0.009291
1 0.608794 0.826901 0.008040 0.010006
1 0.109974 0.304031 0.015545 0.021441
1 0.016974 0.360706 0.010720 0.019297
1 0.115816 0.248213 0.008576 0.012150
1 0.287182 0.268582 0.009112 0.014294