1 0.836699 0.774910 0.010525 0.013254
1 0.698113 0.964369 0.010525 0.017932
1 0.744601 0.832216 0.009941 0.010915
1 0.728520 0.080695 0.010525 0.013254
1 0.568123 0.187900 0.009941 0.014034
1 0.539471 0.349291 0.013449 0.017153
1 0.559937 0.428271 0.013449 0.014814
1 0.538886 0.463356 0.011110 0.014814
1 0.787521 0.467410 0.013449 0.016373
1 0.891899 0.314206 0.011695 0.015593
1 0.612681 0.566194 0.012280 0.012475
1 0.714369 0.336660 0.009356 0.012475
1 0.634843 0.372135 0.009356 0.011695
1 0.306039 0.692889 0.011110 0.016373
1 0.254697 0.536254 0.008771 0.012475
1 0.298846 0.564322 0.014034 0.020271
1 0.393868 0.730080 0.009941 0.014034
1 0.234114 0.818962 0.011110 0.014034
1 0.226220 0.766334 0.011695 0.014814
1 0.340246 0.747232 0.010525 0.014034
1 0.037638 0.961640 0.012280 0.017153
1 0.649111 0.629892 0.011695 0.014814
1 0.164412 0.726961 0.013449 0.014034
1 0.994075 0.413223 0.011850 0.028068
1 0.282941 0.806487 0.011695 0.032746
2 0.244055 0.887962 0.016958 0.024170
2 0.252859 0.870383 0.010292 0.020011
2 0.197327 0.859806 0.011578 0.020583
2 0.185749 0.854660 0.009863 0.025157
2 0.178245 0.879817 0.012007 0.017153
2 0.176744 0.863236 0.009863 0.020583
2 0.162379 0.866381 0.012864 0.018868
2 0.145226 0.867238 0.011149 0.024014
2 0.111778 0.927845 0.018010 0.028588
2 0.086478 0.902116 0.014580 0.016009
2 0.198828 0.830074 0.015437 0.011435
2 0.260749 0.934019 0.010292 0.024014
2 0.194497 0.896284 0.008148 0.016009
2 0.289994 0.902859 0.014580 0.017724
2 0.302216 0.900572 0.012436 0.030303
2 0.309934 0.862550 0.016724 0.018296
2 0.319583 0.836821 0.015437 0.017153
2 0.327301 0.854545 0.010292 0.014866
2 0.415423 0.847113 0.018439 0.014866
2 0.462807 0.925729 0.014580 0.013150
2 0.462593 0.912007 0.013293 0.015437
2 0.485535 0.906861 0.008576 0.023442
2 0.477387 0.870555 0.016295 0.017153
2 0.469668 0.802516 0.009434 0.022870
2 0.453802 0.833962 0.011149 0.020583
2 0.505089 0.857118 0.015437 0.018868
2 0.562121 0.789365 0.015437 0.022870
2 0.604145 0.819954 0.013722 0.021155
2 0.617439 0.794225 0.012007 0.020011
2 0.643811 0.895998 0.014151 0.021155
2 0.770698 0.905718 0.008576 0.022298
2 0.744969 0.918010 0.012007 0.017153
2 0.846812 0.897713 0.007290 0.021155
2 0.869325 0.907719 0.010292 0.017153
2 0.881332 0.913150 0.006861 0.018868
2 0.866109 0.889994 0.011578 0.014866
2 0.818296 0.900858 0.011149 0.019440
2 0.809505 0.834820 0.016724 0.024585
2 0.829874 0.847970 0.009434 0.016581
2 0.886478 0.855689 0.017153 0.010292
2 0.874686 0.841681 0.010720 0.015437
2 0.858819 0.860549 0.009005 0.017724
2 0.827730 0.862836 0.017153 0.014294
2 0.852387 0.824528 0.009005 0.018868
2 0.839737 0.819668 0.011149 0.019440
2 0.802430 0.792510 0.010292 0.023442
2 0.787850 0.788794 0.012007 0.020583
2 0.770912 0.807947 0.010720 0.017724
2 0.771126 0.794797 0.012864 0.012007
2 0.761478 0.773356 0.014151 0.016009
2 0.756761 0.737907 0.011578 0.022870
2 0.742610 0.725329 0.014151 0.025157
2 0.726529 0.754488 0.014580 0.024014
2 0.703416 0.794511 0.015009 0.021727
2 0.535620 0.887135 0.011149 0.012579
2 0.512550 0.796226 0.016295 0.013722
2 0.423185 0.823099 0.012007 0.021727
2 0.405389 0.813665 0.018439 0.012007
2 0.389094 0.819668 0.013293 0.014866
2 0.376872 0.776787 0.013722 0.018296
2 0.368939 0.786221 0.009005 0.025729
2 0.356933 0.785649 0.010720 0.016581
2 0.334420 0.803087 0.012864 0.013722
2 0.318768 0.818811 0.021012 0.010863
2 0.317353 0.753059 0.017153 0.025729
2 0.262893 0.710177 0.017153 0.008576
2 0.239737 0.745340 0.007719 0.019440
2 0.241238 0.727616 0.012436 0.009148
2 0.226658 0.733047 0.009863 0.014294
2 0.215294 0.728188 0.010292 0.013722
2 0.180775 0.753059 0.009005 0.025729
2 0.115509 0.758205 0.015866 0.012007
2 0.100071 0.773642 0.013293 0.014294
2 0.091066 0.788222 0.017581 0.016009
2 0.231075 0.683819 0.018010 0.013722
2 0.269240 0.638651 0.016295 0.011435
2 0.137679 0.561464 0.008576 0.019440
2 0.130818 0.544883 0.012864 0.009148
2 0.081504 0.532304 0.010292 0.013722
2 0.084934 0.623785 0.018868 0.011435
2 0.384463 0.680903 0.021012 0.024585
2 0.415166 0.757461 0.015009 0.037736
2 0.508905 0.681990 0.015009 0.011435
2 0.514051 0.657404 0.009863 0.019440
2 0.547070 0.732361 0.012436 0.013150
2 0.579703 0.706632 0.007719 0.021155
2 0.573056 0.744654 0.011578 0.014866
2 0.558691 0.751229 0.006003 0.013150
2 0.614651 0.704345 0.012436 0.020011
2 0.602430 0.640595 0.007719 0.017153
2 0.596855 0.724071 0.006003 0.018296
2 0.606718 0.745226 0.014580 0.013722
2 0.591924 0.742653 0.008148 0.018868
2 0.603716 0.730074 0.006003 0.013150
2 0.693511 0.706918 0.016295 0.019440
2 0.625543 0.736650 0.015009 0.013722
2 0.671641 0.632018 0.012864 0.017153
2 0.779488 0.697256 0.008148 0.023442
2 0.827301 0.695540 0.017153 0.012007
2 0.849600 0.692967 0.011149 0.021727
2 0.861821 0.684105 0.009005 0.022298
2 0.871212 0.705718 0.012007 0.016581
2 0.866581 0.740880 0.010292 0.020583
2 0.876229 0.736306 0.006432 0.018296
2 0.892310 0.731161 0.011149 0.017153
2 0.903502 0.761750 0.010720 0.006289
2 0.870483 0.799485 0.012436 0.013150
2 0.876272 0.818067 0.012864 0.018296
2 0.886135 0.832647 0.017153 0.008576
2 0.902216 0.782619 0.012436 0.018296
2 0.908005 0.797484 0.017153 0.012579
2 0.898356 0.804631 0.011578 0.010863
2 0.928159 0.801772 0.017153 0.010863
2 0.927945 0.777187 0.012436 0.022298
2 0.950672 0.780332 0.013293 0.016009
2 0.946598 0.800915 0.016295 0.012579
2 0.937807 0.747170 0.011578 0.021727
2 0.957747 0.734877 0.011149 0.021155
2 0.991195 0.643110 0.012864 0.019440
2 0.975758 0.796627 0.016295 0.015437
2 0.987979 0.776329 0.011578 0.012579
2 0.985620 0.739451 0.007719 0.016581
2 0.995054 0.740595 0.007719 0.020011
2 0.985406 0.832647 0.011578 0.018868
2 0.994097 0.852945 0.011806 0.010292
2 0.968897 0.851801 0.012864 0.025157
2 0.976830 0.904403 0.016724 0.013722
2 0.983047 0.887250 0.018868 0.020583
2 0.983262 0.872098 0.018439 0.014294
2 0.933305 0.837793 0.016295 0.021155
2 0.923013 0.585763 0.009434 0.018868
2 0.922799 0.556032 0.015866 0.013150
2 0.923871 0.542596 0.026587 0.016009
2 0.931375 0.512007 0.011578 0.023442
2 0.965037 0.509720 0.013722 0.022298
2 0.908648 0.487421 0.015009 0.012007
2 0.881847 0.524871 0.009434 0.019440
2 0.866624 0.508290 0.008148 0.022870
2 0.838536 0.501429 0.007719 0.014866
2 0.414351 0.578902 0.012864 0.020011
2 0.159763 0.665180 0.014151 0.011435
2 0.289608 0.532018 0.013293 0.012007
2 0.275886 0.567753 0.013293 0.011435
2 0.243939 0.553459 0.013722 0.006861
2 0.462421 0.474271 0.009005 0.016581
2 0.963965 0.562321 0.016724 0.013150
2 0.328845 0.351630 0.032590 0.022870
2 0.341281 0.299257 0.011149 0.019440
2 0.307190 0.119154 0.009863 0.030875
2 0.211754 0.326717 0.009802 0.024504
2 0.214204 0.015111 0.029405 0.025321
2 0.920771 0.678592 0.022053 0.031038
2 0.127951 0.205832 0.009802 0.021237
2 0.144797 0.196030 0.014090 0.022870
2 0.257821 0.140488 0.012252 0.014702
2 0.684616 0.161317 0.010414 0.023687
2 0.609267 0.243404 0.006739 0.017969
2 0.620600 0.269950 0.015927 0.010618
2 0.625807 0.877073 0.011639 0.029405
2 0.539737 0.846851 0.018378 0.029405
1 0.311423 0.044515 0.009189 0.015519
1 0.634077 0.858286 0.011027 0.011435
1 0.599465 0.795802 0.007964 0.015519
1 0.583844 0.777424 0.009802 0.013069
1 0.492873 0.822347 0.010414 0.016336
1 0.471433 0.826431 0.007964 0.014702
1 0.498081 0.726783 0.013477 0.017969
1 0.511558 0.963244 0.011027 0.015519
1 0.238953 0.844809 0.007351 0.013885
1 0.016887 0.739851 0.011639 0.014702
1 0.047823 0.654905 0.011027 0.011435
1 0.755554 0.579923 0.009189 0.014702
1 0.246794 0.689210 0.007351 0.013069
1 0.965490 0.712652 0.009802 0.013885
1 0.776199 0.339133 0.007351 0.013069
1 0.264866 0.624847 0.010414 0.016336
1 0.269766 0.533774 0.006739 0.012252
1 0.372682 0.728743 0.010414 0.014702
1 0.270379 0.611533 0.009189 0.010618
1 0.244344 0.622560 0.007351 0.011435