0 0.713431 0.445922 0.033245 0.039007
1 0.648936 0.531028 0.015957 0.017730
1 0.611702 0.474291 0.026596 0.021277
1 0.729388 0.593085 0.022606 0.010638
1 0.787899 0.709220 0.017287 0.023050
1 0.857048 0.679078 0.022606 0.026596
1 0.986702 0.679965 0.010638 0.017730
1 0.979388 0.776596 0.009309 0.026596
1 0.924867 0.927305 0.009309 0.023050
1 0.425532 0.738475 0.021277 0.017730
1 0.364362 0.753546 0.015957 0.023050
1 0.545878 0.700355 0.014628 0.023050
1 0.829787 0.317376 0.015957 0.033688
1 0.853723 0.356383 0.013298 0.012411
1 0.893617 0.656028 0.023936 0.026596
1 0.208112 0.703014 0.025266 0.021277
1 0.263963 0.506206 0.009309 0.021277
1 0.318484 0.315603 0.017287 0.015957
1 0.337101 0.234929 0.017287 0.014184
1 0.148271 0.192376 0.014628 0.017730
1 0.041888 0.349291 0.017287 0.023050
1 0.007979 0.757979 0.015957 0.010638
1 0.039894 0.611702 0.005319 0.008865
1 0.083112 0.714539 0.006649 0.019504
1 0.546543 0.522163 0.013298 0.021277
1 0.500665 0.515071 0.009309 0.014184
1 0.712101 0.570922 0.017287 0.026596
1 0.926862 0.807624 0.010638 0.014184