2 0.697727 0.296741 0.027015 0.037736
2 0.772985 0.182676 0.012864 0.022298
2 0.875257 0.437393 0.019297 0.034305
2 0.869468 0.359348 0.018010 0.036021
0 0.920283 0.233276 0.014151 0.027444
2 0.881690 0.158662 0.016724 0.022298
2 0.693225 0.235849 0.015437 0.025729
2 0.496398 0.097770 0.023156 0.020583
3 0.539494 0.508576 0.024443 0.018868
2 0.570369 0.495712 0.024443 0.020583
2 0.601244 0.949400 0.029588 0.025729
1 0.576158 0.972556 0.012864 0.024014
0 0.525343 0.703116 0.021870 0.020869
2 0.448799 0.749571 0.020583 0.024014
1 0.288436 0.733419 0.017124 0.018582
2 0.671355 0.688679 0.018010 0.022298
2 0.706089 0.824185 0.020583 0.022298
1 0.662133 0.891366 0.009802 0.017153
0 0.775557 0.437393 0.023156 0.027444
2 0.753045 0.389365 0.019297 0.020583
2 0.741910 0.760320 0.013722 0.021727