0 0.750000 0.210106 0.018617 0.017730
0 0.629654 0.810284 0.011968 0.012411
0 0.851064 0.921986 0.007979 0.023050
0 0.860372 0.899823 0.010638 0.014184
0 0.892287 0.503546 0.010638 0.023050
0 0.858378 0.513298 0.014628 0.017730
0 0.961436 0.519504 0.015957 0.019504
0 0.501330 0.367021 0.018617 0.019504
0 0.674202 0.353723 0.018617 0.014184
0 0.741356 0.284574 0.014628 0.017730
0 0.888298 0.127660 0.007979 0.015957
3 0.317154 0.697695 0.017287 0.024823
2 0.671543 0.573582 0.021277 0.010638
2 0.804521 0.550532 0.013298 0.028369
2 0.811170 0.608156 0.018617 0.023050
2 0.905585 0.620567 0.018617 0.023050
2 0.856383 0.647163 0.015957 0.023050
2 0.823803 0.701241 0.017287 0.024823
2 0.787234 0.757979 0.013298 0.024823
2 0.859043 0.789007 0.013298 0.033688
2 0.890293 0.813830 0.006649 0.012411
2 0.875000 0.708333 0.010638 0.028369
2 0.922872 0.719858 0.015957 0.012411
2 0.916223 0.790780 0.010638 0.008865
2 0.888963 0.768617 0.011968 0.017730
2 0.888298 0.723404 0.013298 0.012411
2 0.868351 0.753546 0.013298 0.008865
2 0.908245 0.737589 0.010638 0.015957
2 0.989362 0.705674 0.018617 0.012411
2 0.993351 0.733156 0.013298 0.007092
2 0.983378 0.638298 0.014628 0.030142
2 0.965426 0.568262 0.034574 0.014184
2 0.918883 0.533688 0.010638 0.019504
2 0.892287 0.554965 0.026596 0.015957
2 0.843085 0.556738 0.010638 0.019504
2 0.857713 0.571809 0.021277 0.031915
2 0.694149 0.802305 0.018617 0.031915
2 0.757314 0.800532 0.014628 0.021277
2 0.716755 0.901596 0.015957 0.024823
2 0.691489 0.904255 0.013298 0.023050
2 0.668218 0.266844 0.017287 0.039007
2 0.550532 0.203014 0.010638 0.021277
2 0.597074 0.129433 0.013298 0.023050
2 0.728059 0.101950 0.006649 0.007092
2 0.768617 0.114362 0.031915 0.028369
2 0.843085 0.091312 0.010638 0.021277
2 0.959441 0.132979 0.014628 0.019504
2 0.994016 0.065603 0.011968 0.019504
2 0.965426 0.203901 0.018617 0.026596
2 0.932181 0.178191 0.023936 0.031915
2 0.898936 0.294326 0.010638 0.030142
2 0.820479 0.256206 0.015957 0.035461
2 0.784574 0.241135 0.007979 0.026596
2 0.847739 0.288121 0.017287 0.021277
0 0.744681 0.440603 0.013298 0.024823
0 0.783910 0.703901 0.019947 0.023050
0 0.708112 0.734043 0.014628 0.026596
2 0.456117 0.504433 0.015957 0.024823
2 0.476064 0.573582 0.018617 0.028369
2 0.548537 0.653369 0.009309 0.014184
2 0.551197 0.515071 0.019947 0.024823
2 0.526596 0.493794 0.015957 0.021277
2 0.520612 0.442376 0.019947 0.021277
2 0.636303 0.377660 0.014628 0.012411
2 0.671543 0.390071 0.013298 0.019504
2 0.588431 0.514184 0.019947 0.023050
2 0.588431 0.570922 0.022606 0.019504
2 0.657580 0.498227 0.017287 0.019504
2 0.641622 0.560284 0.019947 0.015957
2 0.767287 0.350177 0.010638 0.014184
2 0.876995 0.379433 0.017287 0.019504
2 0.896941 0.378546 0.025266 0.024823
2 0.858378 0.452128 0.017287 0.026596
2 0.803191 0.373227 0.007979 0.010638
2 0.819814 0.380319 0.022606 0.010638
2 0.845745 0.406915 0.018617 0.021277
2 0.865027 0.422872 0.022606 0.017730
2 0.414229 0.655142 0.009309 0.014184
2 0.402926 0.297872 0.015957 0.019504
2 0.422207 0.383865 0.017287 0.017730
2 0.406915 0.421099 0.015957 0.010638
2 0.320479 0.500887 0.021277 0.017730
2 0.263298 0.553191 0.018617 0.019504
2 0.363697 0.738475 0.019947 0.039007
2 0.375665 0.780142 0.019947 0.030142
2 0.409574 0.790780 0.013298 0.019504
2 0.464096 0.701241 0.015957 0.017730
2 0.438165 0.703901 0.025266 0.026596
2 0.480053 0.682624 0.007979 0.015957
2 0.416888 0.550532 0.014628 0.028369
2 0.496011 0.532801 0.010638 0.021277
2 0.529920 0.589539 0.017287 0.024823
2 0.549867 0.587766 0.017287 0.046099
2 0.324468 0.642730 0.018617 0.017730
2 0.473404 0.815603 0.010638 0.015957
2 0.486702 0.757979 0.015957 0.017730
2 0.541888 0.699468 0.019947 0.010638
2 0.580452 0.681738 0.011968 0.031915
2 0.603059 0.715426 0.011968 0.031915
2 0.561835 0.765957 0.011968 0.023050
2 0.569149 0.826241 0.015957 0.012411
2 0.381649 0.907801 0.015957 0.023050
2 0.361702 0.926418 0.007979 0.021277
2 0.335771 0.853723 0.017287 0.021277
2 0.241356 0.877660 0.014628 0.030142