1 0.289201 0.730178 0.016864 0.016568
1 0.510651 0.549704 0.010651 0.020118
1 0.505325 0.594675 0.010651 0.015385
1 0.268787 0.397633 0.007988 0.018935
1 0.377071 0.333136 0.009763 0.017751
1 0.273225 0.305325 0.006213 0.016568
2 0.558580 0.349704 0.037278 0.010651
0 0.616272 0.642012 0.014201 0.022485
0 0.920710 0.115385 0.008876 0.027219
0 0.902515 0.188757 0.016864 0.015385
0 0.679290 0.032544 0.007101 0.017751
0 0.768935 0.076923 0.017751 0.016568
0 0.155621 0.794083 0.023077 0.021302
0 0.401479 0.801775 0.017751 0.017751
0 0.859467 0.705325 0.008876 0.021302
1 0.607840 0.909467 0.009763 0.020118
1 0.577219 0.911243 0.012426 0.023669
1 0.341124 0.649704 0.010651 0.014201
1 0.194231 0.705917 0.020414 0.031953
1 0.168935 0.456213 0.015976 0.022485
1 0.170266 0.523077 0.009763 0.016568
1 0.261686 0.434320 0.009763 0.014201
1 0.445858 0.432544 0.017751 0.013018
1 0.409911 0.415385 0.006213 0.009467
1 0.432988 0.417160 0.004438 0.005917
1 0.479586 0.422485 0.007101 0.009467
1 0.486686 0.403550 0.019527 0.011834
1 0.216864 0.584615 0.019527 0.030769
1 0.408136 0.634911 0.016864 0.029586
1 0.466272 0.508284 0.023077 0.015385
1 0.540828 0.383432 0.017751 0.011834
1 0.578550 0.371006 0.013314 0.005917
1 0.594083 0.390533 0.008876 0.009467
1 0.542604 0.462722 0.005325 0.016568
1 0.602959 0.355621 0.012426 0.015385
1 0.686834 0.323669 0.007988 0.020118
1 0.761391 0.275148 0.016864 0.022485
1 0.661982 0.273964 0.016864 0.010651
1 0.673521 0.353254 0.011538 0.017751
1 0.765385 0.379290 0.005325 0.013018
1 0.752959 0.533136 0.010651 0.017751
1 0.653550 0.901775 0.014201 0.016568
1 0.417456 0.553254 0.008876 0.010651
1 0.750740 0.566864 0.007988 0.007101
1 0.762722 0.542604 0.010651 0.015385
1 0.995266 0.530178 0.007101 0.014201
1 0.665533 0.411834 0.006213 0.002367
1 0.638905 0.377515 0.023964 0.016568
1 0.521746 0.537278 0.009763 0.021302
1 0.607396 0.695266 0.014201 0.015385
1 0.637130 0.673964 0.006213 0.003550
1 0.730769 0.683432 0.021302 0.020118
0 0.769379 0.052071 0.013314 0.018935
0 0.696598 0.060947 0.013314 0.017751
0 0.223077 0.523669 0.007101 0.010651
0 0.092160 0.617160 0.015089 0.013018