0 0.654255 0.097518 0.050532 0.069149
0 0.949468 0.383865 0.079787 0.078014
0 0.809176 0.103723 0.022606 0.049645
0 0.722074 0.085993 0.015957 0.024823
0 0.610372 0.073582 0.013298 0.014184
0 0.759973 0.134752 0.017287 0.012411
0 0.893617 0.151596 0.015957 0.014184
0 0.967420 0.172872 0.014628 0.024823
0 0.473404 0.628546 0.029255 0.031915
0 0.130984 0.382092 0.017287 0.021277
0 0.098404 0.500887 0.018617 0.024823
0 0.168218 0.559397 0.019947 0.021277
0 0.129654 0.637411 0.014628 0.024823
0 0.438165 0.735816 0.022606 0.023050
0 0.684840 0.593972 0.015957 0.026596
0 0.841090 0.750000 0.011968 0.030142
0 0.813165 0.769504 0.025266 0.019504
2 0.521941 0.817376 0.030585 0.040780
2 0.792553 0.859043 0.010638 0.028369
2 0.667553 0.382979 0.021277 0.012411
2 0.840426 0.458333 0.015957 0.024823
2 0.282580 0.171986 0.011968 0.015957
2 0.215426 0.929965 0.015957 0.017730
1 0.599734 0.332447 0.013298 0.014184
1 0.811170 0.271277 0.018617 0.019504
1 0.937500 0.247340 0.007979 0.014184
1 0.942154 0.308511 0.009309 0.012411
1 0.692154 0.250887 0.019947 0.014184
1 0.630984 0.273936 0.009309 0.010638
1 0.749335 0.461879 0.017287 0.014184
1 0.646277 0.476950 0.013298 0.012411
1 0.606383 0.484043 0.007979 0.012411
1 0.533910 0.467199 0.014628 0.014184
1 0.424202 0.294326 0.010638 0.012411
1 0.391622 0.384752 0.006649 0.012411
1 0.410239 0.502660 0.003989 0.014184
1 0.355053 0.581560 0.015957 0.015957
1 0.432846 0.621454 0.011968 0.014184
1 0.437500 0.659574 0.013298 0.015957
1 0.527261 0.675532 0.011968 0.015957
1 0.551197 0.609043 0.009309 0.007092
1 0.466755 0.489362 0.010638 0.023050
1 0.484043 0.503546 0.010638 0.019504
1 0.710771 0.691489 0.017287 0.026596
1 0.690160 0.745567 0.018617 0.024823
1 0.670878 0.775709 0.011968 0.021277
1 0.678856 0.934397 0.014628 0.026596
1 0.863032 0.812057 0.010638 0.026596
3 0.867686 0.859043 0.022606 0.035461
1 0.876330 0.921099 0.010638 0.014184
1 0.973404 0.766844 0.010638 0.017730
1 0.948138 0.703014 0.007979 0.010638
1 0.908245 0.655142 0.007979 0.010638
3 0.796543 0.531915 0.013298 0.019504
1 0.597074 0.517730 0.015957 0.019504
1 0.833777 0.515071 0.005319 0.010638
1 0.773936 0.648936 0.010638 0.023050
1 0.662899 0.640071 0.006649 0.008865
1 0.470745 0.799645 0.005319 0.008865
0 0.561170 0.838652 0.026596 0.023050