2 0.508644 0.619385 0.017287 0.028369
2 0.665559 0.542553 0.014628 0.021277
2 0.593085 0.678487 0.015957 0.014184
2 0.577793 0.125296 0.014628 0.014184
2 0.807846 0.182033 0.009309 0.014184
2 0.908245 0.069740 0.007979 0.026005
2 0.787899 0.793144 0.011968 0.026005
2 0.585771 0.800236 0.011968 0.016548
1 0.244681 0.510638 0.007979 0.028369
1 0.255984 0.211584 0.014628 0.016548
1 0.550532 0.199764 0.015957 0.016548
1 0.732713 0.276596 0.007979 0.018913
2 0.530585 0.731678 0.018617 0.021277
2 0.779255 0.476359 0.010638 0.030733
2 0.819814 0.965721 0.006649 0.016548
0 0.387633 0.450355 0.006649 0.016548
0 0.674202 0.669031 0.010638 0.009456
0 0.688165 0.509456 0.006649 0.016548
0 0.653590 0.458629 0.009309 0.014184
0 0.795213 0.542553 0.007979 0.021277
0 0.370346 0.757683 0.014628 0.021277
2 0.456782 0.555556 0.019947 0.018913
0 0.253989 0.747045 0.013298 0.018913
0 0.544548 0.820331 0.011968 0.028369
0 0.751330 0.580378 0.010638 0.026005
0 0.550532 0.301418 0.013298 0.016548
0 0.091090 0.119385 0.011968 0.030733
0 0.120346 0.414894 0.017287 0.026005
0 0.165559 0.470449 0.009309 0.018913
0 0.401596 0.507092 0.005319 0.016548
0 0.621676 0.737589 0.009309 0.018913
0 0.621011 0.495272 0.015957 0.016548
1 0.871676 0.386525 0.009309 0.011820
1 0.511303 0.508274 0.011968 0.018913
1 0.575133 0.485816 0.009309 0.011820
1 0.765293 0.388889 0.003989 0.011820
1 0.606383 0.808511 0.015957 0.014184