0 0.768482 0.508576 0.289451 0.440823
0 0.817367 0.156947 0.027015 0.029160
0 0.557504 0.270154 0.021870 0.046312
2 0.794046 0.632137 0.013783 0.022666
2 0.855382 0.564751 0.009648 0.022666
2 0.834707 0.498897 0.012405 0.018378
2 0.876516 0.527077 0.010567 0.017153
2 0.876286 0.915401 0.007351 0.022666
2 0.841598 0.898248 0.007811 0.020216
2 0.808288 0.904374 0.011027 0.020216
2 0.764641 0.905905 0.006432 0.024504
2 0.740061 0.919689 0.013324 0.017765
2 0.678725 0.160500 0.009189 0.023279
2 0.602686 0.096177 0.012405 0.020828
2 0.597945 0.295026 0.017629 0.012706
2 0.613430 0.268661 0.016200 0.012070
2 0.603424 0.244203 0.007623 0.021600
2 0.847850 0.304555 0.008576 0.017788
2 0.960628 0.509688 0.014770 0.023505
2 0.926561 0.510641 0.012388 0.020329
2 0.917747 0.541452 0.021441 0.014612
2 0.917747 0.558605 0.019535 0.013341
2 0.959199 0.563687 0.017629 0.012070
2 0.916555 0.584779 0.009529 0.022235
2 0.986596 0.642716 0.014294 0.018423
2 0.984785 0.981767 0.011435 0.016517
2 0.972588 0.905851 0.014866 0.019694
2 0.951433 0.735786 0.010482 0.025411
2 0.824932 0.698685 0.020488 0.015247
2 0.802300 0.653580 0.014294 0.013976
2 0.782050 0.664380 0.014770 0.013976
2 0.773474 0.698367 0.009053 0.026047
2 0.869862 0.818944 0.011435 0.020964
2 0.880821 0.836097 0.014294 0.014612
2 0.969919 0.795121 0.014294 0.011435
2 0.964678 0.848485 0.010482 0.016517
2 0.895115 0.782733 0.015247 0.012070
2 0.900356 0.799250 0.018106 0.010800
2 0.860095 0.745569 0.010959 0.019059
2 0.882727 0.856426 0.018106 0.013341
2 0.922511 0.804015 0.013817 0.008894
2 0.921320 0.777651 0.013341 0.024776
2 0.939426 0.802427 0.019059 0.017153
2 0.918700 0.921542 0.016676 0.012706
2 0.782669 0.791627 0.010482 0.023505
2 0.798393 0.793215 0.007623 0.025411
2 0.765040 0.811003 0.007623 0.020329
2 0.763611 0.795121 0.015247 0.011435
2 0.755749 0.774157 0.011912 0.017788
2 0.687139 0.752875 0.011912 0.019694
2 0.722159 0.755733 0.009529 0.026682
2 0.804349 0.828791 0.020488 0.005082
2 0.802443 0.844356 0.012864 0.014612
2 0.774093 0.865638 0.010482 0.019059
2 0.696906 0.796074 0.016200 0.019694
2 0.638635 0.896004 0.017629 0.024141
2 0.555492 0.789912 0.016200 0.027952
2 0.472826 0.871228 0.015723 0.020329
2 0.480211 0.907757 0.006670 0.024776
2 0.409694 0.848993 0.016200 0.016517
2 0.416841 0.824535 0.009529 0.019694
2 0.498793 0.856299 0.015247 0.018423
2 0.573598 0.706372 0.004765 0.026047
2 0.507131 0.796265 0.012864 0.015247
2 0.464249 0.804523 0.010006 0.022870
2 0.296916 0.897910 0.009053 0.024141
2 0.285481 0.905216 0.013817 0.019694
2 0.238740 0.891557 0.013341 0.017788
2 0.244695 0.870593 0.010006 0.021600
2 0.157503 0.865193 0.009053 0.019694
2 0.139874 0.869005 0.008100 0.026047
2 0.093800 0.771806 0.011435 0.015882
2 0.109285 0.758783 0.015723 0.012706
2 0.221444 0.734896 0.008100 0.016517
2 0.234785 0.726637 0.010006 0.012706
2 0.255035 0.710438 0.014294 0.015882
2 0.225256 0.684391 0.018582 0.012070
2 0.262467 0.637952 0.017153 0.012706
2 0.190522 0.861063 0.009529 0.016517
2 0.180516 0.855028 0.005718 0.027317
2 0.170748 0.860111 0.005241 0.023505
2 0.173131 0.883616 0.015723 0.015882
2 0.106426 0.929992 0.012864 0.027317
2 0.080459 0.902357 0.011435 0.013976
2 0.497364 0.493870 0.009529 0.016517
2 0.456388 0.476717 0.010482 0.024141
2 0.313401 0.463884 0.012864 0.020329
2 0.407979 0.579252 0.012388 0.022870
2 0.853901 0.862016 0.009053 0.020964
2 0.860095 0.891239 0.010959 0.012070
2 0.862953 0.908710 0.010006 0.013976
2 0.818642 0.859475 0.008100 0.017153
2 0.834127 0.822311 0.009529 0.024141
2 0.887015 0.732101 0.011435 0.013976
2 0.846277 0.692840 0.010006 0.022870
2 0.688187 0.708722 0.014770 0.020329
2 0.698431 0.699193 0.022870 0.015247
2 0.609332 0.704275 0.013341 0.025411
2 0.595753 0.730640 0.009053 0.017153
2 0.600041 0.746839 0.012864 0.011435
2 0.587177 0.743345 0.009053 0.027317
2 0.502462 0.680643 0.020488 0.012706
2 0.506035 0.660631 0.010482 0.017153
2 0.987310 0.415539 0.009053 0.027317
2 0.916079 0.685852 0.020011 0.016517
2 0.863192 0.799695 0.013341 0.011435
2 0.931564 0.750524 0.010006 0.020329
2 0.611048 0.794676 0.011435 0.023505
2 0.511229 0.900451 0.015723 0.015247
2 0.383537 0.681913 0.015723 0.024141
2 0.315974 0.835017 0.010959 0.019059
2 0.304063 0.865193 0.016676 0.015882
2 0.174941 0.754018 0.010006 0.027317
2 0.277381 0.805794 0.010959 0.036846
2 0.410886 0.761959 0.012864 0.038117
2 0.369910 0.777206 0.015723 0.017788
2 0.382536 0.821994 0.010482 0.020964
2 0.399689 0.814688 0.017153 0.011435
2 0.310400 0.818309 0.018106 0.010800
2 0.350899 0.785274 0.008576 0.019694
2 0.131440 0.562925 0.009529 0.018423
2 0.125246 0.545772 0.013341 0.013341
2 0.284480 0.533067 0.013341 0.013341
2 0.970634 0.693984 0.008100 0.020329
2 0.980878 0.778794 0.014294 0.010800
2 0.943714 0.779747 0.012388 0.012706
2 0.560018 0.324185 0.013817 0.023505
2 0.512610 0.650149 0.010482 0.017788
2 0.541913 0.733054 0.013817 0.015882
2 0.327600 0.804841 0.010959 0.022235
2 0.925847 0.838193 0.010959 0.017788
2 0.979925 0.835334 0.009529 0.018423
2 0.967299 0.869005 0.012864 0.015882
2 0.978734 0.870275 0.011912 0.014612
2 0.979925 0.885840 0.019059 0.013976
1 0.762896 0.244140 0.017629 0.012070
1 0.532241 0.461343 0.010482 0.015247
1 0.533194 0.349215 0.010482 0.015882
1 0.553681 0.429261 0.013341 0.017153
1 0.434089 0.363509 0.012388 0.022870
1 0.513420 0.607585 0.011912 0.016517
1 0.738692 0.833746 0.010959 0.017788
1 0.230020 0.820088 0.007909 0.012325
1 0.387634 0.730322 0.009053 0.013976
1 0.220872 0.765580 0.011912 0.014612
1 0.289721 0.564894 0.007623 0.020329
1 0.627771 0.835652 0.012864 0.020329
1 0.824836 0.795439 0.010006 0.017153
1 0.601137 0.817038 0.019059 0.017153
1 0.493933 0.726193 0.011435 0.015882