2 0.529920 0.179965 0.019947 0.028369
0 0.838431 0.380319 0.017287 0.031915
0 0.561170 0.399823 0.021277 0.021277
0 0.389628 0.453901 0.010638 0.026596
0 0.603723 0.506206 0.015957 0.021277
0 0.767287 0.531915 0.026596 0.015957
0 0.894947 0.583333 0.023936 0.019504
0 0.986702 0.594858 0.015957 0.017730
0 0.855053 0.747340 0.013298 0.024823
0 0.763963 0.792553 0.017287 0.023050
0 0.554521 0.976064 0.021277 0.014184
0 0.380319 0.965426 0.010638 0.021277
0 0.435505 0.766844 0.009309 0.024823
0 0.328457 0.822695 0.023936 0.019504
0 0.363032 0.787234 0.018617 0.015957
0 0.308511 0.756206 0.018617 0.024823
2 0.363697 0.687057 0.019947 0.010638
2 0.638963 0.482270 0.011968 0.019504
1 0.517952 0.621454 0.006649 0.021277
0 0.013298 0.885638 0.026596 0.017730
1 0.588431 0.554965 0.011968 0.012411