2 0.739407 0.929484 0.018106 0.029858
2 0.706769 0.720475 0.016676 0.014612
2 0.719157 0.747157 0.015723 0.014612
2 0.799870 0.704911 0.018582 0.010165
2 0.780097 0.667111 0.015247 0.015882
2 0.805349 0.687123 0.008576 0.016517
2 0.835604 0.692523 0.010959 0.022235
2 0.898736 0.838638 0.015247 0.019694
2 0.720586 0.875802 0.016676 0.012706
2 0.648640 0.860238 0.008100 0.018423
2 0.750365 0.917096 0.010482 0.026682
2 0.568785 0.803380 0.008100 0.029223
2 0.547583 0.866082 0.020964 0.010800
2 0.548059 0.886729 0.014294 0.010165
2 0.518804 0.869259 0.008576 0.024776
2 0.519996 0.898799 0.007147 0.021600
2 0.530954 0.887682 0.007147 0.023505
2 0.506416 0.857824 0.005718 0.017153
2 0.509990 0.876564 0.006194 0.017788
2 0.474970 0.883235 0.012388 0.012070
2 0.484976 0.905152 0.009529 0.016517
2 0.504987 0.919764 0.014294 0.020329
2 0.502605 0.900070 0.013341 0.013976
2 0.485928 0.885458 0.010482 0.011435
2 0.491170 0.857824 0.020011 0.013341
2 0.498316 0.870212 0.011435 0.007623
2 0.461867 0.811448 0.011912 0.017153
2 0.424846 0.907058 0.009529 0.020329
2 0.401738 0.912776 0.010006 0.017788
2 0.589797 0.723143 0.006670 0.018423
2 0.596230 0.737755 0.010006 0.019694
2 0.605521 0.745061 0.011435 0.016517
2 0.600756 0.765707 0.007623 0.014612
2 0.632679 0.734578 0.015247 0.015882
2 0.621720 0.713614 0.011435 0.015882
2 0.609571 0.713932 0.006194 0.012706
2 0.612668 0.760943 0.004765 0.019059
2 0.622197 0.798424 0.010482 0.019059
2 0.605282 0.784448 0.012864 0.011435
2 0.727400 0.779684 0.013341 0.013341
2 0.743123 0.734261 0.007623 0.025411
2 0.965869 0.099422 0.009053 0.018423
2 0.963249 0.138809 0.018106 0.019694
2 0.770281 0.144845 0.010482 0.016517
2 0.723350 0.054317 0.014770 0.015882
2 0.648069 0.172035 0.014770 0.011435
2 0.754177 0.223810 0.009529 0.019694
2 0.831269 0.348961 0.020011 0.029858
2 0.894400 0.214281 0.008100 0.020964
2 0.698907 0.410901 0.013341 0.024141
2 0.712010 0.414713 0.007147 0.015247
2 0.659837 0.457277 0.015247 0.016517
2 0.611000 0.386761 0.009053 0.027952
2 0.613382 0.293692 0.007147 0.022235
2 0.553110 0.288609 0.011435 0.022235
2 0.588368 0.385172 0.008576 0.022235
2 0.600280 0.373420 0.005718 0.020329
2 0.573598 0.422019 0.010482 0.020964
2 0.560257 0.421701 0.007623 0.024141
2 0.549060 0.408996 0.010959 0.008894
2 0.497364 0.402007 0.016200 0.010165
2 0.528095 0.389619 0.010006 0.022235
2 0.465441 0.313068 0.012388 0.016517
2 0.759942 0.804714 0.012864 0.012070
2 0.828076 0.788196 0.014770 0.013341
2 0.494076 0.767867 0.010006 0.023505
2 0.438092 0.741821 0.015247 0.013341
2 0.401880 0.746268 0.018106 0.009529
2 0.387348 0.783114 0.011912 0.022235
2 0.358522 0.804079 0.013341 0.019694
2 0.376151 0.854266 0.010482 0.020964
2 0.405454 0.820914 0.017629 0.012706
2 0.317594 0.928594 0.016676 0.010800
2 0.325456 0.909853 0.019059 0.016517
2 0.337129 0.873642 0.015723 0.016517
2 0.306636 0.872054 0.011912 0.026047
2 0.325218 0.857442 0.012864 0.009529
2 0.309494 0.891430 0.017629 0.017788
2 0.321168 0.898736 0.022870 0.015882
2 0.312353 0.819008 0.018582 0.015247
2 0.322835 0.800584 0.018582 0.017788
2 0.343085 0.771997 0.012388 0.021600
2 0.289245 0.751668 0.014294 0.020329
2 0.324503 0.658916 0.014294 0.013976
2 0.308780 0.711962 0.011435 0.019694
2 0.340226 0.738644 0.014294 0.014612
2 0.393590 0.672892 0.005718 0.021600
2 0.268519 0.764056 0.010959 0.020964
2 0.279715 0.796773 0.020011 0.015247
2 0.259704 0.793914 0.010482 0.022235
2 0.278762 0.819643 0.016200 0.011435
2 0.262563 0.817737 0.014294 0.011435
2 0.235643 0.809478 0.017629 0.010165
2 0.228496 0.817102 0.012864 0.010165
2 0.233975 0.791373 0.020964 0.010800
2 0.230640 0.772950 0.015247 0.006988
2 0.249936 0.698304 0.019535 0.013976
2 0.190379 0.689092 0.008100 0.026047
2 0.178229 0.700845 0.008576 0.017788
2 0.197526 0.717045 0.014770 0.018423
2 0.220396 0.743409 0.010959 0.015247
2 0.195620 0.750397 0.005241 0.021600
2 0.217299 0.840925 0.016200 0.013341
2 0.208484 0.824408 0.010959 0.015882
2 0.202528 0.807573 0.010482 0.017788
2 0.207531 0.853631 0.010959 0.017153
2 0.221587 0.867289 0.013341 0.011435
2 0.218966 0.925100 0.008100 0.025411
2 0.205387 0.917477 0.008576 0.017788
2 0.200623 0.896195 0.009529 0.015882
2 0.194190 0.870148 0.010959 0.015882
2 0.181326 0.903500 0.010006 0.013976
2 0.150832 0.910171 0.009053 0.017153
2 0.164888 0.870783 0.013341 0.017153
2 0.165364 0.831078 0.011435 0.012706
2 0.184899 0.833619 0.007623 0.020329
2 0.144638 0.841560 0.017629 0.023505
2 0.265422 0.854266 0.014294 0.017153
2 0.365002 0.834572 0.017153 0.013341
2 0.465202 0.770408 0.007147 0.027317
2 0.531192 0.714504 0.017153 0.028588
2 0.472349 0.706562 0.010006 0.021600
2 0.614812 0.629693 0.025253 0.025411
2 0.627438 0.603964 0.014294 0.015882
2 0.635300 0.584906 0.007147 0.019694
2 0.683899 0.580776 0.016676 0.012706
2 0.706054 0.584906 0.012388 0.023505
2 0.700337 0.617940 0.008576 0.027317
2 0.705101 0.646211 0.010482 0.020329
2 0.494505 0.678610 0.006670 0.026682
2 0.527381 0.587764 0.014294 0.016517
2 0.682708 0.818372 0.007623 0.016517
2 0.683899 0.873324 0.010006 0.015882
2 0.555492 0.666540 0.011435 0.021600
2 0.559066 0.630646 0.015723 0.018423
2 0.501175 0.711645 0.004765 0.012706
2 0.507131 0.709421 0.006194 0.029858
2 0.506416 0.683057 0.009529 0.021600
2 0.432565 0.642716 0.016200 0.012070
2 0.460199 0.578235 0.019059 0.015247
2 0.413030 0.602376 0.011435 0.022870
2 0.432088 0.611270 0.013341 0.013976
2 0.381583 0.604282 0.007623 0.008894
2 0.396353 0.600470 0.014294 0.016517
2 0.421368 0.634775 0.006194 0.008894
2 0.414697 0.628740 0.014770 0.019694
2 0.422559 0.710057 0.005718 0.024776
2 0.413506 0.714186 0.008576 0.017788
2 0.295820 0.730703 0.010482 0.015247
2 0.294152 0.573788 0.020488 0.012706
2 0.157169 0.702751 0.018106 0.015247
2 0.065688 0.751032 0.012388 0.021600
2 0.078791 0.726256 0.014770 0.019059
2 0.042103 0.696398 0.017629 0.012706
2 0.034956 0.706245 0.011912 0.015882
2 0.048536 0.729750 0.008576 0.022235
2 0.032336 0.751985 0.014294 0.010800
2 0.047106 0.789785 0.013341 0.017788
2 0.096420 0.774220 0.010959 0.019694
2 0.111905 0.702116 0.009529 0.022870
2 0.106664 0.808208 0.006670 0.021600
2 0.107141 0.792961 0.011435 0.012706
2 0.135728 0.793596 0.008576 0.025411
2 0.111429 0.901595 0.008576 0.021600
2 0.088082 0.907312 0.015247 0.011435
2 0.185280 0.572009 0.011435 0.020329
2 0.206960 0.533892 0.010006 0.019059
2 0.220062 0.525634 0.009529 0.016517
2 0.356807 0.505622 0.015247 0.022235
2 0.347278 0.564132 0.015247 0.013976
2 0.411981 0.515533 0.010482 0.020964
2 0.419843 0.514580 0.008100 0.030494
2 0.454625 0.525380 0.010959 0.021600
2 0.562782 0.579696 0.010959 0.018423
2 0.457960 0.458294 0.016676 0.011435
2 0.418890 0.392859 0.014770 0.011435
2 0.478686 0.288991 0.012388 0.017153
2 0.459151 0.252144 0.007623 0.017153
2 0.471539 0.263579 0.007623 0.027317
2 0.466775 0.273744 0.008576 0.019694
2 0.345705 0.293438 0.006194 0.026047
2 0.259227 0.216568 0.006670 0.013341
2 0.342847 0.386252 0.015723 0.013976
2 0.383108 0.421193 0.015247 0.010165
2 0.428134 0.494886 0.015723 0.017788
2 0.433136 0.522203 0.010482 0.011435
2 0.295200 0.519344 0.014770 0.022235
2 0.248269 0.566355 0.018106 0.013341
2 0.249222 0.552061 0.021917 0.013976
2 0.256607 0.518074 0.009053 0.014612
2 0.271139 0.449971 0.005718 0.020964
2 0.815307 0.531859 0.020488 0.013976
2 0.792437 0.579188 0.013817 0.019694
2 0.669748 0.597294 0.012388 0.022870
2 0.766231 0.270440 0.010006 0.023505
2 0.848898 0.764183 0.011435 0.022235
2 0.949908 0.943587 0.007623 0.023505
2 0.518614 0.766724 0.010482 0.018423
2 0.476447 0.650785 0.014770 0.016517
2 0.349470 0.721619 0.006670 0.013341
2 0.349041 0.525443 0.009053 0.012070
2 0.248745 0.594689 0.008576 0.019694
2 0.085223 0.587129 0.011435 0.012706
2 0.122864 0.790865 0.010482 0.020964
2 0.429372 0.683756 0.010959 0.020964
2 0.406026 0.683438 0.013817 0.012706
2 0.521139 0.609745 0.006194 0.016517
2 0.461343 0.650403 0.004765 0.016517
2 0.563544 0.457595 0.007147 0.014612
1 0.478067 0.500159 0.009053 0.019694
1 0.506655 0.493171 0.009053 0.019694
1 0.548583 0.463312 0.014770 0.014612
1 0.565402 0.502319 0.005718 0.013341
1 0.600184 0.514072 0.005718 0.020329
1 0.600581 0.229893 0.008576 0.019535
1 0.587145 0.107824 0.012150 0.017629
1 0.501382 0.240995 0.013579 0.017153
1 0.325753 0.419015 0.010292 0.019603
1 0.342294 0.465327 0.009556 0.013232
1 0.381108 0.528253 0.009556 0.012252
1 0.754766 0.561382 0.015437 0.018133
1 0.739696 0.589316 0.018378 0.015192
0 0.617574 0.547014 0.021051 0.024949
0 0.013488 0.073756 0.026976 0.045221
0 0.877553 0.363792 0.029237 0.048339
0 0.724349 0.961796 0.026898 0.037424
0 0.544831 0.907220 0.032746 0.018712
1 0.719594 0.832440 0.011658 0.023585
1 0.711554 0.827348 0.005226 0.016617
1 0.709544 0.856561 0.019699 0.019297
1 0.739896 0.817699 0.010452 0.009112
1 0.841606 0.778838 0.016081 0.010720
1 0.856682 0.842088 0.014071 0.025729
1 0.694910 0.781250 0.014875 0.016617
1 0.690086 0.751233 0.010854 0.024121
1 0.747856 0.698435 0.006432 0.018225
1 0.692967 0.677208 0.014473 0.020369
1 0.684525 0.561964 0.015277 0.017153
1 0.658394 0.615030 0.016081 0.022513
1 0.884407 0.615673 0.016885 0.018225
1 0.992657 0.549207 0.014686 0.018225
1 0.573569 0.677316 0.008844 0.025729
1 0.528468 0.753334 0.008300 0.021579
1 0.583453 0.922370 0.012864 0.017706
1 0.599638 0.820008 0.010375 0.023239
1 0.609390 0.802855 0.011620 0.023239
1 0.531788 0.839097 0.015769 0.019366
1 0.399574 0.807171 0.018259 0.022132
1 0.326495 0.760693 0.019504 0.018813
1 0.207436 0.664693 0.009130 0.016046
1 0.162411 0.802468 0.012035 0.016046
1 0.359902 0.705362 0.006640 0.014386
1 0.447139 0.685483 0.010525 0.020271
1 0.491287 0.642601 0.011110 0.010915
1 0.620809 0.688991 0.010525 0.010136
1 0.537190 0.669110 0.007017 0.012475
1 0.518770 0.681584 0.006432 0.014034
1 0.534851 0.687822 0.007017 0.007797
1 0.526665 0.671059 0.008186 0.013254
1 0.797404 0.293155 0.021051 0.018712
1 0.851201 0.291985 0.011695 0.016373
1 0.955403 0.901138 0.011695 0.031187
1 0.960081 0.518790 0.008186 0.012475
1 0.996121 0.304148 0.007758 0.010136
2 0.444683 0.706411 0.025381 0.022252
2 0.464849 0.725187 0.006606 0.033842
2 0.491447 0.715915 0.009735 0.019007
1 0.171886 0.922025 0.015646 0.011590
1 0.399379 0.617728 0.013212 0.008808
1 0.350506 0.355632 0.006739 0.011435
1 0.823062 0.691334 0.010414 0.017969
1 0.444662 0.258597 0.006126 0.009802
1 0.377889 0.494650 0.004901 0.011435
1 0.476517 0.340684 0.004901 0.018786
1 0.585865 0.276566 0.009189 0.011435
2 0.486380 0.114596 0.017765 0.007351
2 0.491281 0.126848 0.009189 0.015519
1 0.771910 0.901740 0.007351 0.011435
1 0.806216 0.739035 0.004901 0.014702
1 0.805297 0.717798 0.006739 0.011435
3 0.711754 0.614882 0.011027 0.016336