1 0.577748 0.523816 0.012864 0.015833
1 0.564537 0.580881 0.014349 0.021771
1 0.504915 0.704908 0.013854 0.019132
1 0.372064 0.655759 0.006432 0.009236
1 0.365879 0.715794 0.012864 0.013194
1 0.370332 0.816730 0.013854 0.018472
1 0.365385 0.802217 0.011875 0.009236
1 0.328523 0.823987 0.010391 0.017153
1 0.311898 0.650482 0.013359 0.017153
1 0.300270 0.645864 0.010885 0.014514
1 0.178800 0.737894 0.013359 0.020451
1 0.007141 0.780776 0.014282 0.020451
1 0.767647 0.604235 0.018802 0.013854
1 0.935183 0.682280 0.007917 0.011875
1 0.672895 0.930862 0.008411 0.013194
1 0.716932 0.902164 0.011380 0.013854
1 0.747905 0.232880 0.005443 0.007917
1 0.744194 0.159322 0.011875 0.012535
1 0.616292 0.222655 0.008411 0.011215
1 0.637815 0.220016 0.006927 0.009896
1 0.835978 0.183402 0.011380 0.011875
2 0.189042 0.330519 0.020781 0.018472
2 0.451874 0.238488 0.013854 0.012535
2 0.527873 0.170867 0.014844 0.021111
2 0.552316 0.245547 0.012864 0.013194
2 0.555284 0.232023 0.010885 0.012535
2 0.638260 0.345032 0.010391 0.021111
2 0.710302 0.513920 0.014349 0.021111
2 0.786004 0.562409 0.019297 0.016493
2 0.592295 0.587808 0.016823 0.015833
2 0.531188 0.683797 0.017318 0.013854
2 0.699169 0.804526 0.022760 0.021771
2 0.622971 0.810463 0.011875 0.031007
2 0.602685 0.807494 0.013854 0.017153
2 0.611591 0.843779 0.013854 0.010555
2 0.551969 0.878744 0.008411 0.015833
2 0.530446 0.891279 0.007917 0.026389
2 0.462907 0.931851 0.013359 0.028368
2 0.450538 0.939438 0.012370 0.018472
2 0.455980 0.801887 0.014349 0.015174
2 0.722176 0.831904 0.007422 0.023750
2 0.745679 0.785064 0.015833 0.017153
2 0.755327 0.832234 0.005443 0.020451
2 0.748895 0.865550 0.008411 0.025069
2 0.732567 0.905462 0.013359 0.017812
2 0.710549 0.923275 0.008906 0.016493
2 0.721682 0.938118 0.015338 0.013194
2 0.697684 0.950323 0.009896 0.020451
2 0.723413 0.950653 0.013854 0.007917
2 0.660328 0.982320 0.017318 0.013194
2 0.756317 0.902824 0.015338 0.015174
2 0.777593 0.878744 0.013359 0.011875
2 0.770913 0.956261 0.009896 0.021771
2 0.843400 0.799248 0.008411 0.025729
2 0.865170 0.821019 0.008411 0.023090
2 0.885209 0.927233 0.014844 0.017812
2 0.826329 0.976712 0.012864 0.016493
2 0.807033 0.973084 0.016823 0.015833
2 0.869623 0.782425 0.014349 0.010555
2 0.818413 0.834213 0.005937 0.016493
2 0.902279 0.730637 0.012370 0.009896
2 0.895105 0.673176 0.006927 0.022430
2 0.902032 0.603906 0.014844 0.013194
2 0.893126 0.596649 0.013854 0.015833
2 0.691252 0.738818 0.020781 0.021771
2 0.921576 0.510292 0.007422 0.013854
2 0.433072 0.509962 0.012864 0.011875
2 0.235948 0.713814 0.037604 0.027708
2 0.198839 0.841140 0.016823 0.021111
2 0.231000 0.969125 0.015833 0.014514
2 0.285427 0.866869 0.015833 0.017153
2 0.370283 0.857963 0.008411 0.019132
2 0.293789 0.035955 0.009401 0.019132
2 0.380030 0.890751 0.023750 0.019792
2 0.844290 0.931191 0.011380 0.011215
2 0.457069 0.071381 0.019297 0.013194
2 0.394478 0.024541 0.020781 0.019792
2 0.099881 0.600541 0.024739 0.012535
2 0.105077 0.853675 0.007422 0.019792
2 0.104829 0.939768 0.014844 0.013854
2 0.712528 0.876435 0.006927 0.013854
2 0.720197 0.879074 0.006432 0.013854
2 0.738504 0.685117 0.012370 0.011215
2 0.968334 0.226283 0.017812 0.015833
2 0.043970 0.916018 0.013854 0.025729
1 0.308929 0.414830 0.008411 0.013194
1 0.398981 0.479813 0.009401 0.011215
1 0.248565 0.618353 0.008411 0.012535
1 0.344010 0.372609 0.006927 0.006597
1 0.487053 0.257290 0.008411 0.011875
1 0.481116 0.274443 0.005443 0.010555
1 0.382554 0.688415 0.008411 0.009896
1 0.227190 0.802217 0.008411 0.011875
1 0.260836 0.874456 0.008411 0.011215
2 0.126996 0.754585 0.012864 0.010555
2 0.135654 0.760522 0.012370 0.005278
2 0.140355 0.778335 0.009896 0.006597
2 0.112399 0.760852 0.006432 0.013854
2 0.104978 0.775696 0.008411 0.010555