1 0.299004 0.609491 0.019297 0.011435
1 0.306866 0.589480 0.010720 0.020964
1 0.340814 0.600915 0.011435 0.030494
1 0.290785 0.715742 0.021441 0.010482
1 0.307223 0.736707 0.015723 0.016200
1 0.270059 0.737660 0.005718 0.016200
1 0.264342 0.723366 0.008576 0.016200
1 0.284353 0.762436 0.005718 0.018106
1 0.279350 0.743854 0.012864 0.015247
1 0.275062 0.764818 0.011435 0.013341
1 0.280422 0.786259 0.012150 0.010482
2 0.295431 0.797217 0.012150 0.015247
2 0.275777 0.821994 0.011435 0.026682
2 0.244330 0.800553 0.011435 0.023823
2 0.659782 0.088622 0.013579 0.019059
2 0.653707 0.130551 0.020011 0.017153
2 0.746260 0.621403 0.012150 0.023823
2 0.230751 0.296836 0.010006 0.018106
2 0.225391 0.283019 0.013579 0.011435
2 0.286854 0.300648 0.010720 0.020011
2 0.440299 0.273490 0.011435 0.022870
2 0.530708 0.300553 0.022156 0.017153
2 0.370617 0.418715 0.016438 0.026682
2 0.401420 0.058128 0.011435 0.019059
2 0.912783 0.390128 0.012150 0.030494
2 0.889913 0.519726 0.020726 0.020964
2 0.548289 0.616447 0.015009 0.018106
2 0.575091 0.943968 0.018582 0.017153
2 0.414642 0.934439 0.017867 0.030494
2 0.426791 0.923957 0.006432 0.020964
2 0.437726 0.812941 0.011435 0.016200
2 0.397346 0.788641 0.019297 0.020964
2 0.415213 0.740995 0.009291 0.028588
2 0.391629 0.751001 0.019297 0.014294
2 0.322232 0.861540 0.008576 0.021917
2 0.639913 0.965409 0.009291 0.031447
2 0.590028 0.355441 0.015009 0.032399
2 0.488184 0.537926 0.021441 0.018106
2 0.462455 0.585573 0.015723 0.021917
2 0.484253 0.623213 0.022156 0.024776
2 0.375262 0.653707 0.015723 0.030494
2 0.426005 0.564608 0.017153 0.027635
2 0.269702 0.371641 0.009291 0.015247
2 0.283996 0.392605 0.009291 0.022870
2 0.263269 0.391652 0.010720 0.022870
2 0.248618 0.428816 0.010006 0.020964
2 0.224319 0.416428 0.017153 0.007623
2 0.232538 0.427387 0.006432 0.020011
2 0.241471 0.460263 0.010006 0.024776
2 0.175719 0.407376 0.018582 0.008576
2 0.161783 0.344959 0.015009 0.019059
2 0.323661 0.174862 0.011435 0.021917
2 0.447661 0.148656 0.013579 0.022870
2 0.271846 0.519154 0.012150 0.019059
2 0.038141 0.395273 0.016438 0.011435
2 0.023490 0.427196 0.011435 0.023823
2 0.074590 0.428149 0.016438 0.012388
2 0.107109 0.402420 0.015723 0.012388
2 0.140699 0.464361 0.017153 0.014294
2 0.135339 0.527730 0.015009 0.026682
2 0.158567 0.502001 0.012864 0.026682
2 0.240757 0.629693 0.022870 0.020964
2 0.279707 0.628740 0.017867 0.013341
2 0.209667 0.691729 0.012150 0.020011
2 0.211454 0.716028 0.012864 0.019059
2 0.228607 0.667905 0.011435 0.021917
2 0.173575 0.765771 0.010006 0.028588
2 0.038856 0.730513 0.015009 0.011435
2 0.023490 0.654279 0.012864 0.019059
2 0.049576 0.510863 0.015009 0.016200
2 0.069945 0.528492 0.007147 0.019059
2 0.142844 0.581380 0.021441 0.014294
2 0.112826 0.637602 0.024300 0.012388
2 0.080308 0.772441 0.015009 0.019059
2 0.058152 0.796265 0.019297 0.017153
2 0.071017 0.843434 0.013579 0.016200
2 0.147489 0.808653 0.017867 0.019059
2 0.113898 0.896322 0.015009 0.022870
2 0.094244 0.903945 0.012864 0.022870
2 0.009553 0.856775 0.012150 0.025729
2 0.039928 0.764342 0.012864 0.021917
2 0.013484 0.806747 0.020011 0.011435
2 0.020273 0.913474 0.016438 0.019059
2 0.026706 0.897751 0.017867 0.012388
2 0.022060 0.885840 0.020011 0.017153
2 0.014199 0.878693 0.024300 0.020011
2 0.093887 0.740042 0.029302 0.011435
2 0.126048 0.736230 0.022156 0.017153
2 0.148561 0.761959 0.011435 0.028588
2 0.147846 0.725748 0.014294 0.020964
2 0.236826 0.580427 0.009291 0.016200
2 0.470745 0.711454 0.014294 0.011435
2 0.477177 0.690490 0.014294 0.020964
2 0.494330 0.701925 0.011435 0.028588
2 0.513627 0.699066 0.017153 0.020964
2 0.542215 0.567562 0.007147 0.017153
2 0.463241 0.747665 0.015009 0.019059
2 0.173218 0.135792 0.017867 0.021917
2 0.451163 0.677054 0.020011 0.021917
2 0.127120 0.762912 0.017153 0.013341
2 0.149990 0.700019 0.010006 0.026682
2 0.110325 0.706213 0.009291 0.027635
2 0.038768 0.990503 0.027158 0.018994
2 0.186948 0.913983 0.014770 0.020964
2 0.210771 0.885077 0.005241 0.021600
2 0.219109 0.897783 0.012388 0.016517
2 0.201242 0.889842 0.007147 0.022235
2 0.198621 0.858078 0.006670 0.014612
2 0.207912 0.846007 0.013817 0.017153
2 0.226733 0.880313 0.013341 0.019694
2 0.187901 0.851090 0.009053 0.015882
2 0.171463 0.852042 0.016200 0.012706
2 0.158360 0.873324 0.012864 0.010800
2 0.179563 0.865383 0.008576 0.011435
2 0.193380 0.870783 0.008576 0.019694
2 0.187425 0.895242 0.014770 0.013976
2 0.169795 0.896830 0.010959 0.018423
2 0.168128 0.879360 0.003812 0.020329
2 0.061162 0.823772 0.014770 0.010800
2 0.023760 0.787879 0.016200 0.011435
2 0.024474 0.839972 0.012864 0.010165
2 0.524671 0.781475 0.012864 0.029731
2 0.555968 0.354361 0.020964 0.020329
2 0.707150 0.142304 0.017629 0.015247
2 0.867810 0.108634 0.017153 0.018296
2 0.085780 0.605159 0.034140 0.020451
1 0.090975 0.800699 0.012864 0.027048
1 0.359150 0.879074 0.015833 0.017812
1 0.470230 0.846418 0.011380 0.023750
1 0.570177 0.770550 0.010391 0.023750
1 0.579826 0.854004 0.014844 0.017812
1 0.700802 0.949334 0.021276 0.022430
1 0.762650 0.791001 0.012370 0.036944
1 0.844538 0.694023 0.009896 0.021111
1 0.873829 0.554427 0.025729 0.030347
1 0.900053 0.223512 0.017812 0.030347
1 0.936915 0.336720 0.015338 0.017153
1 0.612284 0.579760 0.012864 0.022430
1 0.541282 0.582399 0.016328 0.011875
1 0.678338 0.659652 0.016328 0.017812
1 0.645187 0.526653 0.010391 0.017812
1 0.202302 0.415754 0.040573 0.047500
1 0.128084 0.694485 0.020781 0.034965
3 0.380921 0.621718 0.014844 0.017153
1 0.494129 0.746932 0.009896 0.009236
1 0.874571 0.018472 0.010391 0.019792
1 0.240154 0.051128 0.012370 0.023090
1 0.438762 0.380327 0.016328 0.029687
1 0.551029 0.324251 0.025729 0.034965
1 0.920883 0.704374 0.011578 0.018010
1 0.994533 0.722384 0.010934 0.018010
1 0.829545 0.588165 0.010292 0.010292
1 0.919597 0.759348 0.006432 0.013722
1 0.717560 0.734048 0.013508 0.016295
1 0.594061 0.716895 0.008362 0.011149
1 0.172298 0.710034 0.009005 0.016295
1 0.035935 0.863551 0.011578 0.011149
1 0.037221 0.470326 0.011578 0.015437
1 0.859777 0.441338 0.011578 0.017153
1 0.994533 0.387050 0.010934 0.019726
1 0.976201 0.392624 0.015437 0.017153
1 0.995497 0.430789 0.009005 0.016295
1 0.984563 0.455232 0.006432 0.015437
1 0.261063 0.285763 0.011578 0.015437
1 0.421548 0.602401 0.008362 0.012007
1 0.433126 0.634134 0.009648 0.012007
1 0.447920 0.909434 0.009648 0.012007