0 0.772606 0.467199 0.018617 0.031915
0 0.597739 0.195035 0.017287 0.026596
0 0.352394 0.343972 0.010638 0.019504
0 0.283910 0.440603 0.017287 0.021277
0 0.339761 0.301418 0.014628 0.026596
0 0.428856 0.097518 0.009309 0.030142
0 0.507314 0.064716 0.011968 0.024823
0 0.753989 0.010195 0.023936 0.020390
0 0.742021 0.082447 0.015957 0.028369
0 0.658910 0.476950 0.011968 0.026596
0 0.684840 0.511525 0.015957 0.017730
0 0.603059 0.331560 0.019947 0.019504
0 0.398271 0.523936 0.017287 0.021277
0 0.565160 0.968972 0.018617 0.035461
0 0.644282 0.555851 0.017287 0.024823
0 0.593085 0.563830 0.015957 0.012411
0 0.587766 0.521277 0.005319 0.005319
0 0.710106 0.696809 0.018617 0.015957
0 0.784574 0.676418 0.013298 0.014184
0 0.454787 0.684397 0.015957 0.033688
0 0.374335 0.676418 0.011968 0.017730
0 0.501995 0.805851 0.011968 0.024823
0 0.509309 0.740248 0.007979 0.010638
0 0.482048 0.793440 0.009309 0.035461
0 0.527261 0.804965 0.019947 0.023050
0 0.577128 0.762411 0.013298 0.023050
0 0.860372 0.554965 0.058511 0.072695
0 0.676862 0.374113 0.018617 0.030142
0 0.660904 0.350177 0.010638 0.021277
0 0.511968 0.420213 0.013298 0.023050
0 0.448803 0.415780 0.011968 0.031915
0 0.529255 0.906028 0.021277 0.037234
0 0.931516 0.779255 0.014628 0.024823
1 0.959441 0.771277 0.011968 0.015957
1 0.950133 0.860816 0.017287 0.014184
1 0.910239 0.800532 0.006649 0.017730
1 0.803191 0.525709 0.013298 0.028369
1 0.724734 0.511525 0.007979 0.017730
2 0.841090 0.393617 0.017287 0.015957
1 0.861037 0.410461 0.011968 0.014184
1 0.890293 0.384752 0.014628 0.012411
1 0.481383 0.232270 0.010638 0.015957
1 0.613697 0.067376 0.009309 0.012411
1 0.218085 0.489362 0.010638 0.019504
1 0.104388 0.104610 0.006649 0.012411
1 0.095080 0.037234 0.027926 0.026596
1 0.435505 0.894504 0.054521 0.085106
2 0.633644 0.882979 0.097074 0.090426
2 0.532580 0.614362 0.057181 0.088652
0 0.744681 0.407801 0.018617 0.023050
0 0.049867 0.454787 0.017287 0.024823
0 0.065824 0.593085 0.022606 0.035461