1 0.509973 0.102837 0.009309 0.019504
1 0.796543 0.202128 0.021277 0.012411
1 0.458777 0.478723 0.023936 0.026596
1 0.638963 0.465426 0.017287 0.024823
1 0.335771 0.240248 0.003989 0.010638
0 0.214096 0.665780 0.029255 0.028369
0 0.579787 0.536348 0.023936 0.021277
1 0.384309 0.509752 0.010638 0.028369
1 0.612367 0.672872 0.011968 0.014184
1 0.575798 0.655142 0.007979 0.014184
1 0.374335 0.849291 0.019947 0.019504
1 0.791223 0.813830 0.015957 0.019504
1 0.955452 0.664894 0.014628 0.008865
3 0.664229 0.367908 0.017287 0.017730
3 0.708777 0.610816 0.007979 0.010638
3 0.436835 0.055851 0.006649 0.010638