0 0.572298 0.314751 0.038593 0.094340
1 0.604389 0.572153 0.020695 0.017898
1 0.737788 0.425983 0.014542 0.023865
1 0.755407 0.515102 0.015102 0.021627
1 0.641304 0.632560 0.016220 0.016407
1 0.503431 0.665001 0.016780 0.015661
1 0.849877 0.793721 0.021254 0.018644
1 0.937411 0.820195 0.012864 0.019390
1 0.911682 0.933179 0.012864 0.017153
1 0.661160 0.902230 0.024610 0.016407
1 0.573067 0.180849 0.017339 0.024610
1 0.632635 0.128272 0.016780 0.016407
1 0.728280 0.070848 0.015661 0.017898
1 0.764915 0.080916 0.017339 0.014170
1 0.856701 0.006712 0.020136 0.013424
1 0.685547 0.206578 0.014542 0.022373
1 0.718212 0.139459 0.017898 0.013424
1 0.883996 0.461407 0.015661 0.036543
2 0.763629 0.479305 0.010068 0.020136
2 0.709934 0.492729 0.007831 0.024610
2 0.584365 0.474085 0.015102 0.009695
2 0.501920 0.752181 0.010627 0.022373
2 0.427866 0.919382 0.007271 0.019390
2 0.301961 0.317026 0.014542 0.012678
1 0.004717 0.064136 0.009434 0.028339
1 0.273156 0.189052 0.012864 0.017153
1 0.449344 0.907823 0.010627 0.015661
1 0.711164 0.562533 0.010068 0.015661
1 0.689071 0.581550 0.008390 0.011932
1 0.757309 0.562533 0.016220 0.017153