2 0.824913 0.797079 0.023390 0.019232
2 0.869354 0.779666 0.017153 0.017672
2 0.868964 0.857373 0.010136 0.022350
2 0.878125 0.824887 0.006627 0.021831
2 0.962719 0.789282 0.009746 0.023390
2 0.994321 0.916628 0.011357 0.025469
2 0.876566 0.895837 0.015983 0.018192
2 0.854150 0.898695 0.013254 0.018712
2 0.846549 0.828525 0.009746 0.028068
2 0.833099 0.920526 0.012475 0.020791
2 0.840506 0.941057 0.007797 0.017153
2 0.846159 0.940278 0.009746 0.016633
2 0.820040 0.942617 0.009746 0.018192
2 0.782616 0.975363 0.015203 0.014034
2 0.936015 0.824367 0.005458 0.018712
2 0.979872 0.805239 0.007407 0.017672
2 0.986109 0.774053 0.014424 0.011435
2 0.908142 0.560164 0.016763 0.017153
2 0.837349 0.859452 0.010525 0.011955
2 0.835984 0.872187 0.007017 0.012475
2 0.844366 0.871927 0.007407 0.010915
2 0.739228 0.839909 0.017932 0.012994
2 0.729482 0.803784 0.015593 0.020791
2 0.656583 0.886169 0.009356 0.024430
2 0.662041 0.907740 0.013254 0.014554
2 0.589415 0.940226 0.008186 0.018192
2 0.589220 0.923853 0.010915 0.013514
2 0.575771 0.935548 0.012085 0.020271
2 0.457768 0.802225 0.008576 0.018712
2 0.319767 0.843547 0.014034 0.023390
2 0.221334 0.858101 0.005847 0.019232
2 0.219970 0.945943 0.014034 0.017153
2 0.352123 0.975311 0.015593 0.013514
2 0.155881 0.923645 0.011695 0.023910
2 0.215136 0.600551 0.027288 0.011435
2 0.115923 0.625760 0.006627 0.024430
2 0.317467 0.328084 0.010525 0.022870
2 0.514333 0.258797 0.007407 0.021311
2 0.656193 0.171215 0.014814 0.021831
2 0.964668 0.016633 0.005847 0.015593
2 0.582554 0.068871 0.017542 0.016113
2 0.416758 0.029367 0.008576 0.019232
2 0.255757 0.594522 0.007017 0.017672
2 0.230300 0.765736 0.005847 0.017672
2 0.246479 0.756120 0.010136 0.007797
2 0.222114 0.781070 0.005847 0.010915
2 0.433442 0.962732 0.009356 0.014554
2 0.583489 0.797963 0.014424 0.013514
2 0.647422 0.817454 0.010525 0.006757
2 0.942166 0.966366 0.012305 0.016407
2 0.890708 0.948095 0.010068 0.018644
2 0.885394 0.951823 0.009509 0.018644
2 0.899098 0.873145 0.011187 0.008949
2 0.908886 0.851891 0.010627 0.009695
2 0.961183 0.917891 0.011187 0.013424
2 0.679283 0.876128 0.006712 0.019390
2 0.119621 0.786412 0.026848 0.017153
2 0.765419 0.345290 0.011187 0.019390
2 0.579890 0.236781 0.011746 0.017153
2 0.272541 0.229696 0.014542 0.007458
2 0.564565 0.668730 0.011746 0.014170
2 0.496886 0.858901 0.010627 0.027593
2 0.510870 0.604967 0.015102 0.016407
2 0.409632 0.868969 0.016220 0.016407
2 0.350343 0.717578 0.015102 0.022373
2 0.659426 0.681781 0.018458 0.017898
2 0.793944 0.209188 0.010068 0.011187
2 0.561768 0.509210 0.010627 0.008949
2 0.040756 0.646059 0.013424 0.015661
2 0.495768 0.890596 0.011746 0.017898
2 0.508353 0.887613 0.013424 0.019390
2 0.514701 0.854422 0.012205 0.024190
2 0.521133 0.842987 0.008576 0.021551
2 0.533668 0.842547 0.015833 0.018912
2 0.748848 0.808527 0.009189 0.035285
2 0.719107 0.587143 0.017898 0.018644
2 0.680289 0.246700 0.011187 0.013424
2 0.682247 0.229920 0.010627 0.014170
2 0.366564 0.709896 0.016220 0.021627
2 0.035163 0.374003 0.006712 0.017153
2 0.717540 0.063241 0.006712 0.016407
1 0.633194 0.702364 0.013424 0.019390
1 0.688693 0.719582 0.017014 0.013833
1 0.685996 0.789022 0.008300 0.024346
1 0.815886 0.731423 0.017429 0.024899
1 0.840287 0.894428 0.009960 0.013833
1 0.876598 0.953909 0.007055 0.014386
1 0.518882 0.020473 0.017844 0.023239
1 0.141164 0.636972 0.011205 0.022132
1 0.301970 0.738228 0.017429 0.015493
1 0.438084 0.650860 0.006640 0.009406
1 0.426050 0.648370 0.009130 0.014386
1 0.499502 0.655840 0.007470 0.010513
1 0.493277 0.716151 0.013279 0.013833
1 0.489750 0.604106 0.006225 0.006640
1 0.497427 0.815415 0.013279 0.019366
1 0.492447 0.802689 0.007470 0.010513
1 0.453024 0.824268 0.008300 0.017153
1 0.384137 0.877275 0.006640 0.009406
1 0.051195 0.814641 0.008715 0.013833
1 0.053478 0.963481 0.006640 0.008300
1 0.050573 0.537376 0.007470 0.012173
1 0.086676 0.530183 0.009960 0.008853
1 0.134150 0.485088 0.006640 0.011620
1 0.061113 0.432524 0.005810 0.010513
1 0.663213 0.390804 0.009545 0.021579
1 0.614494 0.257733 0.007885 0.008853
1 0.606194 0.258839 0.004565 0.007746
1 0.609722 0.273225 0.004980 0.008853
1 0.585653 0.191058 0.006640 0.008300
1 0.435014 0.413213 0.005810 0.012173
1 0.526932 0.478172 0.007885 0.006640
1 0.530875 0.423117 0.005810 0.006086
1 0.677157 0.534776 0.008715 0.007193
1 0.678194 0.512367 0.004150 0.007746
1 0.697076 0.569911 0.006225 0.009960
1 0.373015 0.617219 0.008300 0.011620
1 0.795872 0.924308 0.005608 0.011435
1 0.799006 0.911994 0.009236 0.009676
1 0.944571 0.875167 0.003812 0.012706
1 0.672273 0.744616 0.004288 0.009529
1 0.862382 0.678229 0.008100 0.007623
1 0.518661 0.658853 0.004288 0.009529
1 0.612048 0.692523 0.004288 0.006988
1 0.560114 0.748110 0.004288 0.007623
1 0.690569 0.830062 0.005241 0.015247
1 0.067451 0.687949 0.006194 0.008259
1 0.056731 0.697160 0.006670 0.011435
1 0.015422 0.937615 0.007147 0.012070