0 0.595751 0.674470 0.039019 0.016103
1 0.704757 0.762335 0.016103 0.010322
1 0.725505 0.921384 0.020438 0.007845
1 0.858014 0.737314 0.020129 0.016929
1 0.923294 0.242248 0.012077 0.007845
1 0.521306 0.213345 0.006193 0.011974
1 0.573114 0.609604 0.015793 0.020645
1 0.757432 0.565589 0.005264 0.006606
1 0.739626 0.584376 0.003716 0.006193
1 0.483990 0.215616 0.010839 0.004955
1 0.331568 0.609521 0.004645 0.003303
1 0.502601 0.760973 0.004955 0.005781
1 0.520253 0.663529 0.004335 0.005781
1 0.571659 0.739502 0.003716 0.004955