0 0.552527 0.164894 0.019947 0.030142
0 0.789229 0.135638 0.017287 0.028369
0 0.732048 0.212766 0.019947 0.023050
0 0.674867 0.254433 0.019947 0.014184
0 0.525266 0.434397 0.015957 0.019504
0 0.545878 0.506206 0.019947 0.014184
0 0.563165 0.537234 0.019947 0.019504
0 0.722074 0.403369 0.010638 0.028369
0 0.707447 0.311170 0.015957 0.017730
0 0.656250 0.567376 0.019947 0.015957
0 0.498005 0.203901 0.017287 0.015957
0 0.488697 0.269504 0.009309 0.023050
0 0.789894 0.710993 0.021277 0.019504
0 0.934840 0.670213 0.018617 0.015957
0 0.636968 0.811170 0.010638 0.017730
0 0.640957 0.945922 0.018617 0.024823
0 0.700798 0.841312 0.018617 0.017730
0 0.708112 0.496454 0.009309 0.019504
0 0.747340 0.428191 0.015957 0.028369
2 0.854388 0.268617 0.022606 0.017730
2 0.911569 0.428191 0.009309 0.021277
2 0.871011 0.601064 0.013298 0.030142
2 0.658245 0.321809 0.018617 0.014184
2 0.683511 0.356383 0.010638 0.026596
2 0.509973 0.579787 0.006649 0.015957
2 0.511968 0.631206 0.007979 0.019504
2 0.869681 0.967199 0.005319 0.021277
2 0.682846 0.447695 0.009309 0.010638
2 0.405585 0.515957 0.029255 0.012411
2 0.482048 0.509752 0.009309 0.031915
0 0.784574 0.078014 0.023936 0.015957
0 0.882979 0.810284 0.015957 0.026596
0 0.704787 0.718972 0.021277 0.017730
0 0.560505 0.748227 0.017287 0.023050
0 0.472074 0.770390 0.010638 0.014184
0 0.493351 0.752660 0.015957 0.014184
0 0.511968 0.760638 0.023936 0.015957
0 0.451463 0.853723 0.014628 0.017730
0 0.474069 0.843085 0.019947 0.031915
1 0.362367 0.468972 0.011968 0.021277
1 0.429521 0.236702 0.007979 0.010638
1 0.464096 0.286348 0.005319 0.003546
1 0.610372 0.306738 0.013298 0.015957
1 0.542553 0.474291 0.013298 0.010638
1 0.748670 0.489362 0.010638 0.012411
1 0.954787 0.790780 0.021277 0.019504
1 0.976729 0.488475 0.014628 0.017730
1 0.884309 0.202128 0.015957 0.012411
1 0.406915 0.416667 0.015957 0.012411
1 0.177527 0.713652 0.014628 0.010638
1 0.218085 0.772163 0.010638 0.024823
1 0.172207 0.825355 0.011968 0.017730
1 0.263963 0.930851 0.014628 0.019504
1 0.291888 0.873227 0.009309 0.024823
1 0.302527 0.800532 0.011968 0.010638
0 0.581117 0.932624 0.021277 0.023050
0 0.240027 0.096631 0.011968 0.021277
0 0.031915 0.025709 0.018617 0.017730
0 0.037234 0.105496 0.010638 0.010638