0 0.537378 0.930881 0.027561 0.039225
0 0.722625 0.826004 0.028800 0.044180
1 0.908739 0.983525 0.015174 0.016516
1 0.816611 0.958751 0.011148 0.007432
2 0.458875 0.957926 0.006193 0.023122
1 0.721913 0.707048 0.009910 0.006606
2 0.785086 0.627359 0.020438 0.009084
2 0.894029 0.503076 0.014245 0.027251
2 0.613155 0.475205 0.011148 0.015277
1 0.513657 0.574301 0.007123 0.010322
1 0.186703 0.971964 0.008361 0.013213
2 0.607643 0.413807 0.021677 0.017342
1 0.600211 0.300384 0.006193 0.011974
1 0.710300 0.256575 0.009600 0.023122
2 0.687384 0.241298 0.021368 0.009084
1 0.771708 0.408770 0.011148 0.016516
1 0.700731 0.054090 0.011768 0.016516
1 0.515700 0.254676 0.006503 0.014864
1 0.548402 0.653289 0.005884 0.004129