0 0.674286 0.165699 0.032656 0.018949
2 0.674494 0.065437 0.016995 0.021273
2 0.743861 0.181974 0.015608 0.012949
2 0.562119 0.078848 0.012139 0.021273
1 0.531770 0.171569 0.012486 0.012486
1 0.956195 0.043008 0.014220 0.019885
1 0.912146 0.480855 0.013527 0.012486
1 0.747329 0.473455 0.021851 0.009711
1 0.571657 0.449408 0.013873 0.015261
1 0.668008 0.758370 0.013180 0.015723
1 0.662632 0.864965 0.016301 0.006937
1 0.552511 0.806003 0.019423 0.014798
1 0.611473 0.742046 0.015261 0.013411
1 0.926887 0.799852 0.012486 0.015261
1 0.352386 0.844108 0.011792 0.018498
2 0.737149 0.887921 0.006955 0.014917