2 0.318484 0.177305 0.022606 0.026596
2 0.482048 0.028369 0.009309 0.019504
2 0.476064 0.054965 0.018617 0.019504
2 0.476729 0.088652 0.017287 0.019504
2 0.571144 0.051418 0.009309 0.026596
2 0.593085 0.063830 0.021277 0.019504
2 0.614362 0.012411 0.018617 0.015957
2 0.606383 0.101064 0.023936 0.023050
2 0.731383 0.051418 0.013298 0.015957
2 0.856383 0.063830 0.015957 0.026596
2 0.837101 0.032801 0.017287 0.017730
2 0.966090 0.088652 0.019947 0.030142
2 0.943484 0.097518 0.019947 0.023050
2 0.976729 0.210993 0.014628 0.037234
2 0.783910 0.153369 0.011968 0.031915
2 0.712101 0.200355 0.017287 0.026596
2 0.644282 0.244681 0.014628 0.023050
2 0.523271 0.192376 0.027926 0.017730
2 0.503989 0.211879 0.023936 0.028369
2 0.437500 0.181738 0.015957 0.028369
2 0.563830 0.266844 0.026596 0.017730
2 0.549867 0.228723 0.019947 0.019504
2 0.614362 0.215426 0.018617 0.017730
2 0.616356 0.273050 0.009309 0.030142
2 0.641622 0.287234 0.011968 0.026596
2 0.645612 0.326241 0.030585 0.026596
2 0.875000 0.246454 0.013298 0.019504
2 0.650931 0.372340 0.019947 0.015957
2 0.662899 0.340426 0.027926 0.012411
2 0.595745 0.474291 0.018617 0.028369
2 0.586953 0.534574 0.036200 0.031915
2 0.625665 0.423759 0.014628 0.012411
2 0.664894 0.437057 0.013298 0.031915
2 0.642952 0.445035 0.027926 0.019504
2 0.621011 0.479610 0.018617 0.021277
2 0.652926 0.490248 0.015957 0.010638
2 0.746676 0.465426 0.009309 0.021277
2 0.760638 0.528369 0.015957 0.030142
2 0.749335 0.596631 0.011968 0.028369
2 0.642952 0.559397 0.017287 0.039007
2 0.551197 0.570035 0.014628 0.024823
2 0.513815 0.550433 0.016992 0.021080
2 0.512633 0.478723 0.014628 0.019504
2 0.319814 0.313830 0.019947 0.023050
2 0.369016 0.250000 0.011968 0.026596
2 0.280585 0.201241 0.021277 0.031915
2 0.254654 0.320922 0.017287 0.019504
2 0.194814 0.356383 0.030585 0.033688
2 0.315160 0.357270 0.010638 0.024823
2 0.342420 0.358156 0.022606 0.015957
2 0.446809 0.382979 0.018617 0.023050
2 0.482048 0.383865 0.011968 0.024823
2 0.542553 0.407801 0.015957 0.019504
2 0.591755 0.351950 0.023936 0.017730
1 0.551862 0.331560 0.013298 0.026596
2 0.523271 0.312943 0.014628 0.014184
2 0.605718 0.296986 0.011968 0.035461
2 0.564495 0.319149 0.014628 0.012411
2 0.561835 0.381206 0.009309 0.033688
2 0.408910 0.420607 0.015514 0.028566
2 0.434028 0.417159 0.015514 0.023641
2 0.448064 0.422577 0.014037 0.020686
2 0.473552 0.437352 0.014775 0.014775
2 0.501625 0.391548 0.010343 0.003940
2 0.507905 0.368400 0.018469 0.014775
2 0.531176 0.382191 0.013298 0.010835
2 0.537825 0.354610 0.014775 0.028566
2 0.274084 0.543735 0.017730 0.024626
2 0.313978 0.582644 0.017730 0.017730
2 0.316563 0.549153 0.015514 0.013790
2 0.354241 0.517139 0.012559 0.028566
2 0.642730 0.723995 0.017730 0.018716
2 0.631649 0.668834 0.013298 0.022656
2 0.709220 0.665386 0.011820 0.025611
2 0.738032 0.775217 0.007388 0.030536
2 0.535978 0.536840 0.015514 0.008865
2 0.574394 0.425039 0.009604 0.019701
2 0.522680 0.440800 0.011082 0.023641
2 0.542258 0.447695 0.008865 0.017730
2 0.545952 0.514184 0.020686 0.010835
2 0.576611 0.497931 0.022902 0.017730
2 0.521941 0.575256 0.014037 0.022656
2 0.482048 0.561958 0.012559 0.027581
2 0.482787 0.500394 0.019947 0.026596
2 0.440677 0.531915 0.018469 0.012805
2 0.433658 0.492021 0.020686 0.011820
2 0.384900 0.603822 0.025118 0.012805
2 0.399675 0.568853 0.010343 0.013790
2 0.392287 0.536840 0.013298 0.012805
2 0.408910 0.524527 0.012559 0.021671
2 0.412603 0.540288 0.008126 0.019701
2 0.316194 0.509752 0.020686 0.019701
2 0.354241 0.452620 0.008126 0.013790
2 0.340204 0.502857 0.019947 0.029551
2 0.225694 0.665879 0.011082 0.016745
2 0.232713 0.689027 0.010343 0.031521
2 0.226433 0.772262 0.014037 0.028566
2 0.513815 0.813140 0.011082 0.017730
2 0.542258 0.814125 0.020686 0.011820
2 0.489436 0.784082 0.012559 0.030536
2 0.546690 0.643716 0.010343 0.019701
2 0.674128 0.655043 0.021424 0.010835
2 0.516401 0.629925 0.014775 0.023641
2 0.478723 0.627955 0.005910 0.021671
2 0.463209 0.622537 0.014775 0.020686
2 0.455822 0.653073 0.017730 0.018716
2 0.460993 0.576241 0.011820 0.020686
2 0.476876 0.587569 0.014037 0.007880
2 0.359043 0.700847 0.010343 0.029551
2 0.356457 0.798857 0.019947 0.024626
2 0.552600 0.293538 0.011820 0.016745
2 0.275931 0.474291 0.018469 0.019701
2 0.241578 0.484634 0.008865 0.018716
2 0.240470 0.537825 0.009604 0.028566
2 0.209811 0.531915 0.014775 0.012805
2 0.243056 0.575256 0.014775 0.018716
2 0.233821 0.596434 0.018469 0.017730
2 0.253398 0.601359 0.008865 0.017730
2 0.265588 0.619090 0.008126 0.015760
2 0.287012 0.382191 0.015514 0.024626
2 0.411126 0.676714 0.014037 0.012805
2 0.608747 0.654058 0.010343 0.010835
2 0.622784 0.563928 0.017730 0.031521
2 0.719563 0.254137 0.017730 0.018716
2 0.743203 0.149232 0.008865 0.017730
1 0.369016 0.477246 0.015514 0.011820
1 0.383791 0.466411 0.011082 0.013790
1 0.397459 0.482664 0.008865 0.006895
1 0.395981 0.511229 0.005910 0.010835
1 0.470228 0.480693 0.011082 0.006895
1 0.489066 0.448680 0.004433 0.003940
1 0.468381 0.384653 0.005910 0.013790
1 0.246749 0.207841 0.014775 0.012805
1 0.520464 0.166470 0.009604 0.006895
1 0.526743 0.250197 0.004433 0.008865
1 0.499040 0.311269 0.003694 0.004925
1 0.396720 0.844661 0.010343 0.029551
1 0.318780 0.807723 0.015514 0.014775
1 0.244533 0.817080 0.014775 0.017730
1 0.287751 0.776694 0.008126 0.015760
1 0.312131 0.719070 0.014037 0.020686
2 0.446956 0.875197 0.026596 0.011820
2 0.721040 0.872242 0.013298 0.027581
2 0.604314 0.857959 0.008865 0.024626
2 0.544474 0.895390 0.029551 0.018716
2 0.547798 0.920016 0.016992 0.018716
2 0.515662 0.939224 0.016253 0.025611
2 0.540041 0.970252 0.017730 0.014775
2 0.504211 0.898345 0.011082 0.018716
2 0.414820 0.335894 0.003694 0.004925
2 0.238992 0.067474 0.025857 0.013790
2 0.114879 0.640760 0.015514 0.023641
2 0.094563 0.583629 0.007388 0.013790
2 0.204270 0.511229 0.021424 0.020686
2 0.200576 0.471336 0.022902 0.023641
2 0.199837 0.731875 0.015514 0.016745
2 0.162160 0.717593 0.016992 0.011820
2 0.144060 0.664894 0.014775 0.014775
2 0.077940 0.736801 0.014037 0.020686
2 0.190972 0.927896 0.021424 0.022656
2 0.407063 0.769799 0.005910 0.005910
2 0.424793 0.712667 0.013298 0.019701
2 0.177305 0.619090 0.022163 0.021671
1 0.468750 0.770784 0.006649 0.019701
1 0.032506 0.602344 0.011820 0.013790
1 0.069444 0.509752 0.005910 0.007880
1 0.042110 0.486604 0.013298 0.012805
1 0.052822 0.458038 0.006649 0.004925
1 0.133348 0.429472 0.005171 0.008865
1 0.120789 0.355102 0.018469 0.017730
1 0.067967 0.419622 0.014775 0.026596
1 0.046543 0.430457 0.013298 0.022656
1 0.050236 0.405339 0.016253 0.023641
1 0.097887 0.480201 0.003694 0.003940
1 0.115618 0.496946 0.005171 0.007880
1 0.253768 0.705280 0.008126 0.006895
1 0.376034 0.666371 0.004433 0.005910
1 0.391179 0.685087 0.006649 0.003940
1 0.302896 0.771277 0.005910 0.008865
1 0.282580 0.803783 0.006649 0.008865
1 0.241947 0.857467 0.005171 0.005910
1 0.289229 0.824961 0.008126 0.003940
1 0.289967 0.900808 0.005171 0.007880
2 0.110077 0.296493 0.019208 0.024626
2 0.158097 0.159574 0.008865 0.028566
2 0.375296 0.988327 0.008865 0.023345
2 0.312869 0.968282 0.022902 0.014775
2 0.133717 0.973207 0.016253 0.020686
2 0.014775 0.921986 0.023641 0.022656
2 0.049128 0.649626 0.015514 0.025611
2 0.051714 0.672774 0.010343 0.016745
2 0.265588 0.823976 0.015514 0.021671
2 0.895021 0.830871 0.011082 0.021671
2 0.940824 0.937746 0.014037 0.034476
2 0.971483 0.929866 0.020686 0.012805
2 0.966681 0.893420 0.014037 0.010835
2 0.803783 0.909180 0.019208 0.010835
2 0.838505 0.738278 0.019208 0.019701
2 0.899453 0.712175 0.015514 0.024626
2 0.947843 0.681639 0.022163 0.028566
2 0.873966 0.521080 0.023641 0.014775
2 0.823360 0.522557 0.018469 0.017730
2 0.919400 0.605299 0.021424 0.021671
2 0.978502 0.601359 0.015514 0.021671
2 0.914598 0.314224 0.013298 0.018716
2 0.934545 0.317671 0.013298 0.027581
2 0.805999 0.300433 0.007388 0.008865
2 0.806368 0.465918 0.015514 0.022656
2 0.795656 0.357072 0.008865 0.019701