1 0.497039 0.391244 0.016540 0.032672
1 0.588316 0.382259 0.015315 0.024504
1 0.594319 0.691742 0.010414 0.013885
2 0.566140 0.808054 0.015315 0.031855
1 0.119068 0.945275 0.016540 0.033489
1 0.006391 0.609491 0.012782 0.014702
1 0.400494 0.190721 0.009189 0.017153
1 0.761190 0.421302 0.009189 0.019603
1 0.846647 0.427836 0.012252 0.019603
1 0.675120 0.578943 0.012252 0.027771
2 0.676773 0.678842 0.017405 0.022198
2 0.690924 0.810463 0.015437 0.009182
2 0.665422 0.772425 0.012108 0.019675
2 0.657098 0.784280 0.006811 0.018162
2 0.645747 0.783019 0.008324 0.017657
2 0.602992 0.818585 0.019675 0.014126
2 0.606775 0.836999 0.009838 0.019675
2 0.595424 0.867016 0.015135 0.012108
2 0.586343 0.899052 0.009081 0.026738
2 0.573290 0.904601 0.011729 0.014630
2 0.547636 0.708354 0.014756 0.011603
2 0.523232 0.728786 0.014378 0.014126
2 0.520962 0.746696 0.006054 0.018666
2 0.508854 0.736354 0.009081 0.015135
2 0.523989 0.891232 0.015135 0.022198
2 0.541961 0.938906 0.009459 0.022702
2 0.533448 0.874332 0.010594 0.019675
2 0.474422 0.871052 0.010594 0.021189
2 0.676887 0.818485 0.013243 0.017153
2 0.756533 0.796539 0.008324 0.021693
2 0.710562 0.819998 0.008702 0.020180
2 0.702616 0.843709 0.015513 0.010090
2 0.762398 0.864898 0.015513 0.020180
2 0.769208 0.900212 0.007189 0.025224
2 0.746506 0.903239 0.013243 0.013117
2 0.747831 0.919887 0.013621 0.010090
2 0.792856 0.953436 0.009081 0.019675
2 0.844579 0.781505 0.013243 0.020684
2 0.801725 0.654536 0.009040 0.020861
2 0.796335 0.674470 0.015646 0.014371
2 0.708913 0.745251 0.009529 0.019694
2 0.702719 0.755733 0.013341 0.031764
2 0.604520 0.755098 0.014770 0.030494
2 0.514421 0.685090 0.020964 0.013976
2 0.459151 0.755289 0.009529 0.032399
2 0.462487 0.859793 0.008576 0.029223
2 0.451290 0.856934 0.009053 0.018423
2 0.454387 0.884887 0.012388 0.023505
2 0.420558 0.874722 0.007623 0.024776
2 0.352185 0.916968 0.016676 0.013976
2 0.358856 0.798170 0.016676 0.015247
2 0.368623 0.781653 0.013341 0.019059
2 0.386729 0.765136 0.017153 0.016517
2 0.868719 0.810050 0.015247 0.017153
2 0.897068 0.782733 0.010006 0.019694
2 0.876104 0.735087 0.006194 0.020964
2 0.884204 0.721428 0.007147 0.019059
2 0.889445 0.736357 0.010959 0.013341
2 0.919700 0.879614 0.011435 0.020329
2 0.906597 0.723652 0.011912 0.015882
2 0.895639 0.696652 0.011912 0.020329
2 0.885633 0.633124 0.007147 0.020329
2 0.864669 0.701099 0.008100 0.026682
2 0.975160 0.781653 0.010482 0.016517
2 0.995918 0.737501 0.008163 0.020964
2 0.905597 0.869894 0.007623 0.018423
2 0.903453 0.861000 0.011912 0.020964
2 0.703338 0.576393 0.010959 0.020964
2 0.555397 0.636745 0.015247 0.013341
2 0.476542 0.713614 0.006194 0.019694
2 0.477495 0.835970 0.015723 0.012070
2 0.620196 0.800712 0.009529 0.021600
2 0.612810 0.855664 0.005241 0.015882
2 0.442237 0.730068 0.013817 0.011435
2 0.230401 0.713233 0.011912 0.018423
2 0.248745 0.778985 0.013341 0.025411
2 0.243266 0.761197 0.012864 0.010165
2 0.129868 0.740550 0.014770 0.010800
2 0.116765 0.603647 0.013341 0.022870
2 0.120815 0.681786 0.008100 0.020329
2 0.101995 0.787371 0.013341 0.012706
2 0.099136 0.823264 0.009529 0.026047
2 0.078172 0.802617 0.007623 0.024141
2 0.023617 0.871228 0.014770 0.012706
2 0.007353 0.827076 0.014706 0.024776
2 0.006162 0.893145 0.012324 0.013341
2 0.054015 0.966203 0.013817 0.012070
2 0.071882 0.972238 0.009529 0.020329
2 0.087367 0.930309 0.015723 0.013976
2 0.297964 0.972873 0.009053 0.020329
2 0.378963 0.943650 0.009053 0.021600
2 0.354663 0.627914 0.018582 0.012706
2 0.413030 0.560828 0.008576 0.022870
2 0.406359 0.541770 0.012388 0.011435
2 0.353710 0.525570 0.009053 0.026047
2 0.562496 0.565593 0.015723 0.010800
2 0.624436 0.294899 0.012864 0.022870
2 0.606569 0.342863 0.016200 0.013341
2 0.593466 0.111619 0.013817 0.020964
2 0.417413 0.181818 0.011435 0.015247
2 0.170510 0.470046 0.008576 0.014612
2 0.127628 0.612922 0.015247 0.013976
2 0.830316 0.876628 0.011435 0.009529
1 0.912029 0.845817 0.008100 0.013976
1 0.967061 0.943015 0.009529 0.019059
1 0.951814 0.762277 0.016200 0.019694
1 0.785766 0.721619 0.010959 0.014612
2 0.799346 0.788006 0.013341 0.013976
2 0.787911 0.847405 0.012388 0.019694
2 0.740026 0.828346 0.008100 0.022235
2 0.529001 0.550283 0.010482 0.007623
2 0.578076 0.530271 0.013341 0.013341
2 0.503033 0.621117 0.006194 0.015882
1 0.539721 0.534401 0.009053 0.011435
1 0.528286 0.623976 0.005241 0.010165
1 0.549250 0.623976 0.007147 0.013976
1 0.531859 0.689092 0.008576 0.013341
1 0.507083 0.769773 0.012388 0.012070
1 0.434185 0.666540 0.007623 0.011435
1 0.683375 0.728416 0.010482 0.012706
1 0.627867 0.746522 0.009053 0.010800
1 0.516660 0.823201 0.011912 0.013976
1 0.520710 0.847977 0.006670 0.011435
1 0.275808 0.748237 0.005718 0.013976
1 0.162648 0.694556 0.008100 0.017153
1 0.195286 0.784766 0.010482 0.018423
1 0.185138 0.520678 0.009053 0.011435
1 0.492790 0.318722 0.009529 0.020964
1 0.584747 0.562671 0.011435 0.019694
1 0.575837 0.713487 0.007147 0.010800
1 0.496506 0.730322 0.009529 0.013976
1 0.574884 0.727146 0.008100 0.010165
1 0.912267 0.821041 0.014294 0.019059
1 0.820310 0.831523 0.008576 0.014612
1 0.866289 0.764500 0.006194 0.010165
1 0.881059 0.785782 0.006194 0.013341
1 0.825789 0.348961 0.012864 0.022235
1 0.765517 0.346738 0.006670 0.010165
1 0.826266 0.458548 0.010959 0.013976
1 0.913697 0.369926 0.007623 0.010800
1 0.849374 0.190585 0.008576 0.016517
1 0.992790 0.094657 0.005718 0.011435
1 0.351566 0.358236 0.008576 0.010800
1 0.591274 0.035449 0.009053 0.015247
1 0.626533 0.344832 0.010006 0.013976
1 0.512182 0.591894 0.007147 0.010800
1 0.554825 0.530907 0.005718 0.008259
1 0.332746 0.773013 0.010006 0.011435
1 0.312020 0.658662 0.008576 0.010165
1 0.359904 0.702814 0.008100 0.012070
1 0.409933 0.678674 0.006194 0.009529
1 0.425894 0.647545 0.006670 0.006988
1 0.487120 0.694873 0.008100 0.010165
1 0.337987 0.856616 0.007147 0.010165
1 0.327028 0.910616 0.009053 0.013976
1 0.021139 0.948288 0.011912 0.022235