1 0.264174 0.708224 0.016927 0.029791
1 0.917793 0.901120 0.009081 0.016144
2 0.815634 0.539249 0.019675 0.011603
1 0.659655 0.782252 0.010833 0.015347
1 0.382391 0.867112 0.010156 0.017153
2 0.300849 0.948929 0.014524 0.022132
2 0.329483 0.887512 0.013694 0.021026
2 0.378617 0.453937 0.012864 0.018813
2 0.433603 0.451447 0.009960 0.026006
2 0.520957 0.544403 0.013694 0.023792
2 0.364538 0.300881 0.009316 0.014787
2 0.522594 0.227835 0.007985 0.017744
2 0.607367 0.329863 0.015526 0.018336
2 0.774827 0.262436 0.015083 0.013604