1 0.548499 0.638079 0.037307 0.034305
0 0.950146 0.407153 0.038593 0.048917
1 0.886777 0.451306 0.027158 0.035576
1 0.907979 0.962709 0.015247 0.038117
1 0.762636 0.817953 0.018868 0.025157
1 0.739311 0.375961 0.020964 0.025411
1 0.787911 0.482879 0.013341 0.018423
1 0.621530 0.639540 0.013341 0.019694
1 0.608189 0.488660 0.013341 0.022870
1 0.453291 0.965885 0.010959 0.017788
1 0.057255 0.797853 0.012864 0.028588
1 0.153596 0.279652 0.021441 0.038117
1 0.685926 0.317053 0.012187 0.021667
1 0.662551 0.421837 0.011977 0.010646
1 0.798072 0.695156 0.009759 0.013604
1 0.789865 0.632164 0.007541 0.010646
1 0.295913 0.353167 0.013308 0.013604
1 0.315210 0.430650 0.011090 0.018336
1 0.294804 0.467617 0.010203 0.015378
1 0.365647 0.568226 0.008872 0.013604
2 0.732773 0.513633 0.017744 0.020110
2 0.850550 0.511504 0.007541 0.023659
2 0.855652 0.510617 0.007098 0.023067
2 0.862084 0.487550 0.011977 0.014787
2 0.891583 0.521559 0.013308 0.026025
2 0.911546 0.492873 0.010646 0.018336
2 0.794434 0.499379 0.012421 0.018336
2 0.893358 0.571598 0.015083 0.015378
2 0.985849 0.568344 0.008428 0.013604
2 0.991172 0.616845 0.007541 0.023067
2 0.988733 0.646714 0.003549 0.013012
2 0.977642 0.654699 0.009759 0.017153
2 0.991394 0.663867 0.008872 0.008281
2 0.947256 0.598805 0.004880 0.017744
2 0.959676 0.699060 0.012864 0.018336
2 0.986958 0.782989 0.007098 0.018927
2 0.944150 0.750163 0.011090 0.018336
2 0.921748 0.752233 0.007985 0.023659
2 0.933948 0.708760 0.011090 0.020701
2 0.921083 0.701366 0.009316 0.016561
2 0.904448 0.695156 0.011534 0.026616
2 0.906666 0.712604 0.004436 0.014195
2 0.950361 0.831194 0.012864 0.013604
2 0.968105 0.862128 0.011090 0.011829
2 0.941489 0.847341 0.008428 0.018927
2 0.951913 0.866860 0.007985 0.020110
2 0.941711 0.875436 0.008872 0.019519
2 0.932617 0.839948 0.005767 0.017153
2 0.934835 0.855918 0.005767 0.012421
2 0.918200 0.840539 0.010646 0.010055
2 0.921305 0.857101 0.007985 0.013604
2 0.962451 0.878568 0.013524 0.011435
2 0.927156 0.898799 0.013524 0.021991
2 0.930125 0.875709 0.005608 0.015393
2 0.914951 0.871751 0.009566 0.015393
2 0.911818 0.886485 0.008576 0.014954
2 0.853763 0.893522 0.011875 0.020231
2 0.831167 0.899679 0.008906 0.019352
2 0.769484 0.871091 0.016823 0.010555
2 0.759423 0.852839 0.011215 0.016273
2 0.739467 0.868232 0.011545 0.025949
2 0.755795 0.904957 0.011215 0.012315
2 0.749692 0.921010 0.016823 0.013634
2 0.754475 0.891103 0.007917 0.012755
2 0.748703 0.882526 0.007587 0.012315
2 0.738642 0.890223 0.007917 0.014514
2 0.743590 0.898359 0.012535 0.013194
2 0.698135 0.851739 0.014514 0.017592
2 0.651295 0.868232 0.017153 0.010995
2 0.649316 0.845362 0.013854 0.009236
2 0.637606 0.831288 0.012205 0.023310
2 0.633978 0.810177 0.014184 0.015393
2 0.665809 0.791485 0.017812 0.010555
2 0.670262 0.809078 0.016823 0.011435
2 0.660366 0.815895 0.014844 0.010116
2 0.713639 0.816115 0.016493 0.010555
2 0.718257 0.793025 0.012535 0.012755
2 0.702918 0.759599 0.010226 0.020671
2 0.693847 0.791045 0.009896 0.019352
2 0.645358 0.926727 0.009236 0.021551
2 0.629030 0.903637 0.010885 0.013194
2 0.632493 0.922769 0.010555 0.011875
2 0.608414 0.908035 0.003958 0.017592
2 0.577737 0.911554 0.011215 0.018472
2 0.527928 0.913753 0.007917 0.020231
2 0.503683 0.925628 0.010885 0.014074
2 0.567511 0.845362 0.017153 0.024190
2 0.589447 0.857017 0.008246 0.015833
2 0.599178 0.829969 0.009236 0.020671
2 0.582520 0.848221 0.006267 0.016713
2 0.638431 0.856357 0.009236 0.018912
2 0.527928 0.816115 0.007257 0.016713
2 0.528588 0.800721 0.010555 0.014074
2 0.516218 0.780490 0.011545 0.019352
2 0.511963 0.745613 0.009896 0.026829
2 0.497284 0.732419 0.015503 0.018912
2 0.482111 0.760127 0.011545 0.024190
2 0.457701 0.800150 0.013524 0.017153
2 0.401091 0.899273 0.016413 0.017744
2 0.353138 0.827113 0.010646 0.030756
2 0.317649 0.791033 0.014195 0.023659
2 0.269962 0.796357 0.014639 0.011829
2 0.230260 0.801088 0.007985 0.024842
2 0.215843 0.830366 0.009316 0.021884
2 0.238023 0.867925 0.015526 0.016561
2 0.246008 0.903709 0.006654 0.020701
2 0.226045 0.903413 0.008428 0.015378
2 0.225380 0.920861 0.007985 0.013604
2 0.262421 0.856391 0.011090 0.019519
2 0.264861 0.681611 0.013308 0.011829
2 0.268853 0.658544 0.007098 0.017744
2 0.335394 0.710298 0.006210 0.024250
2 0.303232 0.733661 0.011090 0.010646
2 0.369107 0.708819 0.014195 0.021293
2 0.380419 0.737801 0.015526 0.016561
2 0.357352 0.733661 0.005767 0.014195
2 0.362675 0.749630 0.012864 0.010646
2 0.350698 0.729520 0.005767 0.018927
2 0.346484 0.740463 0.008872 0.012421
2 0.370882 0.797539 0.009759 0.020110
2 0.448202 0.711185 0.015526 0.018927
2 0.535059 0.705861 0.007541 0.022476
2 0.546815 0.796652 0.011534 0.018336
2 0.609097 0.699947 0.009759 0.021293
2 0.621740 0.691075 0.008428 0.022476
2 0.588691 0.704383 0.013308 0.012421
2 0.627506 0.750813 0.011090 0.018927
2 0.638153 0.748447 0.008428 0.018927
2 0.654344 0.741645 0.011534 0.014787
2 0.631277 0.715325 0.011534 0.017744
2 0.688280 0.694624 0.015526 0.011829
2 0.725321 0.746082 0.009759 0.020110
2 0.732640 0.727746 0.008428 0.017744
2 0.757926 0.754658 0.009316 0.017153
2 0.665878 0.776542 0.015083 0.010055
2 0.613089 0.835394 0.007098 0.017744
2 0.626397 0.844266 0.007985 0.011829
2 0.622627 0.873248 0.009316 0.017744
2 0.586917 0.870882 0.015970 0.013012
2 0.745061 0.812031 0.019075 0.008872
2 0.758591 0.793695 0.015970 0.013604
2 0.778509 0.764417 0.012864 0.022476
2 0.775847 0.730999 0.016413 0.013604
2 0.795366 0.795469 0.011090 0.017153
2 0.799580 0.823268 0.014195 0.012421
2 0.810448 0.846632 0.012864 0.015378
2 0.838932 0.790881 0.005718 0.017629
2 0.822672 0.771346 0.010363 0.015723
2 0.862517 0.822565 0.008576 0.014294
2 0.890747 0.798980 0.012864 0.018582
2 0.876989 0.752716 0.010363 0.011435
2 0.871093 0.729607 0.012150 0.012864
2 0.852868 0.730084 0.008576 0.011912
2 0.835716 0.737231 0.015723 0.008100
2 0.856442 0.697970 0.006432 0.021441
1 0.895750 0.762769 0.007862 0.015723
2 0.894321 0.722270 0.007147 0.016676
2 0.871986 0.698923 0.011792 0.012864
2 0.870378 0.684391 0.012150 0.013341
2 0.861266 0.668430 0.011792 0.006194
2 0.840719 0.675577 0.012150 0.008100
2 0.785508 0.712741 0.008934 0.012864
2 0.762102 0.652945 0.014294 0.014294
1 0.884672 0.693682 0.013579 0.025253
1 0.843935 0.601963 0.012150 0.020964
2 0.831070 0.593148 0.014294 0.012864
2 0.867877 0.601487 0.009291 0.012388
2 0.848401 0.579188 0.009648 0.010482
2 0.817312 0.594911 0.013222 0.011435
2 0.868592 0.515676 0.009291 0.008100
2 0.818384 0.518773 0.009648 0.019059
2 0.783543 0.557366 0.012864 0.013341
2 0.732085 0.569278 0.017153 0.012388
2 0.924874 0.398132 0.013937 0.010482
2 0.994378 0.420050 0.007862 0.020964
2 0.978833 0.413617 0.012507 0.021441
2 0.986873 0.450781 0.010720 0.017629
2 0.909686 0.329522 0.011435 0.012388
2 0.905398 0.344768 0.010720 0.015247
2 0.909329 0.128597 0.016438 0.027158
1 0.970078 0.050934 0.012864 0.020488
2 0.925052 0.248904 0.006432 0.020011
2 0.969006 0.278016 0.012864 0.006194
2 0.973830 0.290881 0.008219 0.019535
2 0.908078 0.290166 0.011078 0.016200
2 0.901110 0.263007 0.007147 0.021917
2 0.898787 0.278731 0.006790 0.013341
2 0.894678 0.261816 0.007147 0.016676
2 0.889318 0.254669 0.006432 0.018582
2 0.780684 0.287069 0.006432 0.025253
2 0.820350 0.414284 0.011435 0.013817
2 0.854655 0.389032 0.012864 0.009053
2 0.695457 0.511959 0.013937 0.014770
2 0.669728 0.492424 0.014651 0.010006
2 0.685809 0.547217 0.023942 0.013817
2 0.686345 0.562464 0.019297 0.014770
2 0.643177 0.529350 0.011435 0.018106
2 0.594435 0.505289 0.007862 0.011912
2 0.542977 0.469554 0.011435 0.016676
2 0.508922 0.647227 0.010363 0.018106
2 0.352189 0.645559 0.011078 0.020488
2 0.295121 0.887507 0.011435 0.010959
2 0.187381 0.819135 0.008934 0.020011
2 0.179698 0.843673 0.015723 0.014770
2 0.157542 0.813655 0.015723 0.020488
2 0.141462 0.773156 0.013579 0.016676
2 0.125560 0.780065 0.008219 0.019059
2 0.141819 0.795312 0.014294 0.012388
2 0.150038 0.679388 0.018582 0.022394
2 0.175874 0.579808 0.011792 0.018582
2 0.779791 0.380551 0.016081 0.014770
2 0.374631 0.273108 0.012507 0.010482
2 0.363374 0.250953 0.005718 0.014770
1 0.468970 0.338622 0.008934 0.008100
1 0.387138 0.375310 0.009648 0.011912
1 0.532399 0.339718 0.007862 0.010482
1 0.654970 0.313894 0.010006 0.012388
1 0.780398 0.457071 0.010006 0.014770
1 0.764747 0.414904 0.011435 0.027635
1 0.880741 0.672622 0.009291 0.016676
1 0.590933 0.805413 0.014294 0.018106
1 0.607192 0.870688 0.016081 0.020964
1 0.500524 0.839241 0.010720 0.011435
1 0.388496 0.839241 0.013937 0.019059
1 0.391533 0.862826 0.010006 0.011912
1 0.381528 0.878311 0.010006 0.029541
1 0.355155 0.797075 0.007862 0.010006
1 0.340504 0.777540 0.008576 0.010006
1 0.832500 0.800553 0.011435 0.019059
1 0.804726 0.933874 0.008872 0.011238
1 0.953910 0.970545 0.008428 0.010055
1 0.766265 0.200864 0.008428 0.013012
1 0.826285 0.371089 0.009759 0.008281
1 0.510706 0.584728 0.007098 0.009464
1 0.400958 0.633525 0.009759 0.012421
1 0.256876 0.728456 0.012421 0.015378
1 0.158973 0.729343 0.008428 0.012421
1 0.077793 0.689596 0.008428 0.012421
1 0.067369 0.390607 0.009759 0.017744
1 0.324170 0.193234 0.005767 0.010055
1 0.487816 0.082333 0.009759 0.014195
1 0.087552 0.062104 0.007541 0.009464
2 0.091545 0.812031 0.019962 0.010055
2 0.092210 0.831253 0.011534 0.011829
2 0.085113 0.854912 0.015083 0.015378
2 0.077793 0.883007 0.008428 0.019519
2 0.067369 0.892175 0.009759 0.015378
2 0.021899 0.883303 0.012864 0.014195
2 0.040309 0.923523 0.010646 0.022476
2 0.088218 0.746082 0.012421 0.021293
2 0.178491 0.756137 0.013752 0.030756
2 0.687970 0.590465 0.012421 0.019519
2 0.035873 0.705388 0.014195 0.009464
2 0.011253 0.680251 0.014639 0.011238
2 0.045188 0.636068 0.013308 0.011829
2 0.051177 0.569527 0.012864 0.013604
2 0.064042 0.534571 0.011090 0.010646
2 0.221299 0.478323 0.008872 0.019519
2 0.442080 0.163897 0.007541 0.019519
2 0.007704 0.726859 0.011090 0.014787
2 0.008148 0.757615 0.012864 0.010055
2 0.104409 0.795469 0.009316 0.013604
2 0.271870 0.959898 0.007098 0.023067
1 0.791551 0.322588 0.005767 0.009464
1 0.880937 0.333826 0.006210 0.008281
1 0.919530 0.420772 0.005323 0.007098
1 0.658381 0.584018 0.006654 0.007098
1 0.475661 0.660969 0.007985 0.007689
1 0.413557 0.799373 0.007098 0.008872