2 0.275819 0.265415 0.018281 0.014444
2 0.303241 0.301706 0.014896 0.010833
2 0.300871 0.646655 0.010156 0.022569
2 0.264309 0.788571 0.014219 0.026180
2 0.224023 0.896001 0.013542 0.015347
2 0.210481 0.852668 0.013542 0.018958
2 0.195585 0.902320 0.005417 0.022569
2 0.314751 0.707773 0.012187 0.023472
2 0.280220 0.708676 0.006771 0.025278
2 0.176966 0.798501 0.008802 0.024375
2 0.218606 0.795793 0.016250 0.015347
2 0.164101 0.829647 0.008802 0.025278
2 0.136680 0.817008 0.010833 0.018055
2 0.037149 0.851314 0.014896 0.014444
2 0.046628 0.826487 0.010833 0.017153
2 0.042566 0.809335 0.017604 0.017153
2 0.447459 0.925341 0.010833 0.019861
2 0.090977 0.771870 0.016927 0.019861
2 0.092331 0.795793 0.012864 0.013542
2 0.213528 0.683398 0.015573 0.016250
2 0.217929 0.659475 0.009479 0.018958
2 0.187122 0.866661 0.010156 0.012639
2 0.150221 0.380518 0.012187 0.018958
2 0.169518 0.480274 0.012864 0.012639
2 0.542385 0.503295 0.014896 0.020764
2 0.846055 0.108784 0.012864 0.009930
2 0.858919 0.117812 0.016927 0.013542
2 0.863659 0.130450 0.010156 0.022569
2 0.936106 0.106076 0.008802 0.017153
2 0.752794 0.267945 0.010915 0.021311
2 0.780667 0.291595 0.008186 0.018712
2 0.836608 0.247414 0.008576 0.019752
2 0.857269 0.290036 0.010136 0.015593
2 0.850252 0.260149 0.007017 0.023390
2 0.844210 0.272363 0.008186 0.020791
2 0.944007 0.420916 0.005847 0.021831
2 0.919253 0.273611 0.014034 0.008316
2 0.873837 0.247622 0.005847 0.020791
2 0.924515 0.290764 0.009746 0.019752
2 0.844794 0.308956 0.010136 0.015593
2 0.857464 0.335724 0.012864 0.021311
2 0.875786 0.398306 0.013644 0.009876
2 0.861752 0.396486 0.012085 0.015593
2 0.726831 0.288113 0.007797 0.024430
2 0.725272 0.380893 0.014034 0.016633
2 0.800704 0.389469 0.015203 0.008836
2 0.840779 0.453766 0.017542 0.010396
2 0.742151 0.500286 0.012864 0.019232
2 0.736499 0.523936 0.010915 0.017672
2 0.738643 0.542908 0.010525 0.015074
2 0.729482 0.558241 0.014814 0.013514
2 0.811347 0.489111 0.013254 0.015593
2 0.802381 0.508083 0.007017 0.021311
2 0.797118 0.509902 0.006627 0.018712
2 0.907947 0.524196 0.013254 0.006757
2 0.902880 0.538490 0.012475 0.009356
2 0.887871 0.546026 0.005847 0.019232
2 0.936210 0.571495 0.007407 0.016113
2 0.975311 0.571443 0.014814 0.014554
2 0.978234 0.611466 0.011305 0.011435
2 0.993893 0.596393 0.012214 0.014554
2 0.988760 0.620303 0.005847 0.016633
2 0.862454 0.615625 0.008186 0.020791
2 0.873564 0.667083 0.007797 0.019752
2 0.909117 0.700868 0.012475 0.023910
2 0.959016 0.710744 0.006237 0.016633
2 0.964473 0.723738 0.007797 0.017672
2 0.977533 0.744010 0.003508 0.018712
2 0.967592 0.749467 0.010915 0.012994
2 0.956482 0.749207 0.007407 0.016633
2 0.976753 0.767140 0.005847 0.016113
2 0.966422 0.801965 0.009356 0.023390
2 0.939524 0.782213 0.007797 0.016113
2 0.936405 0.794428 0.006237 0.015593
2 0.841481 0.572535 0.017542 0.014034
2 0.836413 0.517439 0.008186 0.021311
2 0.817311 0.518998 0.012864 0.012994
2 0.820430 0.568325 0.014424 0.012475
2 0.814582 0.561308 0.012085 0.010915
2 0.817506 0.602630 0.010915 0.014554
2 0.802887 0.608867 0.008966 0.012475
2 0.797235 0.592754 0.008576 0.018712
2 0.787840 0.677218 0.014424 0.010915
2 0.774196 0.670461 0.012085 0.011955
2 0.752950 0.642393 0.014814 0.015074
2 0.801094 0.645252 0.012864 0.010396
2 0.800509 0.630178 0.014034 0.008316
2 0.815713 0.633817 0.014814 0.009356
2 0.795052 0.616924 0.005458 0.016113
2 0.972543 0.732574 0.012864 0.020791
2 0.894771 0.753885 0.010136 0.015593
2 0.871186 0.753885 0.008966 0.023910
2 0.803940 0.701908 0.005458 0.019752
2 0.811542 0.675919 0.008186 0.017672
2 0.850330 0.690680 0.007797 0.018712
2 0.900229 0.834659 0.010915 0.010396
2 0.912508 0.884401 0.010525 0.010915
2 0.917771 0.870887 0.014814 0.008836
2 0.916797 0.851915 0.012864 0.008316
2 0.901788 0.871667 0.004678 0.023910
2 0.890483 0.852435 0.008576 0.016633
2 0.884635 0.863610 0.004678 0.019232
2 0.893212 0.880763 0.006237 0.020271
2 0.877618 0.905193 0.015593 0.023390
2 0.864949 0.846198 0.005847 0.017672
2 0.867288 0.845418 0.014424 0.004678
2 0.881907 0.843859 0.004678 0.012994
2 0.859491 0.890119 0.007407 0.015074
2 0.861635 0.875825 0.008576 0.018712
2 0.850135 0.870108 0.011305 0.009356
2 0.839999 0.800198 0.012085 0.016113
2 0.838050 0.731743 0.014424 0.012475
2 0.818169 0.731015 0.012085 0.017672
2 0.798287 0.734913 0.008966 0.019232
2 0.780940 0.738812 0.012475 0.012475
2 0.769635 0.776288 0.012475 0.014034
2 0.786592 0.814232 0.018322 0.017153
2 0.756185 0.847757 0.012085 0.020791
2 0.742151 0.797859 0.012864 0.016633
2 0.745855 0.826966 0.014034 0.009356
2 0.800938 0.895577 0.012085 0.022870
2 0.778718 0.903633 0.008186 0.021311
2 0.685859 0.865430 0.010525 0.015593
2 0.705936 0.855034 0.011695 0.014554
2 0.705546 0.793181 0.011695 0.013514
2 0.725233 0.767452 0.011305 0.021311
2 0.721724 0.732626 0.013644 0.009876
2 0.707690 0.654400 0.014424 0.015593
2 0.671046 0.749259 0.009746 0.021311
2 0.619744 0.757836 0.007407 0.020791
2 0.598108 0.743022 0.011695 0.016113
2 0.565947 0.691824 0.007407 0.029108
2 0.677162 0.570326 0.018378 0.014702
2 0.586652 0.531426 0.011027 0.021441
2 0.601124 0.520093 0.010567 0.019603
2 0.629840 0.564139 0.017459 0.015315
2 0.563679 0.570877 0.009189 0.026342
2 0.629380 0.591399 0.006432 0.023279
2 0.508638 0.630176 0.012864 0.021441
2 0.498300 0.642122 0.007811 0.017153
2 0.509327 0.659275 0.015162 0.012252
2 0.553434 0.702769 0.010567 0.020828
2 0.665309 0.796557 0.011027 0.011639
2 0.636593 0.940517 0.018837 0.010414
2 0.596622 0.870069 0.015162 0.014090
2 0.584217 0.859471 0.010567 0.018133
2 0.564460 0.875276 0.009648 0.020828
2 0.590189 0.928571 0.010567 0.023279
2 0.576406 0.919076 0.012405 0.023891
2 0.575717 0.905293 0.011946 0.017153
2 0.552974 0.908968 0.006892 0.019603
2 0.519205 0.915094 0.008270 0.022053
2 0.473260 0.912950 0.006432 0.021441
2 0.641188 0.818304 0.011486 0.011027
2 0.657268 0.817385 0.014243 0.011639
2 0.938679 0.449706 0.010108 0.017765
2 0.426305 0.759005 0.011946 0.023279
2 0.403103 0.799743 0.012405 0.017765
2 0.401265 0.703872 0.018837 0.013477
2 0.394144 0.713061 0.016540 0.015927
2 0.391663 0.759005 0.010108 0.019603
2 0.364096 0.768500 0.008270 0.017765
2 0.302484 0.732419 0.005973 0.017153
2 0.307538 0.750796 0.013324 0.014702
2 0.293984 0.746202 0.006432 0.020216
2 0.347142 0.900025 0.014243 0.020828
2 0.461315 0.781855 0.013783 0.017765
2 0.457639 0.746631 0.007351 0.020828
2 0.442018 0.735604 0.016540 0.019603
2 0.581827 0.748162 0.009648 0.021441
2 0.599286 0.783815 0.007811 0.016785
2 0.956598 0.384220 0.006432 0.022053
2 0.844033 0.761272 0.008270 0.023891
2 0.730091 0.714102 0.011946 0.015315
2 0.638891 0.792514 0.008729 0.022666
2 0.614770 0.810586 0.018378 0.013477
2 0.576176 0.811198 0.012864 0.013477
2 0.583757 0.834171 0.013324 0.021441
2 0.533907 0.877052 0.012864 0.011639
2 0.544015 0.834477 0.011027 0.026954
2 0.446612 0.845810 0.011027 0.026342
2 0.511624 0.851323 0.017000 0.015315
2 0.510475 0.834783 0.017459 0.010414
2 0.480382 0.705526 0.008729 0.021441
2 0.488881 0.665707 0.011946 0.018990
2 0.620053 0.787307 0.018837 0.011027
2 0.609256 0.797721 0.015621 0.009802
2 0.693565 0.926366 0.019756 0.011027
2 0.702754 0.906763 0.015162 0.017153
2 0.715848 0.873070 0.015621 0.013477
2 0.642566 0.853161 0.012405 0.016540
2 0.928122 0.656865 0.009802 0.021237
2 0.640203 0.202156 0.012252 0.020420
2 0.667769 0.262599 0.017153 0.020420
2 0.690652 0.708130 0.008748 0.018525
2 0.627616 0.698182 0.018525 0.015094
2 0.295712 0.829846 0.011321 0.028130
2 0.942539 0.649725 0.012187 0.033403
2 0.967929 0.375734 0.008802 0.025278
2 0.977408 0.297463 0.007448 0.026180
2 0.485781 0.471066 0.014896 0.012639
2 0.327277 0.741175 0.012864 0.018055
2 0.528572 0.704466 0.019535 0.012070
2 0.110714 0.810876 0.021441 0.013976
1 0.010180 0.796582 0.011912 0.028588
1 0.149260 0.640493 0.017153 0.017788
1 0.159266 0.624611 0.011435 0.015247
1 0.303157 0.591894 0.020011 0.032399
1 0.378105 0.632870 0.012864 0.027952
1 0.332710 0.327356 0.011695 0.018712
1 0.343430 0.318780 0.010525 0.029627
1 0.727385 0.459990 0.011187 0.016407
1 0.774927 0.557685 0.015661 0.020881
1 0.769334 0.576329 0.019017 0.014915
2 0.272541 0.741666 0.013424 0.023119
1 0.243288 0.355209 0.012864 0.014170
1 0.262026 0.432769 0.012305 0.014170
1 0.240771 0.468566 0.010068 0.017153
1 0.744164 0.697069 0.010068 0.012678
2 0.690395 0.812419 0.019554 0.011664
1 0.939348 0.196638 0.013379 0.028816