0 0.727316 0.473413 0.037307 0.065180
0 0.943439 0.481132 0.016724 0.046312
0 0.472599 0.847341 0.024443 0.037736
0 0.729643 0.869484 0.032652 0.020895
1 0.452015 0.235849 0.024443 0.022298
1 0.768482 0.557461 0.016724 0.034305
1 0.621827 0.717839 0.014151 0.025729
1 0.650772 0.753002 0.015437 0.027444
1 0.682617 0.579214 0.016958 0.031966
1 0.704545 0.615858 0.018712 0.014814
1 0.682617 0.676283 0.013449 0.026509
1 0.810678 0.763917 0.012280 0.024949
1 0.704253 0.871121 0.009941 0.022610
1 0.480294 0.793233 0.012280 0.024949
1 0.348725 0.615079 0.014619 0.024170
1 0.145232 0.944878 0.018127 0.022610
1 0.033838 0.841962 0.015203 0.014814
1 0.023897 0.762436 0.009356 0.021051
1 0.202245 0.533604 0.017542 0.017153
1 0.206046 0.581553 0.018127 0.011695
1 0.008440 0.367145 0.016880 0.016373
1 0.505087 0.364338 0.013449 0.022610
1 0.362408 0.427101 0.012280 0.018712
1 0.682325 0.848589 0.011695 0.017153
1 0.807637 0.285748 0.013449 0.025729
1 0.831612 0.090441 0.013449 0.023390
1 0.905582 0.351941 0.009356 0.021831
1 0.950608 0.264229 0.016373 0.016373
1 0.984816 0.288399 0.007602 0.017932
1 0.896928 0.621550 0.015203 0.018712
1 0.842839 0.902230 0.013449 0.017153
1 0.438075 0.743958 0.013449 0.014034
1 0.444215 0.792297 0.007017 0.009356
1 0.354163 0.718618 0.009356 0.014814
1 0.414685 0.396616 0.013449 0.021051
1 0.288788 0.449634 0.007017 0.014814
1 0.450413 0.427257 0.010525 0.015593
1 0.602166 0.779245 0.009648 0.013722
1 0.702187 0.652401 0.011578 0.014580
2 0.100579 0.148370 0.018654 0.017153
2 0.467860 0.527702 0.013508 0.026587
2 0.502273 0.498542 0.020583 0.011149
2 0.473971 0.448799 0.018010 0.011149
2 0.521055 0.338336 0.023156 0.019726
2 0.333105 0.602916 0.014151 0.012007
2 0.645326 0.645712 0.010292 0.023156
2 0.549164 0.568096 0.012221 0.027444
2 0.754352 0.782504 0.013508 0.017153
2 0.769147 0.762350 0.012221 0.019726
2 0.528516 0.949743 0.015437 0.018868
2 0.621141 0.931304 0.018010 0.023156
2 0.967196 0.640566 0.011578 0.021441
2 0.934069 0.448371 0.018654 0.015437
2 0.881647 0.352058 0.009005 0.026587
2 0.875536 0.199400 0.008362 0.024871
2 0.852380 0.166810 0.019940 0.016295
2 0.556432 0.198456 0.010292 0.017153
2 0.434413 0.435849 0.012221 0.010292
2 0.292581 0.553345 0.007719 0.022298
2 0.346291 0.392539 0.018654 0.038593
2 0.398392 0.529760 0.013508 0.012864
2 0.991638 0.889280 0.015437 0.031732
2 0.876179 0.816810 0.019940 0.015437
2 0.823435 0.621269 0.022513 0.030875
1 0.573413 0.703602 0.012864 0.018868
1 0.595283 0.571441 0.014151 0.018010
1 0.563122 0.718096 0.010292 0.014580
1 0.556368 0.733962 0.010935 0.010292
1 0.624871 0.701372 0.010292 0.012007
1 0.797384 0.589022 0.016724 0.017153
1 0.790952 0.519125 0.011578 0.016295
1 0.752037 0.468525 0.008362 0.016295
1 0.782912 0.286621 0.010935 0.013722
1 0.148178 0.159091 0.014794 0.016295
1 0.007354 0.290309 0.014708 0.019726
1 0.082890 0.532676 0.011578 0.014580
1 0.914773 0.672298 0.010935 0.018010
1 0.822470 0.675300 0.009005 0.013722
1 0.894833 0.755918 0.012221 0.020583
1 0.354331 0.476501 0.007719 0.015437
1 0.439237 0.847170 0.007719 0.013722
1 0.353366 0.774700 0.009648 0.012864
1 0.508383 0.956518 0.007075 0.012864
1 0.365587 0.361063 0.009648 0.010292
1 0.329889 0.434820 0.010292 0.013722
1 0.351441 0.490154 0.007719 0.008233
1 0.961732 0.775780 0.006690 0.011664
1 0.791921 0.634099 0.007719 0.009605
1 0.805043 0.644734 0.006175 0.013036