2 0.866657 0.992132 0.025729 0.015736
2 0.856309 0.803788 0.013983 0.020881
2 0.885394 0.758670 0.012864 0.021627
2 0.882598 0.727720 0.018458 0.011932
2 0.795063 0.685957 0.019017 0.023865
2 0.732419 0.687449 0.006712 0.029831
2 0.720952 0.697144 0.007271 0.019390
2 0.738851 0.747110 0.011746 0.020881
2 0.741647 0.713551 0.012864 0.019390
2 0.748919 0.742263 0.008390 0.014170
2 0.765419 0.737415 0.011187 0.013424
2 0.774648 0.769483 0.015102 0.011932
2 0.782758 0.783653 0.012305 0.010441
2 0.777444 0.793721 0.020695 0.009695
2 0.780241 0.806026 0.016220 0.007458
2 0.771012 0.813856 0.013424 0.014170
2 0.744724 0.808263 0.019017 0.017898
2 0.757309 0.833619 0.024051 0.026848
2 0.755910 0.857857 0.023492 0.020136
2 0.753673 0.919755 0.008949 0.026102
2 0.738851 0.900738 0.015102 0.011932
2 0.740529 0.918637 0.012864 0.008949
2 0.718156 0.905959 0.007271 0.017898
2 0.687393 0.909315 0.011746 0.018644
2 0.640409 0.911552 0.011746 0.026102
2 0.611604 0.924603 0.014542 0.013424
2 0.657077 0.795585 0.010627 0.019390
2 0.673298 0.798195 0.008390 0.018644
2 0.695951 0.850026 0.012305 0.017898
2 0.705739 0.826162 0.017339 0.016407
2 0.639738 0.813483 0.006153 0.017898
2 0.627713 0.778432 0.015661 0.023865
2 0.625755 0.745991 0.013983 0.026102
2 0.610933 0.731449 0.019017 0.026848
2 0.595272 0.759042 0.012305 0.026848
2 0.559978 0.708330 0.016220 0.022373
2 0.570885 0.800060 0.014542 0.019390
2 0.511205 0.900738 0.017339 0.017898
2 0.480442 0.800060 0.012864 0.023865
2 0.479883 0.707584 0.011746 0.025356
2 0.446044 0.711686 0.004475 0.029085
2 0.428984 0.792602 0.017339 0.023865
2 0.369696 0.857484 0.011746 0.020881
2 0.353196 0.906332 0.007831 0.024610
2 0.345533 0.870908 0.015102 0.017898
2 0.337143 0.804534 0.010627 0.022373
2 0.379652 0.797822 0.012864 0.014915
2 0.291558 0.819450 0.008949 0.014915
2 0.286524 0.847416 0.017898 0.011187
2 0.322880 0.835484 0.011187 0.021627
2 0.267227 0.817212 0.025170 0.020881
2 0.245973 0.775076 0.016220 0.017153
2 0.245414 0.798568 0.012864 0.010441
2 0.225837 0.782907 0.017339 0.014915
2 0.256041 0.682601 0.019576 0.024610
2 0.281490 0.581475 0.013424 0.018644
2 0.379931 0.653815 0.012305 0.023119
2 0.375457 0.684764 0.017898 0.014915
2 0.329928 0.479678 0.010068 0.020881
2 0.138359 0.708852 0.020695 0.012678
2 0.184223 0.860243 0.019576 0.012678
2 0.193732 0.837497 0.016220 0.017898
2 0.193452 0.820345 0.024610 0.010441
2 0.124375 0.878514 0.020695 0.031322
2 0.166884 0.894921 0.010627 0.019390
2 0.174155 0.901260 0.013983 0.029085
2 0.059494 0.875904 0.010627 0.021627
2 0.075994 0.855023 0.007831 0.011187
2 0.079350 0.827056 0.021254 0.014915
2 0.117384 0.737042 0.011187 0.029085
2 0.105079 0.732195 0.010068 0.014915
2 0.797021 0.545007 0.027407 0.017898
2 0.797580 0.561414 0.019576 0.008949
2 0.805131 0.509583 0.012305 0.015661
2 0.844004 0.509956 0.018458 0.020881
2 0.888470 0.378701 0.015661 0.014915
2 0.900216 0.497278 0.016780 0.019390
2 0.967895 0.486464 0.016780 0.017153
2 0.993344 0.520770 0.011746 0.033560
2 0.959225 0.506973 0.007271 0.017898
2 0.953912 0.507719 0.010068 0.025356
2 0.891826 0.555448 0.013424 0.010441
2 0.797300 0.588262 0.008949 0.022373
2 0.870292 0.649415 0.015102 0.017898
2 0.993176 0.569245 0.013648 0.015661
2 0.940488 0.731076 0.019017 0.011187
2 0.833656 0.743008 0.013424 0.018644
2 0.695783 0.701991 0.017339 0.015661
2 0.699418 0.606906 0.010068 0.022373
2 0.754512 0.529719 0.011746 0.021627
2 0.780800 0.489820 0.016220 0.013424
2 0.824707 0.789246 0.013424 0.015661
2 0.811843 0.754941 0.012305 0.020136
2 0.803173 0.784399 0.010627 0.020881
2 0.821351 0.810500 0.011187 0.011932
2 0.803173 0.811246 0.013983 0.011932
2 0.901335 0.789619 0.011187 0.014915
2 0.926505 0.764263 0.011187 0.016407
2 0.960344 0.693042 0.006153 0.020136
2 0.936237 0.589007 0.013424 0.008949
2 0.949101 0.600940 0.017898 0.026848
2 0.971474 0.686703 0.007831 0.020881
2 0.973152 0.723246 0.012305 0.013424
2 0.967279 0.816094 0.009509 0.017153
2 0.991890 0.788873 0.015102 0.019390
2 0.954415 0.883959 0.008390 0.020136
2 0.905194 0.819822 0.013983 0.012678
2 0.866041 0.784771 0.016220 0.012678
2 0.845626 0.854874 0.010068 0.015661
2 0.864363 0.847043 0.011746 0.019390
2 0.875270 0.861585 0.014542 0.011187
2 0.864084 0.897009 0.013424 0.017898
2 0.861287 0.884704 0.021254 0.015661
2 0.857092 0.915281 0.018458 0.011187
2 0.677828 0.844433 0.016780 0.027593
2 0.648184 0.701991 0.011187 0.027593
2 0.476471 0.751585 0.013424 0.017898
2 0.469479 0.733313 0.008390 0.014170
2 0.460251 0.747110 0.011187 0.026848
2 0.413267 0.733686 0.011187 0.011932
2 0.466683 0.646804 0.010627 0.024610
2 0.352021 0.618838 0.010627 0.020881
2 0.332501 0.914535 0.013424 0.032068
2 0.189313 0.753822 0.013424 0.028339
2 0.334179 0.773585 0.000000 0.000746
2 0.934335 0.892908 0.013424 0.023119
2 0.995693 0.706466 0.008614 0.027593
2 0.996141 0.732195 0.007271 0.026848
2 0.914199 0.839212 0.013424 0.017153
2 0.997371 0.861585 0.005258 0.023119
1 0.903572 0.691550 0.007831 0.009695
1 0.853792 0.957790 0.015661 0.017153
1 0.609646 0.889179 0.010627 0.024610
1 0.562383 0.963756 0.010068 0.017153
1 0.613562 0.838840 0.008390 0.010441
1 0.887631 0.455142 0.008390 0.014170
1 0.873648 0.413379 0.011746 0.026102
1 0.925386 0.521888 0.008949 0.014915
1 0.895742 0.628906 0.005593 0.009695
1 0.766202 0.313968 0.006712 0.008949
1 0.767320 0.192781 0.014542 0.018644
1 0.786058 0.207323 0.008390 0.025356
1 0.486707 0.271385 0.012864 0.009695
1 0.405325 0.351182 0.012305 0.012678
1 0.424062 0.429115 0.010627 0.014915
1 0.405325 0.466030 0.012305 0.009695
1 0.386308 0.504437 0.016780 0.016407
1 0.469647 0.823551 0.014542 0.023119
1 0.499292 0.836229 0.014542 0.020136
1 0.493139 0.880975 0.008949 0.032068
1 0.155977 0.803043 0.011187 0.025356
1 0.097807 0.763517 0.020136 0.017898
1 0.112070 0.812738 0.006153 0.008949
1 0.180588 0.692669 0.011187 0.013424
1 0.170799 0.566261 0.011746 0.023119
1 0.150943 0.568126 0.011187 0.008949
2 0.108155 0.680737 0.013983 0.013424
2 0.144231 0.638601 0.014542 0.012678
2 0.061172 0.754941 0.007271 0.027593
2 0.284622 0.759042 0.013424 0.038780
2 0.925386 0.415169 0.010068 0.014170
2 0.888191 0.289507 0.007271 0.022373
2 0.182266 0.127526 0.005593 0.031322
2 0.199325 0.355358 0.026288 0.015661
2 0.211910 0.304273 0.010068 0.019390
2 0.094731 0.027593 0.025170 0.026848