0 0.752430 0.305460 0.020726 0.020011
1 0.704724 0.261626 0.009648 0.020011
1 0.725629 0.382409 0.011435 0.011912
1 0.889437 0.418096 0.011435 0.009529
1 0.909091 0.463836 0.005718 0.021917
1 0.775800 0.488613 0.012864 0.012388
1 0.967982 0.567134 0.009291 0.012388
1 0.959405 0.764294 0.012150 0.011435
1 0.976201 0.727130 0.007147 0.011435
1 0.987993 0.866257 0.012150 0.015247
1 0.927065 0.904374 0.014651 0.007623
1 0.272834 0.275967 0.012507 0.014770
1 0.272549 0.801553 0.011792 0.020011
1 0.523085 0.944063 0.011435 0.010006
1 0.565252 0.860921 0.008576 0.020964