2 0.236535 0.279177 0.009262 0.026758
2 0.228045 0.234923 0.008748 0.020583
2 0.303431 0.361647 0.010292 0.015780
2 0.297153 0.576467 0.013379 0.019211
2 0.339091 0.621063 0.015952 0.023328
2 0.249297 0.674511 0.017496 0.021269
2 0.174940 0.653585 0.014923 0.030189
2 0.149983 0.588405 0.010292 0.021955
2 0.141750 0.601441 0.010292 0.021955
2 0.164648 0.580172 0.018010 0.010978
2 0.258302 0.588405 0.015952 0.023328
2 0.311304 0.789091 0.022127 0.021269
2 0.231544 0.810017 0.011835 0.016467
2 0.212247 0.738319 0.010292 0.026758
2 0.187290 0.725283 0.029331 0.015780
2 0.190377 0.748611 0.015952 0.014408
2 0.199382 0.781887 0.013379 0.013722
2 0.056792 0.796981 0.007719 0.026072
2 0.095386 0.631630 0.024185 0.021955
2 0.995660 0.632247 0.008679 0.024014
2 0.528874 0.482347 0.019297 0.010720
2 0.434641 0.967338 0.007504 0.025014
2 0.024585 0.706261 0.018225 0.025729
2 0.043346 0.665738 0.012864 0.019297
2 0.113297 0.587407 0.010184 0.022156
2 0.107401 0.605632 0.014473 0.007147
2 0.266492 0.710692 0.017689 0.011435
2 0.272120 0.692467 0.010720 0.020726
2 0.286860 0.712121 0.010184 0.011435
2 0.131414 0.854417 0.008040 0.023585
2 0.074811 0.719983 0.009112 0.017153
2 0.088479 0.741424 0.011792 0.017153
2 0.110456 0.732490 0.015009 0.015009
2 0.104560 0.714980 0.020369 0.007147
2 0.089819 0.781804 0.009112 0.017867
2 0.045865 0.858634 0.024121 0.011435
2 0.025765 0.837907 0.018225 0.015723
2 0.058998 0.434748 0.013937 0.023585
2 0.093839 0.401873 0.013937 0.029302
2 0.043453 0.308605 0.012864 0.022870
2 0.037021 0.292524 0.016081 0.009291
2 0.447452 0.131861 0.019833 0.020726
2 0.769654 0.521870 0.015009 0.014294
2 0.170919 0.422170 0.013937 0.026444
2 0.104453 0.790809 0.010720 0.020726
2 0.307176 0.696326 0.013937 0.026444
2 0.288951 0.697399 0.008576 0.020011
2 0.033966 0.888651 0.016617 0.014294
2 0.008237 0.901515 0.011256 0.022870
2 0.021637 0.874714 0.008040 0.022156
2 0.009309 0.846484 0.010184 0.020011
2 0.004520 0.875071 0.009040 0.021441
2 0.180782 0.763436 0.009648 0.011435
2 0.087246 0.814037 0.011256 0.022870
2 0.308516 0.876930 0.014473 0.017153
2 0.931264 0.691038 0.009112 0.020726
2 0.662075 0.546670 0.005896 0.023585
2 0.335102 0.705617 0.012328 0.012150
2 0.231168 0.919311 0.007504 0.029302
2 0.219107 0.934320 0.006968 0.027873
2 0.216427 0.922170 0.016617 0.013579
2 0.082476 0.763293 0.012864 0.014294
2 0.070147 0.757576 0.012864 0.012864
1 0.657626 0.443396 0.010720 0.021441
1 0.701176 0.681206 0.016540 0.026954
1 0.640529 0.957853 0.011027 0.024504
1 0.435616 0.530262 0.009189 0.022053
1 0.222433 0.567018 0.016540 0.022053
1 0.803173 0.734256 0.011027 0.020828
1 0.723689 0.714041 0.008270 0.017153
1 0.957088 0.763661 0.008270 0.018378
1 0.248622 0.907008 0.011946 0.015927
1 0.509128 0.738544 0.011027 0.017153
1 0.803073 0.837965 0.006432 0.012579
1 0.721169 0.767353 0.008148 0.010863
1 0.732147 0.356489 0.006432 0.010863
1 0.698399 0.186392 0.021441 0.020011
1 0.386383 0.719086 0.007602 0.016373
1 0.404510 0.700764 0.007602 0.014034
1 0.354105 0.696086 0.011110 0.014034
1 0.219905 0.604085 0.009356 0.014034
1 0.080267 0.518790 0.009356 0.015593
1 0.916810 0.717527 0.010525 0.013254
1 0.977331 0.685950 0.007602 0.012475
1 0.161254 0.870731 0.009941 0.017153
1 0.372232 0.852643 0.014619 0.020271
1 0.810970 0.781148 0.009356 0.011695
1 0.695774 0.733978 0.008186 0.012475
1 0.526080 0.549041 0.010525 0.010915
1 0.348608 0.537268 0.007602 0.010136
3 0.438133 0.922657 0.012864 0.034305
3 0.181721 0.620536 0.013449 0.014814