0 0.406990 0.340480 0.027015 0.025729
1 0.354245 0.242710 0.016724 0.022298
1 0.610892 0.108919 0.018010 0.022298
2 0.684863 0.072041 0.011578 0.030875
0 0.804503 0.406518 0.021870 0.034305
1 0.494468 0.011149 0.019297 0.022298
2 0.965309 0.080617 0.014151 0.024014
2 0.929931 0.173242 0.015437 0.024014
2 0.941509 0.247856 0.020583 0.015437
2 0.878473 0.359348 0.010292 0.025729
2 0.945369 0.368782 0.018010 0.024014
1 0.944726 0.509434 0.016724 0.013722
2 0.832161 0.730703 0.010292 0.024014
2 0.776844 0.758148 0.010292 0.024014
2 0.804503 0.873928 0.016724 0.022298
2 0.863036 0.974271 0.015437 0.017153
2 0.910635 0.989708 0.023156 0.020583
2 0.623113 0.876501 0.014151 0.027444
1 0.633405 0.949400 0.011578 0.022298
1 0.621184 0.555746 0.015437 0.020583
1 0.625686 0.578045 0.016724 0.020583
2 0.688722 0.453688 0.019297 0.018868
2 0.592882 0.216123 0.010292 0.024014
2 0.470026 0.246998 0.016724 0.017153
2 0.445583 0.342196 0.011578 0.025729
2 0.523413 0.352487 0.015437 0.022298
2 0.541424 0.392796 0.018010 0.030875
2 0.512479 0.451115 0.014151 0.027444
2 0.583233 0.474271 0.024443 0.018868
1 0.168997 0.902230 0.014151 0.017153