0 0.064151 0.330189 0.084906 0.132075
1 0.504117 0.267581 0.015437 0.020583
1 0.738250 0.957118 0.010292 0.024014
1 0.487393 0.578045 0.012864 0.017153
1 0.767196 0.291595 0.011578 0.020583
1 0.775557 0.197256 0.015437 0.017153
1 0.113679 0.778731 0.019297 0.024014
1 0.177358 0.986278 0.018010 0.017153
1 0.429503 0.462264 0.012864 0.018868
1 0.681003 0.782161 0.016724 0.027444
1 0.634048 0.363636 0.018010 0.027444
1 0.366467 0.184391 0.018010 0.025729
1 0.149700 0.214408 0.014151 0.020583
2 0.681003 0.114923 0.016724 0.030875
2 0.806432 0.638937 0.015437 0.036021
2 0.735034 0.810463 0.024443 0.039451
2 0.086664 0.469983 0.027015 0.027444
2 0.270626 0.599485 0.024443 0.022298