0 0.440840 0.381779 0.013359 0.025729
1 0.554987 0.445243 0.015833 0.019132
0 0.603724 0.443264 0.021276 0.023090
0 0.669778 0.346286 0.032656 0.027048
0 0.606742 0.539649 0.010885 0.029028
0 0.662406 0.596385 0.033151 0.032986
1 0.714062 0.338303 0.015338 0.013194
1 0.725442 0.598562 0.016328 0.012535
1 0.852108 0.815873 0.010391 0.017812
1 0.980951 0.714936 0.010391 0.017812
2 0.723859 0.464705 0.021276 0.015833
2 0.794366 0.720873 0.008906 0.023090
0 0.395963 0.603510 0.023750 0.017153
1 0.359348 0.652989 0.018802 0.013194
1 0.441483 0.707745 0.011875 0.019792
0 0.524607 0.659256 0.011875 0.025729
0 0.602289 0.133923 0.010885 0.022430
0 0.709312 0.126666 0.019297 0.017153
0 0.675172 0.221665 0.021276 0.022430
1 0.979219 0.058715 0.013854 0.017153