1 0.620945 0.462898 0.027407 0.038034
1 0.593932 0.369468 0.018654 0.020583
1 0.850450 0.352316 0.012221 0.018868
1 0.778087 0.664151 0.010292 0.024014
1 0.558748 0.860549 0.016724 0.020583
1 0.495712 0.908148 0.014151 0.018010
1 0.452616 0.454460 0.023156 0.019726
2 0.677101 0.613979 0.018010 0.021441
2 0.808319 0.481046 0.007719 0.019726
2 0.828902 0.445883 0.018010 0.014580
1 0.952723 0.928731 0.010935 0.018010
1 0.214430 0.551544 0.012221 0.016295
1 0.044297 0.113636 0.014151 0.031732
2 0.347256 0.316038 0.016724 0.011149
2 0.772942 0.262693 0.010292 0.023156
2 0.557783 0.197256 0.013508 0.018868
2 0.570004 0.208405 0.013508 0.013722
2 0.858491 0.305146 0.014151 0.027444
1 0.299979 0.921870 0.012221 0.016295