0 0.272606 0.257092 0.015957 0.015957
0 0.831117 0.261525 0.015957 0.014184
0 0.293218 0.377660 0.011968 0.019504
0 0.538564 0.609929 0.010638 0.026596
2 0.476230 0.615581 0.019947 0.022163
2 0.576795 0.385084 0.013298 0.019947
2 0.618767 0.364583 0.019116 0.016622
2 0.473737 0.378989 0.018285 0.023271
2 0.479139 0.417775 0.017453 0.016622
2 0.503241 0.470412 0.015791 0.022163
2 0.385638 0.842753 0.018285 0.022163
2 0.452543 0.846077 0.014129 0.022163
2 0.275515 0.590647 0.012467 0.027704
2 0.342836 0.312500 0.010805 0.018839
2 0.391041 0.275931 0.020778 0.009973
2 0.474568 0.115248 0.006649 0.012190
2 0.298787 0.154588 0.009142 0.017730
2 0.566822 0.678746 0.011636 0.022163
2 0.520695 0.647163 0.015791 0.018839
2 0.543551 0.756316 0.013298 0.024379
2 0.567653 0.807292 0.016622 0.008865
2 0.609209 0.663785 0.016622 0.021055
2 0.665309 0.605053 0.009142 0.014406
2 0.686503 0.585660 0.011636 0.015514
2 0.551031 0.674867 0.016622 0.016622
2 0.311669 0.515293 0.016622 0.027704
2 0.252244 0.442154 0.014129 0.016622
2 0.220662 0.544105 0.015791 0.018839
2 0.227726 0.637744 0.019947 0.011082
2 0.250166 0.757979 0.006649 0.014406
2 0.798288 0.629433 0.012467 0.016622
2 0.471243 0.773493 0.013298 0.021055
2 0.613780 0.768506 0.009142 0.013298
2 0.357796 0.617797 0.010805 0.011082
2 0.484541 0.302527 0.009973 0.018839
2 0.219830 0.682070 0.014129 0.017730
1 0.184092 0.637744 0.010805 0.013298
1 0.583029 0.501995 0.005818 0.009973
1 0.588846 0.421099 0.010805 0.009973
1 0.430934 0.708112 0.009142 0.014406
1 0.241855 0.510306 0.006649 0.013298
1 0.415974 0.378435 0.004156 0.008865
1 0.551862 0.227172 0.004987 0.009973
1 0.490359 0.318041 0.008311 0.016622
1 0.392287 0.482602 0.004987 0.011082
1 0.378989 0.508090 0.008311 0.008865
1 0.243933 0.652704 0.009142 0.009973
1 0.345745 0.700909 0.009973 0.008865
1 0.462101 0.702017 0.011636 0.011082
1 0.497424 0.700355 0.005818 0.007757
1 0.508228 0.758533 0.005818 0.011082
1 0.641622 0.708666 0.011636 0.019947
1 0.620429 0.673759 0.010805 0.012190
1 0.596742 0.668772 0.006649 0.011082
1 0.626662 0.620013 0.006649 0.011082
1 0.605469 0.616135 0.007480 0.005541
1 0.767952 0.679854 0.008311 0.008865
1 0.553939 0.859929 0.007480 0.014406
1 0.660322 0.873781 0.012467 0.006649
1 0.777926 0.500332 0.003324 0.006649
1 0.821975 0.467642 0.008311 0.012190
1 0.707696 0.503103 0.002493 0.007757
1 0.767537 0.397828 0.007480 0.007757
1 0.693983 0.270390 0.003324 0.005541
1 0.698969 0.161237 0.004987 0.008865
1 0.703956 0.185062 0.009973 0.012190
1 0.611287 0.114140 0.007480 0.009973
1 0.290475 0.255984 0.012467 0.009973
1 0.406416 0.580120 0.008311 0.011082
1 0.829870 0.967974 0.017453 0.024379
1 0.920878 0.949136 0.014960 0.022163
1 0.888464 0.507535 0.013298 0.014406
2 0.843584 0.489805 0.016622 0.016622
2 0.952045 0.657691 0.009142 0.024379
2 0.964096 0.640514 0.013298 0.021055
2 0.990691 0.588431 0.014960 0.018839
2 0.951629 0.601175 0.013298 0.013298
2 0.844415 0.549645 0.018285 0.016622
1 0.977394 0.787345 0.006649 0.013298
1 0.986120 0.697030 0.007480 0.012190
1 0.976562 0.685949 0.006649 0.009973
1 0.944149 0.480386 0.014960 0.013298
1 0.981965 0.460993 0.005818 0.007757
1 0.862699 0.391179 0.013298 0.007757
1 0.568068 0.711990 0.007480 0.008865
1 0.496592 0.912566 0.009142 0.019947
1 0.475814 0.928081 0.010805 0.011082
1 0.385223 0.974623 0.007480 0.013298
1 0.395196 0.958001 0.009142 0.011082
1 0.389794 0.920878 0.004987 0.009973
1 0.382314 0.887079 0.011636 0.008865
1 0.459608 0.626108 0.008311 0.016622
1 0.433843 0.557957 0.004987 0.008865
1 0.441739 0.465426 0.005818 0.007757
1 0.402261 0.446033 0.003324 0.002216
1 0.836519 0.127438 0.012467 0.018839
1 0.922124 0.089761 0.009142 0.012190