0 0.664229 0.210106 0.017287 0.014184
0 0.818484 0.127660 0.009309 0.015957
0 0.884973 0.097518 0.017287 0.015957
0 0.846410 0.209220 0.017287 0.026596
1 0.720080 0.210106 0.014628 0.007092
1 0.975399 0.406028 0.017287 0.015957
1 0.862367 0.280142 0.006649 0.023050
1 0.965426 0.252660 0.007979 0.014184
1 0.682846 0.757979 0.009309 0.017730
1 0.507314 0.699468 0.014628 0.014184
0 0.736702 0.620567 0.018617 0.012411
0 0.751995 0.654255 0.019947 0.015957
0 0.710106 0.707447 0.026596 0.023050
0 0.330452 0.749113 0.019947 0.017730
0 0.316489 0.663121 0.013298 0.023050
0 0.422872 0.835993 0.013298 0.010638
0 0.679521 0.889184 0.013298 0.028369
0 0.728059 0.815603 0.009309 0.023050
0 0.896277 0.663121 0.010638 0.012411
0 0.932846 0.700355 0.011968 0.012411
0 0.759973 0.407801 0.019947 0.026596
0 0.995346 0.312057 0.009308 0.033688
2 0.384309 0.644504 0.023936 0.014184
2 0.515957 0.649823 0.013298 0.021277
1 0.642952 0.609043 0.006649 0.010638
2 0.318484 0.509752 0.014628 0.028369
2 0.431516 0.142730 0.014628 0.021277
2 0.069814 0.768617 0.011968 0.028369
2 0.828457 0.492021 0.018617 0.017730
1 0.643617 0.409574 0.010638 0.015957