0 0.520612 0.161348 0.019947 0.019504
0 0.735372 0.010195 0.015957 0.020390
0 0.441489 0.285461 0.007979 0.015957
0 0.549202 0.327128 0.015957 0.014184
0 0.675532 0.308511 0.018617 0.015957
0 0.639628 0.646277 0.015957 0.021277
0 0.672207 0.837766 0.025266 0.024823
0 0.560505 0.623227 0.017287 0.017730
0 0.584441 0.677305 0.011968 0.015957
0 0.337766 0.572695 0.021277 0.026596
0 0.251330 0.571809 0.018617 0.021277
0 0.115691 0.407801 0.015957 0.019504
0 0.155585 0.420213 0.015957 0.026596
0 0.171543 0.458333 0.015957 0.031915
0 0.032580 0.401596 0.014628 0.039007
0 0.583112 0.984929 0.019947 0.024823
0 0.884973 0.933511 0.025266 0.042553
0 0.282580 0.922872 0.030585 0.028369
0 0.301862 0.648050 0.013298 0.031915
1 0.356383 0.652482 0.026596 0.015957
1 0.901596 0.878546 0.013298 0.021277
1 0.922207 0.867021 0.011968 0.023050
1 0.954787 0.497340 0.018617 0.035461
1 0.950798 0.451241 0.013298 0.017730
1 0.976064 0.598404 0.007979 0.014184
1 0.984043 0.541667 0.010638 0.010638
1 0.447473 0.516844 0.009309 0.014184
1 0.454122 0.586879 0.006649 0.012411
1 0.450798 0.640071 0.007979 0.012411
1 0.484043 0.644504 0.015957 0.010638
1 0.488697 0.614362 0.014628 0.010638
1 0.429521 0.763298 0.015957 0.024823
1 0.411569 0.782801 0.014628 0.021277
1 0.557181 0.759752 0.015957 0.014184
1 0.621011 0.766844 0.013298 0.021277