1 0.683576 0.437393 0.024443 0.030875
2 0.831028 0.135435 0.019833 0.022156
2 0.835317 0.092196 0.010184 0.014294
2 0.621873 0.269440 0.010184 0.020011
2 0.628037 0.146512 0.011792 0.022870
2 0.580064 0.052887 0.009112 0.017153
2 0.344000 0.126144 0.016617 0.026444
2 0.408591 0.290094 0.010720 0.022156
2 0.399746 0.275800 0.011256 0.010720
2 0.441288 0.390152 0.011792 0.020726
2 0.428155 0.426244 0.009112 0.021441
2 0.414219 0.420883 0.006968 0.022156
2 0.418239 0.458405 0.009648 0.020011
2 0.350432 0.404445 0.014473 0.012150
2 0.332100 0.345483 0.013401 0.024300
2 0.328616 0.267939 0.006432 0.020726
2 0.316824 0.257218 0.009648 0.022156
2 0.322988 0.277587 0.008040 0.021441
2 0.337461 0.296169 0.013401 0.015723
2 0.355417 0.251144 0.007504 0.020011
2 0.207744 0.302959 0.010184 0.030732
2 0.464551 0.389651 0.006432 0.027158
2 0.312697 0.531589 0.014473 0.030017
2 0.285628 0.495140 0.017153 0.018582
2 0.276247 0.517653 0.010184 0.023585
2 0.268743 0.516224 0.009112 0.020726
2 0.217821 0.508005 0.011256 0.018582
2 0.159127 0.516581 0.012864 0.020011
2 0.155374 0.576973 0.013937 0.016438
2 0.205492 0.566967 0.014473 0.015009
2 0.185928 0.661664 0.015009 0.020011
2 0.151890 0.745998 0.011256 0.017153
2 0.143582 0.796026 0.020369 0.014294
2 0.170383 0.869640 0.009648 0.030017
2 0.176011 0.815680 0.017689 0.012150
2 0.185660 0.796741 0.018761 0.012864
2 0.203884 0.771727 0.013401 0.022870
2 0.222377 0.802459 0.015009 0.015723
2 0.237922 0.853917 0.013937 0.015723
2 0.199864 0.873928 0.017153 0.015723
2 0.184320 0.858562 0.009648 0.022156
2 0.181103 0.924671 0.013937 0.014294
2 0.188876 0.906089 0.016617 0.017153
2 0.183248 0.896083 0.024657 0.017153
2 0.173331 0.888579 0.019833 0.017867
2 0.247034 0.780660 0.011792 0.016438
2 0.200936 0.737421 0.018225 0.017153
2 0.260167 0.910520 0.010184 0.020011
2 0.281875 0.908734 0.010720 0.022156
2 0.272763 0.830117 0.011792 0.025014
2 0.289112 0.835835 0.006968 0.016438
2 0.317253 0.814037 0.020369 0.022870
2 0.321273 0.767581 0.010184 0.035735
2 0.298224 0.769011 0.017689 0.011435
2 0.294740 0.740780 0.018225 0.017867
2 0.280267 0.711121 0.008576 0.022870
2 0.261775 0.683605 0.012328 0.009291
2 0.285199 0.681389 0.012864 0.011435
2 0.293239 0.644225 0.013937 0.011435
2 0.265098 0.639937 0.011256 0.014294
2 0.272870 0.623857 0.013937 0.012150
2 0.255450 0.602773 0.014473 0.010006
2 0.270190 0.605274 0.008576 0.019297
2 0.315323 0.583691 0.018225 0.015009
2 0.327920 0.698399 0.012328 0.020011
2 0.319611 0.726987 0.007504 0.032876
2 0.330600 0.723413 0.005896 0.025729
2 0.346948 0.715909 0.010720 0.016438
2 0.349896 0.768796 0.008040 0.025014
2 0.374714 0.767367 0.009648 0.013579
2 0.347109 0.859563 0.017689 0.012150
2 0.373374 0.865995 0.009112 0.022156
2 0.382486 0.852416 0.016617 0.015009
2 0.385971 0.891009 0.004288 0.023585
2 0.400979 0.902802 0.016081 0.012864
2 0.375786 0.896727 0.006432 0.016438
2 0.360778 0.921384 0.012864 0.021441
2 0.364530 0.862421 0.008576 0.027873
2 0.342821 0.908162 0.010184 0.025014
2 0.333709 0.882075 0.010184 0.011435
2 0.351665 0.889937 0.008576 0.015723
2 0.458601 0.825257 0.015545 0.027873
2 0.422152 0.807747 0.008040 0.022870
2 0.388651 0.715909 0.018225 0.019297
2 0.407947 0.671598 0.011792 0.019297
2 0.444933 0.728774 0.006432 0.020726
2 0.449489 0.741638 0.010184 0.017867
2 0.476022 0.715194 0.012864 0.017867
2 0.466374 0.763794 0.010720 0.020726
2 0.457797 0.748428 0.010720 0.015723
2 0.452437 0.768082 0.012864 0.017867
2 0.461549 0.786664 0.011792 0.016438
2 0.475486 0.801672 0.012864 0.017867
2 0.574811 0.750214 0.017689 0.015009
2 0.583387 0.783805 0.016617 0.013579
2 0.505396 0.867782 0.005360 0.022870
2 0.594911 0.925314 0.018225 0.012150
2 0.598396 0.940323 0.009112 0.019297
2 0.609920 0.919954 0.008576 0.021441
2 0.622677 0.812393 0.012864 0.013579
2 0.597752 0.738065 0.010184 0.025014
2 0.635274 0.675172 0.021977 0.020726
2 0.645726 0.747713 0.019297 0.017153
2 0.655374 0.712336 0.016081 0.010720
2 0.662075 0.691609 0.011256 0.015009
2 0.679227 0.703045 0.017689 0.019297
2 0.697720 0.693754 0.012864 0.022156
2 0.816824 0.957333 0.008576 0.025014
2 0.732669 0.613208 0.010720 0.020011
2 0.648513 0.584548 0.016081 0.020726
2 0.553745 0.630217 0.015223 0.012007
2 0.481543 0.608848 0.015545 0.012150
2 0.463854 0.626715 0.015545 0.010720
2 0.477255 0.638150 0.003752 0.013579
2 0.420169 0.629217 0.007504 0.008576
2 0.417489 0.618496 0.017153 0.022870
2 0.416149 0.580260 0.010184 0.013579
2 0.490119 0.587050 0.009112 0.022870
2 0.726183 0.270297 0.013401 0.014294
2 0.661860 0.298170 0.014473 0.010006
2 0.560070 0.416166 0.024657 0.026444
2 0.613136 0.524085 0.011792 0.019297
2 0.727308 0.563751 0.008576 0.018582
2 0.522388 0.602344 0.010184 0.017153
2 0.315001 0.462979 0.019297 0.011435
2 0.116084 0.552101 0.025193 0.012150
2 0.115816 0.566752 0.013937 0.015723
2 0.116620 0.697541 0.019833 0.014294
2 0.099736 0.787593 0.017153 0.015723
2 0.065162 0.715051 0.011256 0.006432
2 0.060338 0.687893 0.008040 0.023585
2 0.048278 0.698971 0.006432 0.018582
2 0.066770 0.752216 0.018761 0.013579
2 0.088211 0.740066 0.008040 0.015009
2 0.133237 0.759720 0.009112 0.018582
2 0.124929 0.790094 0.009648 0.020726
2 0.096251 0.772942 0.016617 0.010720
2 0.105900 0.806532 0.018761 0.013579
2 0.098396 0.816181 0.013401 0.017153
2 0.136185 0.816181 0.027873 0.012864
2 0.133505 0.846913 0.021441 0.017153
2 0.265366 0.742925 0.035377 0.016438
2 0.224360 0.833333 0.014473 0.011435
2 0.094643 0.862993 0.024121 0.017867
2 0.084459 0.829403 0.019833 0.030732
2 0.079367 0.908734 0.025729 0.036449
2 0.028981 0.895512 0.023585 0.025729
2 0.035949 0.855846 0.018225 0.025014
2 0.017188 0.831904 0.012864 0.024300
2 0.042381 0.821184 0.026801 0.020011
0 0.378305 0.411306 0.044490 0.052173
1 0.751912 0.768082 0.012328 0.026444
1 0.708762 0.770583 0.009648 0.014294
1 0.874125 0.940323 0.021977 0.020726
1 0.538576 0.879931 0.009112 0.012864
1 0.748857 0.535592 0.019297 0.014294
1 0.826043 0.520941 0.007504 0.016438
1 0.557497 0.652659 0.012864 0.021441
1 0.565591 0.620140 0.011256 0.020726
1 0.258022 0.807604 0.016617 0.024300
1 0.239369 0.529588 0.008040 0.015723
1 0.200507 0.467410 0.010720 0.012864
1 0.187911 0.424886 0.009112 0.027873
1 0.453241 0.514723 0.011256 0.014294
1 0.388651 0.533662 0.005360 0.015009
1 0.241674 0.238851 0.027873 0.022870
1 0.447988 0.132218 0.017689 0.018582
1 0.415559 0.040380 0.012864 0.025014
1 0.817360 0.098270 0.013937 0.020726
1 0.931264 0.067181 0.012328 0.012864
1 0.761185 0.849200 0.013937 0.020011
1 0.575293 0.686678 0.019297 0.021441
1 0.731543 0.362850 0.032697 0.040738
1 0.949489 0.868353 0.010184 0.024300