0 0.777261 0.403369 0.014628 0.024823
0 0.972074 0.066489 0.010638 0.017730
0 0.850399 0.703901 0.009309 0.019504
2 0.543218 0.354610 0.030585 0.037234
1 0.018617 0.647163 0.021277 0.015957
1 0.599069 0.367908 0.025266 0.014184
1 0.528590 0.383865 0.025266 0.017730
1 0.364362 0.334220 0.013298 0.017730
1 0.436835 0.431738 0.019947 0.010638
1 0.458112 0.551418 0.014628 0.019504
1 0.617686 0.616135 0.022606 0.021277
1 0.626995 0.433511 0.009309 0.028369
1 0.718750 0.682624 0.017287 0.026596
1 0.916223 0.521277 0.007979 0.012411
1 0.623670 0.850177 0.021277 0.031915
1 0.501330 0.754433 0.010638 0.017730
1 0.133644 0.626773 0.011968 0.014184
1 0.238032 0.727837 0.013298 0.017730
1 0.390293 0.600177 0.022606 0.007092
1 0.479388 0.595745 0.009309 0.015957
1 0.478723 0.403369 0.018617 0.010638
1 0.469415 0.423759 0.010638 0.012411
1 0.493351 0.415780 0.013298 0.007092
1 0.688830 0.062943 0.013298 0.014184
1 0.735372 0.536348 0.013298 0.021277
1 0.687500 0.526596 0.013298 0.019504
1 0.716755 0.529255 0.010638 0.024823
1 0.338431 0.445035 0.017287 0.019504