2 0.621184 0.251286 0.030875 0.029160
2 0.718954 0.084906 0.015437 0.029160
1 0.785849 0.034305 0.015437 0.017153
2 0.790995 0.066038 0.020583 0.029160
0 0.684863 0.210978 0.019297 0.027444
2 0.731818 0.307890 0.020583 0.039451
1 0.707376 0.359348 0.012864 0.018868
2 0.700300 0.390223 0.014151 0.036021
2 0.628902 0.389365 0.020583 0.030875
2 0.521484 0.061750 0.019297 0.017153
2 0.354245 0.028302 0.019297 0.015437
2 0.468739 0.204974 0.019297 0.025729
2 0.479031 0.258148 0.014151 0.025729
2 0.217238 0.281304 0.012864 0.027444
2 0.078302 0.282161 0.010292 0.032590
1 0.101458 0.344768 0.012864 0.020583
2 0.264194 0.465695 0.029588 0.022298
2 0.349743 0.476844 0.023156 0.030875
2 0.352316 0.545455 0.012864 0.030875
1 0.296998 0.656089 0.015437 0.022298
1 0.156775 0.899657 0.012864 0.018868
2 0.476458 0.662950 0.024443 0.022298
1 0.548499 0.352487 0.011578 0.018868
1 0.800643 0.510292 0.014151 0.018868
3 0.830875 0.198113 0.036021 0.042882
2 0.935077 0.644940 0.015437 0.027444
2 0.717667 0.651801 0.012864 0.030875
2 0.808362 0.730703 0.016724 0.027444
2 0.762050 0.759005 0.014151 0.029160
2 0.749828 0.800172 0.018010 0.029160
2 0.817367 0.847341 0.014151 0.030875
2 0.873328 0.884220 0.023156 0.029160
2 0.917710 0.928816 0.021870 0.025729
2 0.655274 0.864494 0.016724 0.024014
0 0.596098 0.896226 0.016724 0.029160
1 0.617324 0.950257 0.015437 0.020583
1 0.567153 0.808748 0.010292 0.025729
1 0.743396 0.172384 0.018010 0.022298