0 0.358491 0.607375 0.028150 0.029418
0 0.654179 0.616554 0.027516 0.016126
0 0.554245 0.607080 0.018142 0.028624
1 0.648887 0.582084 0.017537 0.014917
1 0.662494 0.903685 0.006047 0.009676
1 0.702709 0.856112 0.007862 0.013707
1 0.653120 0.815796 0.010885 0.015320
2 0.806422 0.832446 0.006047 0.022980
1 0.674589 0.339945 0.007257 0.007660
1 0.860970 0.407071 0.014514 0.014514
1 0.528985 0.666087 0.006827 0.009517
1 0.626089 0.743711 0.004838 0.007257
1 0.801101 0.783220 0.006047 0.004838
1 0.241292 0.432672 0.007257 0.005241