2 0.291829 0.806487 0.021051 0.021831
2 0.315511 0.838453 0.009941 0.021831
2 0.307033 0.930454 0.005847 0.018712
2 0.294168 0.949166 0.012864 0.020271
2 0.316681 0.944488 0.018127 0.018712
2 0.351181 0.910182 0.015788 0.015593
2 0.349719 0.838453 0.007017 0.021831
2 0.339194 0.793622 0.015203 0.019492
2 0.411995 0.843911 0.008771 0.021831
2 0.439011 0.809606 0.011110 0.031187
2 0.460646 0.832606 0.009941 0.027288
2 0.465909 0.794792 0.013449 0.015593
2 0.464447 0.735927 0.010525 0.027288
2 0.499240 0.613130 0.016958 0.015593
2 0.486960 0.606892 0.013449 0.020271
2 0.617067 0.670357 0.014034 0.012475
2 0.829974 0.872525 0.008771 0.027288
2 0.850441 0.856152 0.006432 0.017932
2 0.797813 0.864728 0.006432 0.028848
2 0.896051 0.879152 0.015788 0.020271
2 0.938738 0.885389 0.013449 0.018712
2 0.908915 0.921644 0.009941 0.021051
2 0.905115 0.856931 0.010525 0.021051
2 0.836699 0.748168 0.008186 0.028068
2 0.822665 0.719710 0.011695 0.010136
2 0.888742 0.674100 0.018712 0.012475
2 0.929089 0.625370 0.015203 0.014814
2 0.920610 0.696710 0.015788 0.010915
2 0.899267 0.716981 0.011695 0.010915
2 0.884941 0.723998 0.008771 0.015593
2 0.896636 0.735693 0.008771 0.021831
2 0.969145 0.800016 0.022805 0.007017
2 0.971191 0.817948 0.009356 0.017932
2 0.958619 0.844846 0.014619 0.010915
2 0.951310 0.876423 0.009356 0.027288
2 0.984348 0.783253 0.007602 0.018712
2 0.795006 0.551770 0.006432 0.021051
2 0.736531 0.520973 0.009941 0.028068
2 0.751150 0.770856 0.020466 0.016373
2 0.767815 0.757992 0.018712 0.015593
2 0.740040 0.788788 0.015788 0.014814
2 0.728696 0.910494 0.019297 0.018712
2 0.673729 0.972478 0.008771 0.019492
2 0.755886 0.936223 0.010525 0.024949
2 0.740391 0.619679 0.019297 0.015593
2 0.626657 0.777561 0.014034 0.022610
2 0.482808 0.946359 0.014034 0.026509
2 0.499181 0.744815 0.014034 0.008576
2 0.490118 0.684001 0.008771 0.022610
2 0.692149 0.886714 0.010525 0.017932
2 0.829273 0.843053 0.008771 0.022610
2 0.839798 0.847731 0.011110 0.025729
2 0.934528 0.557305 0.014619 0.014034
2 0.608822 0.712459 0.012280 0.020271
2 0.952187 0.118119 0.008771 0.027288
2 0.869737 0.315765 0.007602 0.023390
2 0.976162 0.455481 0.013449 0.023390
2 0.948678 0.520583 0.012280 0.013254
2 0.445618 0.941759 0.016373 0.010136
2 0.426614 0.990176 0.012280 0.019648
2 0.369601 0.965149 0.014034 0.024170
2 0.331007 0.909793 0.011695 0.021051
2 0.312295 0.879386 0.011695 0.022610
2 0.261130 0.981132 0.015788 0.014034
2 0.210724 0.840636 0.018127 0.012475
2 0.202947 0.804850 0.017776 0.016997
2 0.137631 0.881179 0.011110 0.023390
2 0.143478 0.906128 0.018127 0.012475
2 0.074185 0.918993 0.021051 0.021051
2 0.188796 0.589584 0.015203 0.015593
2 0.134414 0.681974 0.021051 0.017932
2 0.376910 0.568533 0.019297 0.017153
2 0.381471 0.409013 0.015788 0.024949
2 0.779101 0.187744 0.009941 0.020271
2 0.156927 0.871589 0.008771 0.021051
2 0.006510 0.602838 0.013020 0.018712
1 0.050444 0.609231 0.018712 0.026509
1 0.111551 0.701232 0.015788 0.018712
1 0.160085 0.722283 0.018127 0.015593
1 0.282882 0.739825 0.018127 0.028848
1 0.156576 0.785826 0.009941 0.024170
1 0.010389 0.874708 0.015788 0.019492
1 0.219145 0.812724 0.011110 0.029627
1 0.341591 0.869250 0.012280 0.019492
1 0.600635 0.901606 0.018127 0.023390
1 0.936516 0.791595 0.011110 0.030407
1 0.852896 0.823951 0.016958 0.010915
1 0.970139 0.734290 0.015203 0.021831
1 0.956105 0.553407 0.011695 0.015593
1 0.500175 0.527990 0.009941 0.023390
1 0.534968 0.694449 0.010525 0.014814
1 0.569117 0.785592 0.009356 0.014034
1 0.657415 0.745829 0.005847 0.012475
2 0.174470 0.047560 0.016958 0.021831
1 0.025359 0.054577 0.020466 0.020271
1 0.233120 0.355372 0.009356 0.021831
1 0.694292 0.653415 0.009459 0.010090
1 0.562153 0.515084 0.009081 0.013117
1 0.426319 0.911109 0.008324 0.016144
1 0.272324 0.917163 0.010594 0.012108
1 0.271945 0.930784 0.008324 0.013117