2 0.663593 0.630875 0.020583 0.015437
2 0.713122 0.655746 0.014151 0.027444
2 0.773907 0.692196 0.018654 0.045455
2 0.764459 0.741852 0.011658 0.010720
2 0.760640 0.729256 0.006432 0.018761
2 0.754007 0.721752 0.006834 0.021977
2 0.749987 0.740512 0.008442 0.019833
2 0.772901 0.789290 0.010050 0.019833
2 0.803656 0.826008 0.007236 0.010720
2 0.854712 0.786878 0.014473 0.020369
2 0.878431 0.747749 0.010452 0.021441
2 0.848078 0.701651 0.014875 0.018225
2 0.783354 0.731400 0.012462 0.013401
2 0.737725 0.704063 0.004824 0.024121
2 0.704961 0.728988 0.014071 0.011792
2 0.718830 0.786074 0.012864 0.023049
2 0.741946 0.811535 0.021307 0.013937
2 0.797625 0.890598 0.013669 0.015545
2 0.906813 0.731668 0.008040 0.027873
2 0.894350 0.717732 0.016081 0.026801
2 0.927235 0.691895 0.012864 0.023585
2 0.973065 0.688143 0.017689 0.012864
2 0.937688 0.780607 0.008844 0.020905
2 0.910351 0.766402 0.014473 0.019297
2 0.894270 0.908716 0.011256 0.014473
2 0.919396 0.895047 0.010050 0.021441
2 0.962613 0.890223 0.011256 0.020369
2 0.989749 0.882719 0.004422 0.018225
2 0.919635 0.792673 0.010885 0.025949
2 0.954765 0.826978 0.013854 0.025069
2 0.983628 0.810969 0.008246 0.017505
2 0.974557 0.836874 0.007917 0.015833
2 0.971918 0.850288 0.015833 0.013634
2 0.994843 0.813652 0.006267 0.015833
2 0.942561 0.821129 0.008576 0.012315
2 0.883351 0.839381 0.009566 0.012755
2 0.858743 0.726041 0.012205 0.018472
2 0.673396 0.899239 0.015174 0.011435
2 0.678344 0.917271 0.009236 0.011435
2 0.662510 0.854158 0.014514 0.018912
2 0.669273 0.793684 0.014844 0.014954
2 0.714793 0.820953 0.005608 0.007917
2 0.627380 0.801601 0.008246 0.022870
2 0.628865 0.824911 0.005937 0.014954
2 0.633483 0.868452 0.014514 0.019352
2 0.640905 0.903637 0.005608 0.019352
2 0.620289 0.924088 0.013854 0.008356
2 0.620124 0.910234 0.016823 0.014954
2 0.618309 0.892202 0.007917 0.007917
2 0.615341 0.824471 0.012535 0.014074
2 0.611217 0.840084 0.012205 0.013634
2 0.573284 0.849760 0.020121 0.020671
2 0.579881 0.821832 0.010885 0.021111
2 0.590106 0.824691 0.004288 0.016273
2 0.563883 0.813036 0.018472 0.007917
2 0.546235 0.820073 0.012205 0.021111
2 0.553822 0.834147 0.013524 0.007037
2 0.564542 0.899239 0.007257 0.010555
2 0.516383 0.865594 0.005937 0.017153
2 0.474656 0.838633 0.012205 0.021111
2 0.473996 0.818182 0.022760 0.013634
2 0.489994 0.803228 0.011875 0.025949
2 0.514404 0.785856 0.008576 0.014954
2 0.535845 0.775740 0.011875 0.018472
2 0.526279 0.786955 0.005278 0.027708
2 0.532876 0.801029 0.014514 0.011875
2 0.534855 0.807626 0.011215 0.009236
2 0.569556 0.749923 0.009236 0.031227
2 0.583905 0.747944 0.017483 0.014074
2 0.578957 0.760039 0.006927 0.026829
2 0.453446 0.903637 0.013854 0.032546
2 0.443715 0.907596 0.011545 0.016713
2 0.483298 0.857017 0.005608 0.016713
2 0.411554 0.938162 0.007917 0.020671
2 0.395391 0.892862 0.015174 0.020671
2 0.404792 0.873730 0.010226 0.019352
2 0.345912 0.868012 0.009896 0.021991
2 0.342778 0.901438 0.011545 0.021111
2 0.333707 0.857677 0.009236 0.025949
2 0.323482 0.854158 0.008576 0.022430
2 0.323482 0.873950 0.005937 0.025069
2 0.326450 0.890223 0.011215 0.010116
2 0.292805 0.873950 0.007917 0.019792
2 0.312596 0.869552 0.013194 0.013634
2 0.337171 0.824471 0.006927 0.013194
2 0.255795 0.937503 0.019132 0.036065
2 0.230066 0.910015 0.016493 0.016273
2 0.176793 0.966970 0.009566 0.022870
2 0.194441 0.886924 0.007257 0.016713
2 0.234247 0.796244 0.019635 0.012639
2 0.248196 0.781707 0.022324 0.015639
2 0.260304 0.765059 0.019297 0.012612
2 0.330189 0.754465 0.008324 0.035819
2 0.392165 0.747351 0.007567 0.019171
2 0.393868 0.730199 0.010216 0.010090
2 0.379301 0.735748 0.010594 0.015135
2 0.385544 0.686056 0.020053 0.007567
2 0.314789 0.728938 0.013243 0.024720
2 0.010847 0.925184 0.015891 0.019675
2 0.129465 0.774342 0.011729 0.018666
2 0.122087 0.756432 0.012108 0.010090
2 0.006003 0.604329 0.009838 0.018666
2 0.015273 0.610887 0.014756 0.009585
2 0.228597 0.628393 0.019297 0.013117
2 0.415094 0.712390 0.018162 0.011603
2 0.284558 0.560690 0.009081 0.021189
2 0.280206 0.542276 0.008702 0.009585
2 0.227613 0.524871 0.007189 0.025224
2 0.086974 0.240692 0.018918 0.020684
2 0.289552 0.247755 0.007567 0.013621
2 0.362917 0.009333 0.025351 0.018666
2 0.460801 0.113409 0.006811 0.034305
2 0.409797 0.133639 0.011351 0.012612
2 0.493984 0.295076 0.010973 0.020684
2 0.474687 0.343759 0.017027 0.013117
2 0.495687 0.350318 0.008324 0.018162
2 0.396933 0.552568 0.011351 0.007567
2 0.446688 0.531884 0.012486 0.012612
2 0.430797 0.567703 0.016270 0.009585
2 0.423986 0.635809 0.015513 0.015639
2 0.473930 0.756230 0.014756 0.028251
2 0.542112 0.680507 0.020810 0.020684
2 0.573138 0.577490 0.010973 0.020684
2 0.621872 0.472404 0.008702 0.017153
2 0.684757 0.343205 0.009459 0.016648
2 0.594819 0.169155 0.005297 0.021693
2 0.837088 0.163203 0.007189 0.019675
2 0.765463 0.244930 0.006811 0.015639
2 0.809013 0.343558 0.007946 0.014126
2 0.928842 0.366512 0.010594 0.006558
2 0.944733 0.419736 0.009081 0.015135
2 0.827137 0.628594 0.012108 0.015135
2 0.759976 0.637171 0.004919 0.016144
2 0.981737 0.499193 0.006811 0.010594
2 0.770003 0.595954 0.006811 0.009585
2 0.769625 0.583089 0.006811 0.012108
2 0.763571 0.587378 0.004540 0.028756
2 0.671022 0.658561 0.007567 0.020180
2 0.670455 0.682020 0.007189 0.003531
2 0.436775 0.810110 0.011729 0.034305
2 0.363863 0.322218 0.006054 0.020684
2 0.775792 0.270003 0.014000 0.008072
2 0.885329 0.330845 0.012864 0.012108
2 0.727399 0.739835 0.003784 0.014630
2 0.349410 0.833771 0.015135 0.013621
2 0.468482 0.869438 0.007189 0.021189
2 0.781165 0.870851 0.010216 0.028251
2 0.994224 0.685905 0.007567 0.018162
2 0.110622 0.710221 0.013243 0.020180
2 0.102298 0.807588 0.008702 0.013117
2 0.366323 0.733377 0.010973 0.024720
1 0.657287 0.725103 0.008702 0.013621
1 0.670152 0.730148 0.004162 0.007567
1 0.664476 0.733428 0.005676 0.009081
1 0.662585 0.677681 0.004919 0.009585
2 0.615478 0.622995 0.012108 0.013621
1 0.770192 0.563314 0.008702 0.015135
1 0.756760 0.579457 0.009081 0.016144
1 0.718091 0.424629 0.010594 0.012612
1 0.698794 0.347694 0.012108 0.011099
1 0.878254 0.086520 0.006432 0.009585
1 0.723085 0.188175 0.006811 0.010090
1 0.462352 0.038089 0.007946 0.012612
1 0.274455 0.195944 0.008702 0.018162
1 0.321562 0.079810 0.007567 0.008072
1 0.226819 0.362476 0.006054 0.008576
1 0.247061 0.427555 0.007946 0.008576
1 0.311914 0.419483 0.005676 0.008576
1 0.360950 0.494097 0.007189 0.010090
1 0.454066 0.468368 0.006811 0.015135
1 0.453461 0.564121 0.013621 0.021189
1 0.425083 0.533599 0.006811 0.008576
1 0.408246 0.537130 0.008702 0.010594
1 0.417327 0.624256 0.005676 0.012108
1 0.381382 0.594239 0.007189 0.009585
1 0.462542 0.693068 0.009838 0.014126
1 0.400679 0.690041 0.006432 0.012108
1 0.304800 0.666078 0.007946 0.012612
1 0.283044 0.679195 0.009081 0.009585
1 0.188641 0.658259 0.009459 0.009081
1 0.155156 0.744829 0.008324 0.011099
1 0.078726 0.779286 0.009081 0.013621
1 0.213046 0.852941 0.009081 0.010594
1 0.016709 0.736217 0.013324 0.013477
1 0.007979 0.683533 0.006892 0.019603
1 0.046573 0.690272 0.010567 0.017153
1 0.377741 0.768990 0.010567 0.010414
1 0.386471 0.822286 0.009648 0.011639
1 0.390606 0.848628 0.006892 0.012864
1 0.497887 0.748469 0.009189 0.008576
1 0.552101 0.730397 0.009189 0.011639
1 0.693151 0.837295 0.008270 0.011027
1 0.788992 0.829331 0.012864 0.020828
1 0.789911 0.854141 0.009189 0.014090
1 0.849409 0.949400 0.008729 0.019603
1 0.895353 0.823205 0.007811 0.009802
1 0.976813 0.786449 0.009189 0.015927
1 0.806359 0.628216 0.007351 0.010414
1 0.812791 0.549069 0.007351 0.014090
1 0.204760 0.905905 0.006432 0.011027
1 0.069085 0.521502 0.008729 0.011639
1 0.697286 0.460794 0.011946 0.012252
1 0.791519 0.370742 0.010567 0.012252
1 0.740658 0.773830 0.009189 0.011027
1 0.754901 0.791289 0.005513 0.011639
1 0.648907 0.820448 0.005973 0.014090
1 0.652582 0.894266 0.006892 0.012252
1 0.665906 0.963796 0.006892 0.011639
1 0.527383 0.728865 0.005513 0.011027
1 0.445372 0.715388 0.007811 0.011027
1 0.460074 0.868843 0.006892 0.007964
1 0.291136 0.186964 0.011027 0.015927
1 0.537583 0.156947 0.009189 0.014702
1 0.867603 0.338459 0.006892 0.007964
1 0.924804 0.339378 0.006432 0.008576
1 0.936750 0.465266 0.011027 0.015315
1 0.123983 0.864670 0.008576 0.013194
1 0.293234 0.800457 0.009566 0.010555
1 0.306923 0.822888 0.005937 0.007037
1 0.266020 0.844439 0.007257 0.006157
1 0.276576 0.854114 0.003958 0.007917
1 0.441629 0.783773 0.005458 0.010915
1 0.504977 0.794168 0.005068 0.006757
1 0.585867 0.804304 0.004678 0.008316