0 0.771277 0.399823 0.015957 0.035461
0 0.655585 0.047872 0.023936 0.037234
0 0.781915 0.577128 0.015957 0.028369
0 0.617021 0.804965 0.042553 0.040780
0 0.986037 0.819149 0.019947 0.026596
0 0.529920 0.466312 0.025266 0.026596
1 0.350399 0.123227 0.019947 0.014184
1 0.376995 0.104610 0.006649 0.030142
1 0.726064 0.337766 0.026596 0.017730
1 0.803856 0.249113 0.009309 0.014184
1 0.817154 0.229610 0.027926 0.010638
1 0.887633 0.159574 0.014628 0.019504
1 0.980053 0.250887 0.007979 0.014184
1 0.945479 0.650709 0.018617 0.023050
1 0.714761 0.599291 0.027926 0.026596
1 0.773271 0.492908 0.025266 0.015957
1 0.822473 0.507092 0.017287 0.019504
1 0.615027 0.363475 0.025266 0.026596
1 0.572473 0.246454 0.011968 0.026596
1 0.578457 0.547872 0.013298 0.023050
2 0.455452 0.348404 0.014628 0.028369
2 0.605053 0.601950 0.018617 0.017730
2 0.370346 0.390957 0.014628 0.021277
2 0.484707 0.414894 0.017287 0.012411
2 0.471410 0.458333 0.014628 0.017730
2 0.202128 0.880319 0.015957 0.017730
2 0.199468 0.812057 0.015957 0.023050
2 0.253989 0.718972 0.013298 0.024823
2 0.267952 0.684397 0.025266 0.019504
2 0.330452 0.485816 0.014628 0.026596
2 0.980718 0.950355 0.014628 0.015957
2 0.730718 0.713652 0.017287 0.024823
2 0.589761 0.704787 0.030585 0.014184
2 0.590426 0.738475 0.018617 0.028369
2 0.439495 0.914007 0.022606 0.046099
2 0.365691 0.865248 0.026596 0.019504
2 0.675532 0.360816 0.015957 0.031915
1 0.141622 0.547872 0.011968 0.012411
1 0.098404 0.483156 0.015957 0.017730
1 0.418883 0.566489 0.013298 0.021277
1 0.394282 0.580674 0.009309 0.007092
1 0.364362 0.538121 0.010638 0.010638
1 0.283245 0.538121 0.010638 0.014184
1 0.287899 0.613475 0.017287 0.015957
1 0.327128 0.663121 0.007979 0.012411
1 0.383644 0.722518 0.009309 0.017730
1 0.051197 0.762411 0.011968 0.026596
1 0.056516 0.840426 0.014628 0.015957
1 0.014628 0.866135 0.023936 0.014184
1 0.121011 0.765957 0.013298 0.012411
1 0.026596 0.506206 0.015957 0.024823
1 0.685505 0.053191 0.011968 0.019504
1 0.667553 0.455674 0.015957 0.015957
1 0.782580 0.896277 0.009309 0.021277