2 0.129117 0.336192 0.021870 0.065180
2 0.476844 0.388954 0.017496 0.040480
2 0.918400 0.212264 0.011256 0.018582
2 0.971734 0.170455 0.022513 0.019297
2 0.946273 0.616567 0.020905 0.023585
2 0.921080 0.577616 0.014473 0.025729
2 0.747141 0.923027 0.023585 0.030732
2 0.058087 0.685749 0.013401 0.017867
2 0.034770 0.668954 0.021441 0.020011
2 0.051655 0.707190 0.012328 0.015009
2 0.069075 0.699686 0.017153 0.022870
2 0.087032 0.694325 0.015545 0.027873
2 0.003448 0.732204 0.006896 0.027873
2 0.013329 0.633076 0.021441 0.014294
2 0.116781 0.617710 0.012864 0.023585
2 0.023245 0.287950 0.010184 0.023585
2 0.217928 0.145083 0.019833 0.024300
2 0.437321 0.107204 0.015009 0.018582
2 0.653338 0.336264 0.019297 0.019297
2 0.208977 0.961978 0.009648 0.025729
2 0.012025 0.914094 0.024049 0.034305
2 0.097484 0.772227 0.016081 0.026444
2 0.662182 0.944468 0.016617 0.019297
2 0.777426 0.643582 0.011256 0.023585
2 0.895619 0.751858 0.013937 0.021441
1 0.906607 0.801887 0.016617 0.015723
1 0.879538 0.774371 0.012864 0.010720
1 0.916524 0.628931 0.007504 0.010006
1 0.948149 0.669311 0.011792 0.015009
1 0.973610 0.811893 0.009112 0.017153
1 0.963426 0.891938 0.013401 0.018582
1 0.860778 0.825114 0.010720 0.020726
1 0.811196 0.842624 0.015545 0.015723
1 0.733205 0.776158 0.009648 0.014294
1 0.695147 0.839408 0.011792 0.010720
1 0.638329 0.953045 0.010720 0.013579
1 0.613404 0.966981 0.013401 0.014294
1 0.570522 0.846913 0.009112 0.014294
1 0.576955 0.790094 0.009112 0.013579
1 0.568110 0.740066 0.010720 0.015009
1 0.484652 0.772584 0.006968 0.011435
1 0.485992 0.717553 0.009648 0.014294
1 0.459995 0.740423 0.009112 0.012864
1 0.489208 0.915166 0.007504 0.009291
1 0.149049 0.848699 0.013937 0.020726
1 0.139133 0.766509 0.010184 0.025014
1 0.150658 0.936607 0.016081 0.022156
1 0.264294 0.953402 0.023585 0.022870
1 0.035145 0.893725 0.011256 0.012150
1 0.274746 0.737922 0.009112 0.012150
1 0.289326 0.688107 0.008040 0.010006
1 0.316127 0.605203 0.011256 0.018582
1 0.357133 0.628431 0.008576 0.012150
1 0.204635 0.530589 0.009112 0.015723
1 0.064733 0.539880 0.018761 0.014294
1 0.025121 0.400800 0.010720 0.017153
1 0.270244 0.150729 0.011256 0.016438
1 0.418561 0.446326 0.012864 0.019297
1 0.539165 0.636935 0.009648 0.014294
1 0.695415 0.714623 0.009112 0.015009
1 0.687643 0.728202 0.009648 0.013579
1 0.704796 0.701758 0.010720 0.016438
1 0.756629 0.698399 0.013401 0.015723
1 0.831940 0.646941 0.012864 0.015723
1 0.811035 0.565823 0.019297 0.020726
1 0.727416 0.569039 0.016081 0.018582
1 0.661217 0.522942 0.010184 0.013579
1 0.629592 0.440109 0.018761 0.021441
1 0.906715 0.288522 0.012328 0.015009
0 0.856275 0.468625 0.035806 0.067896
1 0.879806 0.466981 0.008040 0.017153
1 0.917060 0.515938 0.010720 0.016438
1 0.891063 0.530589 0.010184 0.017153
1 0.548653 0.392867 0.015759 0.012150
1 0.494622 0.358562 0.009112 0.015009
1 0.992299 0.805103 0.015402 0.020726
2 0.119622 0.287521 0.017689 0.017867
2 0.063447 0.515223 0.018761 0.015009
2 0.051118 0.508076 0.016617 0.016438
2 0.041738 0.587764 0.012864 0.018582
2 0.419204 0.554746 0.015009 0.031447
2 0.466106 0.602630 0.014473 0.014294
2 0.568646 0.433962 0.012864 0.012864
2 0.045222 0.740780 0.012328 0.015009
2 0.089176 0.869783 0.011256 0.010006
2 0.072023 0.927673 0.012328 0.012864
2 0.688447 0.198899 0.009112 0.017867