1 0.865027 0.184397 0.011968 0.023050
1 0.420878 0.614362 0.009309 0.014184
1 0.521277 0.556738 0.007979 0.012411
1 0.702128 0.513298 0.013298 0.017730
1 0.587766 0.688830 0.005319 0.007092
1 0.684840 0.671986 0.013298 0.015957
0 0.656250 0.657801 0.019947 0.015957
0 0.516622 0.201241 0.017287 0.010638
0 0.125000 0.750000 0.021277 0.019504
1 0.125000 0.665780 0.021277 0.021277
1 0.882314 0.971631 0.009309 0.023050
1 0.460106 0.643617 0.015957 0.012411
1 0.589761 0.809397 0.014628 0.021277
1 0.809176 0.393617 0.006649 0.012411