0 0.642287 0.432624 0.018617 0.026596
1 0.925532 0.310284 0.021277 0.012411
2 0.448138 0.533688 0.010638 0.030142
2 0.625665 0.725177 0.017287 0.044326
1 0.587101 0.764184 0.019947 0.015957
1 0.874335 0.499113 0.009309 0.024823
1 0.561835 0.542553 0.017287 0.023050
1 0.283910 0.558511 0.003989 0.012411
1 0.246676 0.551418 0.011968 0.015957
1 0.187500 0.602837 0.007979 0.012411
1 0.267287 0.659574 0.010638 0.008865
1 0.394947 0.969858 0.013298 0.019504
1 0.648936 0.773936 0.010638 0.010638
1 0.660239 0.728723 0.009309 0.012411
1 0.679521 0.717199 0.013298 0.021277
1 0.869681 0.906915 0.010638 0.017730