1 0.886303 0.792553 0.009309 0.026596
1 0.886303 0.820922 0.009309 0.012411
1 0.972074 0.691489 0.015957 0.023050
1 0.900931 0.726950 0.009309 0.008865
1 0.948803 0.703901 0.009309 0.012411
2 0.822473 0.594858 0.022606 0.014184
1 0.651596 0.196809 0.023936 0.015957
1 0.940824 0.951241 0.006649 0.007092
1 0.341755 0.950355 0.013298 0.030142
1 0.335771 0.511525 0.019947 0.024823
1 0.406915 0.458333 0.007979 0.017730
1 0.473404 0.468085 0.007979 0.012411
1 0.598404 0.490248 0.013298 0.010638
1 0.644947 0.523050 0.010638 0.008865
1 0.687500 0.521277 0.015957 0.012411
2 0.715426 0.621454 0.010638 0.035461
2 0.746676 0.921099 0.009309 0.024823
1 0.822473 0.855496 0.014628 0.021277
1 0.815160 0.942376 0.010638 0.007092
1 0.835771 0.753546 0.003989 0.008865
1 0.920878 0.828901 0.014628 0.021277
1 0.960771 0.809397 0.006649 0.014184
1 0.974069 0.606383 0.006649 0.015957
1 0.934176 0.542553 0.003989 0.005319
1 0.920878 0.321809 0.011968 0.021277
1 0.501330 0.392730 0.015957 0.017730
1 0.545213 0.324468 0.013298 0.019504
1 0.556516 0.289007 0.011968 0.012411
1 0.623005 0.352837 0.006649 0.012411
1 0.634973 0.429078 0.006649 0.019504
1 0.291888 0.728723 0.003989 0.015957
1 0.437500 0.608156 0.013298 0.019504
1 0.471410 0.579787 0.009309 0.019504
1 0.630319 0.640071 0.007979 0.019504