0 0.374335 0.105201 0.009309 0.026005
0 0.550532 0.078014 0.015957 0.014184
0 0.550532 0.118203 0.015957 0.018913
0 0.524601 0.195035 0.009309 0.021277
0 0.420878 0.413712 0.011968 0.033097
0 0.505984 0.419622 0.017287 0.016548
0 0.694149 0.252955 0.013298 0.028369
0 0.712101 0.382979 0.011968 0.018913
0 0.744681 0.419622 0.005319 0.026005
0 0.734043 0.387707 0.013298 0.023641
0 0.802527 0.289598 0.011968 0.016548
0 0.513298 0.524823 0.015957 0.018913
0 0.482048 0.677305 0.009309 0.021277
2 0.420213 0.673759 0.007979 0.028369
2 0.262633 0.851064 0.009309 0.028369
2 0.542553 0.542553 0.005319 0.026005
2 0.454787 0.478723 0.015957 0.021277
2 0.527261 0.615839 0.019947 0.016548
2 0.564495 0.842790 0.009309 0.011820
2 0.591755 0.862884 0.013298 0.014184
2 0.767952 0.563830 0.011968 0.030733
2 0.644282 0.619385 0.006649 0.028369
2 0.646277 0.553191 0.018617 0.014184
0 0.321809 0.650118 0.013298 0.028369
0 0.825133 0.585106 0.009309 0.035461
0 0.823138 0.756501 0.015957 0.018913
0 0.910904 0.254137 0.010638 0.021277
0 0.738697 0.671395 0.009309 0.023641
0 0.741356 0.637116 0.014628 0.011820
0 0.660239 0.747045 0.009309 0.028369
0 0.762633 0.664303 0.011968 0.028369
0 0.706117 0.969267 0.013298 0.028369
0 0.779920 0.971631 0.009309 0.028369
0 0.908910 0.976359 0.009309 0.028369
0 0.193484 0.797872 0.011968 0.026005
0 0.205452 0.884161 0.017287 0.018913
0 0.498670 0.799054 0.013298 0.018913
0 0.590426 0.679669 0.013298 0.026005
0 0.612367 0.686761 0.014628 0.021277
1 0.612367 0.534279 0.011968 0.018913
1 0.106383 0.756501 0.015957 0.018913
1 0.174202 0.517730 0.007979 0.014184
1 0.163564 0.672577 0.007979 0.016548
1 0.466090 0.109929 0.009309 0.021277
1 0.580452 0.124113 0.009309 0.021277
1 0.634309 0.111111 0.002660 0.004728
1 0.621676 0.312057 0.006649 0.018913
1 0.749335 0.185579 0.009309 0.016548
1 0.884309 0.185579 0.010638 0.016548
1 0.521277 0.663121 0.007979 0.007092
1 0.376995 0.498818 0.009309 0.023641
1 0.531915 0.419622 0.005319 0.016548
1 0.468085 0.452719 0.013298 0.016548
1 0.460771 0.197400 0.011968 0.016548
1 0.297207 0.190307 0.009309 0.016548
1 0.209441 0.381797 0.014628 0.011820
1 0.267952 0.310875 0.009309 0.026005
1 0.061835 0.230496 0.011968 0.011820
1 0.196809 0.416076 0.018617 0.028369
1 0.023271 0.728132 0.014628 0.028369
1 0.315160 0.985816 0.007979 0.023641
0 0.708777 0.907801 0.015957 0.023641
0 0.391622 0.236407 0.014628 0.018913
0 0.595745 0.481087 0.021277 0.026005
2 0.370346 0.764775 0.014628 0.021277
2 0.412234 0.451537 0.015957 0.023641
2 0.501995 0.710402 0.009309 0.021277
2 0.673537 0.868794 0.014628 0.016548
2 0.775266 0.620567 0.007979 0.021277
2 0.591755 0.223404 0.007979 0.007092
2 0.119016 0.504728 0.017287 0.016548
2 0.642287 0.455083 0.007979 0.016548
2 0.785239 0.281324 0.009309 0.023641