2 0.841090 0.809397 0.017287 0.035461
2 0.924867 0.760638 0.011968 0.033688
2 0.894282 0.913121 0.017287 0.015957
2 0.953457 0.471631 0.018617 0.023050
2 0.988697 0.458333 0.017287 0.028369
2 0.470080 0.821809 0.025266 0.035461
1 0.376330 0.774823 0.013298 0.023050
1 0.644282 0.499113 0.019947 0.017730
1 0.332447 0.718085 0.010638 0.012411
1 0.329787 0.832447 0.013298 0.014184
1 0.424202 0.937943 0.015957 0.015957
1 0.452793 0.882092 0.011968 0.017730
1 0.636968 0.765957 0.007979 0.012411
1 0.659574 0.750000 0.021277 0.015957
1 0.701463 0.763298 0.009309 0.010638
1 0.691489 0.768617 0.013298 0.007092
1 0.508644 0.597518 0.011968 0.019504
1 0.468750 0.500887 0.014628 0.021277
1 0.528590 0.466312 0.014628 0.019504
1 0.458112 0.402482 0.014628 0.015957
1 0.416223 0.396277 0.010638 0.014184
1 0.398936 0.089539 0.013298 0.024823
1 0.680186 0.088652 0.014628 0.015957
1 0.636968 0.124113 0.013298 0.012411
1 0.600399 0.118794 0.006649 0.008865
1 0.619681 0.152482 0.007979 0.008865
1 0.675532 0.131206 0.015957 0.005319
1 0.762633 0.102837 0.009309 0.015957
1 0.673537 0.061170 0.009309 0.010638
1 0.840426 0.533688 0.026596 0.030142
1 0.595080 0.235816 0.009309 0.015957
1 0.676862 0.276596 0.007979 0.015957
1 0.742686 0.250887 0.006649 0.010638
1 0.566489 0.809397 0.015957 0.010638
1 0.571809 0.835993 0.010638 0.007092
1 0.503324 0.951241 0.011968 0.021277
1 0.631649 0.841312 0.021277 0.024823
1 0.955452 0.600177 0.011968 0.014184
1 0.836436 0.648050 0.007979 0.010638
1 0.557181 0.342199 0.007979 0.008865
1 0.065824 0.406915 0.019947 0.024823
1 0.303191 0.167553 0.010638 0.014184