0 0.627660 0.218085 0.023936 0.037234
0 0.787234 0.340426 0.029255 0.044326
0 0.778590 0.605496 0.027926 0.024823
0 0.585771 0.672872 0.017287 0.024823
0 0.619016 0.697695 0.011968 0.024823
0 0.664229 0.704787 0.017287 0.017730
0 0.434176 0.642730 0.017287 0.024823
0 0.349069 0.470745 0.017287 0.024823
0 0.357048 0.789894 0.019947 0.028369
0 0.332447 0.822695 0.013298 0.015957
0 0.888963 0.696809 0.017287 0.023050
0 0.564495 0.065603 0.019947 0.026596
0 0.033245 0.712766 0.023936 0.015957
0 0.149601 0.761525 0.011968 0.017730
0 0.081117 0.623227 0.026596 0.042553
0 0.055851 0.586879 0.015957 0.012411
0 0.049202 0.524823 0.015957 0.015957
0 0.024601 0.539007 0.011968 0.015957
0 0.669548 0.890071 0.019947 0.019504
0 0.474069 0.953014 0.019947 0.028369
0 0.913564 0.862589 0.026596 0.014184
0 0.856383 0.717199 0.015957 0.024823
0 0.490027 0.404255 0.022606 0.012411
1 0.567819 0.609929 0.013298 0.015957
1 0.398271 0.521277 0.011968 0.019504
1 0.603723 0.580674 0.015957 0.021277
1 0.609707 0.468085 0.009309 0.019504
1 0.633644 0.389184 0.009309 0.021277
1 0.729388 0.490248 0.014628 0.017730
1 0.551197 0.304078 0.011968 0.017730
1 0.593750 0.343972 0.009309 0.012411
1 0.220745 0.441489 0.013298 0.030142
1 0.426862 0.361702 0.015957 0.026596
1 0.255984 0.318262 0.022606 0.017730
1 0.156915 0.328014 0.026596 0.019504
1 0.064495 0.337766 0.017287 0.024823
1 0.087766 0.236702 0.018617 0.021277
1 0.427527 0.579787 0.006649 0.008865
1 0.738697 0.437057 0.011968 0.007092
1 0.787234 0.422872 0.010638 0.014184
1 0.845080 0.617021 0.017287 0.026596
1 0.914229 0.768617 0.017287 0.017730
1 0.960106 0.723404 0.013298 0.019504
1 0.980718 0.742908 0.019947 0.019504
1 0.775266 0.528369 0.015957 0.012411
1 0.754654 0.357270 0.014628 0.024823
1 0.690824 0.293440 0.019947 0.017730
1 0.694814 0.078014 0.014628 0.012411
1 0.148271 0.632092 0.017287 0.021277
1 0.203457 0.861702 0.010638 0.015957
1 0.420213 0.730496 0.013298 0.023050
1 0.763963 0.643617 0.017287 0.026596
1 0.948803 0.587766 0.022606 0.017730
1 0.767952 0.819149 0.017287 0.019504
1 0.780585 0.693262 0.007979 0.015957
1 0.872340 0.911348 0.018617 0.030142
2 0.297207 0.558511 0.025266 0.058511
1 0.944814 0.841312 0.006649 0.024823
1 0.940160 0.930851 0.015957 0.023050
1 0.674867 0.325355 0.009309 0.014184
1 0.610372 0.034574 0.010638 0.010638
1 0.395612 0.062057 0.022606 0.037234
1 0.473404 0.877660 0.013298 0.026596
1 0.490691 0.897163 0.013298 0.026596
1 0.509973 0.890071 0.017287 0.015957
1 0.509973 0.663121 0.009309 0.012411
1 0.441489 0.608156 0.010638 0.015957
1 0.098404 0.792553 0.015957 0.030142
1 0.031915 0.761525 0.013298 0.021277