2 0.521277 0.502660 0.026596 0.021277
2 0.439495 0.500000 0.014628 0.023050
2 0.456117 0.455674 0.018617 0.019504
2 0.443484 0.317376 0.025266 0.023050
2 0.404920 0.292553 0.022606 0.023050
2 0.518617 0.447695 0.018617 0.021277
2 0.478723 0.360816 0.010638 0.017730
2 0.358093 0.438197 0.017097 0.026596
2 0.394662 0.504053 0.018047 0.024063
2 0.445479 0.577508 0.011398 0.021530
2 0.488697 0.537614 0.025646 0.025329
2 0.479198 0.579407 0.012348 0.020263
2 0.501995 0.569276 0.008549 0.020263
2 0.519567 0.573075 0.003799 0.030395
2 0.451653 0.619301 0.016147 0.024063
2 0.403685 0.646530 0.018997 0.030395
2 0.578457 0.616768 0.024696 0.026596
2 0.581307 0.581307 0.022796 0.036727
2 0.642572 0.515451 0.018047 0.031662
2 0.672017 0.574975 0.010448 0.024063
2 0.556136 0.414134 0.019947 0.029129
2 0.539039 0.320415 0.023746 0.026596
2 0.603628 0.454661 0.010448 0.018997
2 0.442629 0.717452 0.026596 0.030395
2 0.429331 0.757979 0.015198 0.022796
2 0.466375 0.839666 0.024696 0.026596
2 0.572283 0.818136 0.016147 0.016464
0 0.514343 0.799139 0.018047 0.039260
1 0.267857 0.549012 0.013298 0.015198
1 0.204692 0.540780 0.010448 0.016464
1 0.151026 0.507219 0.007599 0.012665
1 0.183796 0.557244 0.012348 0.011398
1 0.327223 0.538880 0.016147 0.015198
1 0.350969 0.535081 0.016147 0.015198
1 0.328647 0.486322 0.009498 0.011398
1 0.304426 0.499620 0.012348 0.010132
1 0.325323 0.517984 0.016147 0.011398
1 0.299677 0.640198 0.012348 0.017730
1 0.181421 0.607270 0.005699 0.007599
1 0.131079 0.597771 0.015198 0.016464
1 0.137253 0.538880 0.006649 0.015198
1 0.249335 0.757345 0.012348 0.016464
1 0.204692 0.662994 0.016147 0.020263
1 0.185695 0.660461 0.008549 0.017730
1 0.148176 0.709220 0.009498 0.011398
1 0.503419 0.671859 0.018997 0.012665
1 0.445954 0.666793 0.018047 0.020263
1 0.376615 0.713019 0.019947 0.016464
1 0.434081 0.180471 0.007599 0.015198
1 0.500095 0.163374 0.012348 0.016464
1 0.495346 0.196935 0.014248 0.020263
1 0.606478 0.088019 0.004749 0.007599
1 0.676292 0.158941 0.007599 0.012665
1 0.615976 0.265324 0.008549 0.012665
1 0.627850 0.437563 0.020897 0.017730
1 0.665843 0.383739 0.011398 0.013931
1 0.643047 0.362842 0.007599 0.012665
1 0.721410 0.319149 0.004749 0.006332
1 0.732333 0.336246 0.024696 0.010132
1 0.703837 0.473658 0.013298 0.029129
1 0.719035 0.433764 0.009498 0.010132
1 0.740407 0.468592 0.008549 0.016464
1 0.825893 0.460360 0.023746 0.017730
1 0.686740 0.618034 0.013298 0.024063
1 0.670118 0.522416 0.018047 0.025329
1 0.639248 0.552812 0.009498 0.022796
1 0.619776 0.583840 0.014248 0.018997
1 0.613602 0.737082 0.020897 0.031662
1 0.753229 0.768744 0.011398 0.021530
1 0.702888 0.825101 0.013298 0.017730
1 0.713336 0.713019 0.007599 0.008865
1 0.715236 0.891591 0.020897 0.024063
1 0.656820 0.837133 0.008549 0.008865
1 0.479198 0.421099 0.016147 0.015198
1 0.557561 0.367908 0.024696 0.020263
1 0.540464 0.341945 0.005699 0.011398
1 0.498670 0.300785 0.005699 0.010132
1 0.783625 0.234929 0.013298 0.027862
1 0.849639 0.199468 0.012348 0.017730
1 0.768902 0.084853 0.010448 0.029129
1 0.779825 0.111449 0.018997 0.011398
1 0.839191 0.949215 0.012348 0.020263
1 0.305851 0.222264 0.005699 0.005066
1 0.331497 0.222264 0.007599 0.010132
1 0.170498 0.125380 0.019947 0.016464
1 0.174772 0.928318 0.017097 0.021530
1 0.255509 0.980876 0.013298 0.022796
1 0.794073 0.928951 0.013298 0.012665
1 0.823518 0.867528 0.005699 0.013931
1 0.790274 0.819402 0.005699 0.006332
1 0.654920 0.894124 0.018047 0.016464
1 0.576558 0.916920 0.020897 0.021530
1 0.852489 0.491388 0.004749 0.008865