2 0.547213 0.608919 0.034734 0.034305
1 0.558791 0.542882 0.024443 0.018868
1 0.567153 0.459691 0.020583 0.020583
1 0.233319 0.156947 0.019297 0.022298
1 0.633405 0.776158 0.019297 0.022298
0 0.351672 0.704974 0.021870 0.034305
1 0.825729 0.683533 0.012864 0.015437
1 0.749828 0.778731 0.012864 0.020583
1 0.865609 0.114065 0.015437 0.018868
1 0.786492 0.201544 0.014151 0.022298
1 0.993268 0.190395 0.013464 0.027444
1 0.511192 0.073756 0.016724 0.017153
1 0.511192 0.578045 0.016724 0.017153
0 0.671998 0.873070 0.019297 0.034305