0 0.225600 0.505146 0.065609 0.056604
0 0.694511 0.474271 0.033448 0.073756
2 0.233117 0.385363 0.029541 0.038117
2 0.616196 0.646548 0.009246 0.021441
2 0.742509 0.759916 0.010050 0.021977
2 0.724941 0.781625 0.012060 0.012864
2 0.825525 0.165523 0.023317 0.016081
2 0.766228 0.206529 0.013267 0.013401
2 0.052208 0.532536 0.021709 0.024121
2 0.317941 0.393171 0.017689 0.038057
2 0.493219 0.338336 0.017689 0.018225
2 0.283166 0.113047 0.014875 0.018761
2 0.075324 0.154588 0.017287 0.022513
2 0.066882 0.951490 0.008442 0.026265
2 0.206502 0.932193 0.009648 0.027337
2 0.706328 0.830081 0.007638 0.021441
2 0.852259 0.820648 0.012462 0.009648
2 0.868943 0.756057 0.012060 0.013401
2 0.983517 0.893600 0.007236 0.015545
2 0.972864 0.889312 0.010050 0.018761
2 0.965025 0.892260 0.011256 0.021441
2 0.769042 0.584477 0.015679 0.012864
2 0.801806 0.614762 0.012864 0.010184
2 0.788540 0.628163 0.010452 0.015545
2 0.855877 0.352112 0.007638 0.020905
1 0.862511 0.152766 0.016081 0.015009
1 0.761806 0.080671 0.010050 0.013401
1 0.754771 0.287200 0.011256 0.013937
1 0.821505 0.241102 0.010452 0.010720
1 0.724901 0.467142 0.007638 0.013401
1 0.764901 0.519404 0.010452 0.015009
1 0.801887 0.668686 0.009648 0.019833
1 0.889727 0.671366 0.010854 0.015545
1 0.674448 0.651694 0.009648 0.012864
1 0.652940 0.570487 0.021307 0.014473
1 0.595492 0.700954 0.009648 0.011256
1 0.573984 0.779213 0.009246 0.012328
1 0.452334 0.922813 0.010854 0.022513
1 0.524697 0.906732 0.013267 0.020369
1 0.594085 0.930317 0.015679 0.020369
1 0.651975 0.929513 0.017287 0.017689
1 0.859576 0.895637 0.014875 0.015545
1 0.408836 0.742710 0.010854 0.013937
1 0.381901 0.632558 0.014071 0.017689
1 0.326624 0.718053 0.008040 0.013937
1 0.306684 0.601415 0.014473 0.011792
1 0.010198 0.840802 0.015679 0.019297
1 0.009595 0.924153 0.012060 0.014473
1 0.119345 0.944790 0.019297 0.019297
1 0.387610 0.397245 0.013267 0.013401
1 0.261618 0.449882 0.010050 0.014473
1 0.327147 0.476415 0.007638 0.013937
1 0.266483 0.549475 0.005628 0.013401
1 0.567592 0.571880 0.015277 0.014473
1 0.543270 0.702777 0.008442 0.013401
1 0.535230 0.718857 0.007638 0.011256
1 0.527994 0.731186 0.008442 0.011256
1 0.655031 0.849914 0.015679 0.013937
1 0.973668 0.968375 0.008442 0.022513
1 0.940783 0.641241 0.010050 0.020905
1 0.765625 0.635935 0.011256 0.011792
1 0.655392 0.665684 0.010452 0.009112
1 0.534587 0.842678 0.008442 0.011256
1 0.416796 0.789076 0.007638 0.009112
1 0.325941 0.771655 0.008442 0.009648
1 0.410766 0.847770 0.008442 0.009648
2 0.502224 0.947202 0.017689 0.018761
1 0.125777 0.733866 0.008040 0.010184
1 0.141054 0.683748 0.007236 0.010720
1 0.368554 0.531947 0.010050 0.009648
1 0.380414 0.664880 0.007236 0.009648
2 0.614950 0.354095 0.009648 0.017153