1 0.882314 0.100177 0.011968 0.010638
1 0.955452 0.204787 0.017287 0.017730
1 0.992686 0.268617 0.011968 0.017730
1 0.793301 0.331339 0.014129 0.025488
1 0.826961 0.503657 0.014960 0.017730
1 0.976978 0.528590 0.010805 0.018839
1 0.904671 0.599512 0.009142 0.023271
1 0.874751 0.586215 0.012467 0.023271
0 0.523271 0.470745 0.009309 0.028369
0 0.680851 0.784574 0.018617 0.017730
0 0.657580 0.847518 0.009309 0.030142
0 0.658910 0.637411 0.019947 0.014184
0 0.728723 0.585993 0.013298 0.021277
0 0.573138 0.750887 0.018617 0.017730
0 0.546543 0.663121 0.013298 0.023050
0 0.573803 0.531915 0.014628 0.023050
0 0.626330 0.492908 0.013298 0.019504
0 0.675532 0.234043 0.013298 0.023050
0 0.684840 0.179078 0.021277 0.023050
0 0.490027 0.774675 0.014628 0.016253
0 0.525931 0.882092 0.011968 0.024823
0 0.511968 0.693262 0.013298 0.026596
0 0.549867 0.850177 0.019947 0.017730
0 0.750665 0.531028 0.025266 0.031915
0 0.566489 0.289007 0.013298 0.023050
0 0.632979 0.768617 0.013298 0.021277
1 0.751995 0.648936 0.009309 0.015957
1 0.569149 0.237589 0.013298 0.019504
1 0.595745 0.089539 0.013298 0.021277
1 0.682181 0.102837 0.007979 0.015957
1 0.922872 0.347518 0.013298 0.019504
1 0.859707 0.342199 0.011968 0.012411
1 0.611037 0.568262 0.019947 0.017730
1 0.476729 0.579787 0.019947 0.023050
1 0.478059 0.610816 0.017287 0.024823
1 0.954122 0.798759 0.014628 0.024823
1 0.990027 0.775709 0.009309 0.014184
1 0.851729 0.703901 0.019947 0.023050
1 0.767287 0.750000 0.015957 0.015957
1 0.683511 0.703901 0.007979 0.005319
1 0.671543 0.449468 0.021277 0.017730
1 0.583112 0.451241 0.025266 0.017730
1 0.559840 0.505319 0.013298 0.033688
1 0.528590 0.609929 0.011968 0.030142
1 0.543883 0.627660 0.015957 0.026596
2 0.623005 0.788121 0.035904 0.028369
2 0.325798 0.781915 0.021277 0.019504
2 0.318484 0.700355 0.014628 0.023050
2 0.378989 0.713652 0.015957 0.021277
2 0.452128 0.531915 0.015957 0.012411
2 0.422872 0.597518 0.013298 0.019504
2 0.505984 0.428191 0.011968 0.014184
2 0.428635 0.332742 0.020390 0.011820
2 0.415780 0.370567 0.012411 0.009456
2 0.608599 0.639480 0.011525 0.008274
2 0.608599 0.606974 0.015071 0.023641
2 0.484486 0.680260 0.009752 0.018913
2 0.777039 0.131797 0.015071 0.023641
1 0.620567 0.004137 0.012411 0.007092
1 0.760638 0.476950 0.012411 0.011820
1 0.654699 0.494090 0.006206 0.013002
1 0.657358 0.559102 0.007979 0.013002
1 0.631649 0.572104 0.011525 0.020095
1 0.552748 0.266548 0.009752 0.026005
1 0.449911 0.176714 0.015071 0.021277
1 0.485372 0.148936 0.016844 0.020095
1 0.518617 0.122340 0.007092 0.011820
1 0.242465 0.543735 0.011525 0.013002
1 0.225621 0.471040 0.007979 0.007092
1 0.213652 0.498227 0.007092 0.007092
1 0.195922 0.586879 0.008865 0.009456
1 0.218085 0.649527 0.008865 0.009456
1 0.251773 0.713948 0.012411 0.008274
1 0.265514 0.644208 0.007979 0.017730
1 0.254433 0.442671 0.005319 0.009456
1 0.262411 0.329196 0.012411 0.007092
1 0.231383 0.304965 0.008865 0.008274
1 0.220745 0.167849 0.010638 0.010638
1 0.382979 0.122931 0.010638 0.020095
1 0.552305 0.126478 0.010638 0.010638
1 0.590426 0.130024 0.008865 0.008274
1 0.532358 0.151891 0.006206 0.009456
1 0.519504 0.196217 0.010638 0.010638
1 0.524823 0.182624 0.019504 0.009456
1 0.710106 0.759456 0.008865 0.009456
1 0.724734 0.739953 0.006206 0.008274
1 0.513298 0.766548 0.010638 0.018913
1 0.549645 0.770095 0.008865 0.014184
1 0.537234 0.816194 0.007092 0.004728
1 0.527926 0.786643 0.013298 0.011820
1 0.559840 0.796099 0.011525 0.007092
1 0.335106 0.825059 0.008865 0.010638
1 0.380319 0.805556 0.007092 0.011820
1 0.393617 0.830378 0.008865 0.007092
1 0.469415 0.980496 0.007979 0.014184
1 0.507535 0.237589 0.006206 0.013002
1 0.527039 0.311466 0.011525 0.016548
1 0.479167 0.253546 0.006206 0.011820
1 0.453457 0.010047 0.020390 0.009456
1 0.581117 0.430851 0.007979 0.011820
1 0.562500 0.420804 0.009752 0.013002
1 0.682181 0.353428 0.004433 0.010638
1 0.728280 0.453310 0.007979 0.014184
1 0.759309 0.448582 0.009752 0.007092
1 0.779255 0.506501 0.005319 0.016548
2 0.770390 0.628251 0.014184 0.018913
2 0.453901 0.467494 0.012411 0.023641
2 0.441933 0.445626 0.015071 0.017730
2 0.246897 0.405437 0.020390 0.017730
2 0.308067 0.449764 0.020390 0.018913
2 0.337323 0.571513 0.018617 0.021277
2 0.531472 0.943853 0.016844 0.014184
2 0.379876 0.505319 0.009752 0.016548
2 0.334220 0.398936 0.008865 0.011820
2 0.368794 0.401300 0.008865 0.011820
2 0.503989 0.408983 0.009752 0.015366
2 0.367021 0.874704 0.007092 0.017730
2 0.464539 0.803783 0.007092 0.010638
2 0.481826 0.833333 0.007979 0.005910
2 0.499113 0.787825 0.015957 0.011820
2 0.480496 0.957447 0.010638 0.024823
2 0.566489 0.946217 0.014184 0.014184
1 0.248227 0.199764 0.017730 0.015366
1 0.191046 0.278369 0.013298 0.011820
1 0.217199 0.340426 0.017730 0.013002
1 0.206560 0.393617 0.005319 0.008274
1 0.378546 0.244090 0.008865 0.014184