0 0.521277 0.239362 0.018617 0.033688
0 0.538564 0.156915 0.023936 0.021277
0 0.632979 0.195035 0.015957 0.026596
0 0.684840 0.164007 0.018617 0.014184
3 0.734043 0.078901 0.015957 0.049645
0 0.799202 0.289894 0.021277 0.021277
0 0.890293 0.345745 0.025266 0.019504
0 0.920213 0.336879 0.013298 0.019504
0 0.759973 0.317376 0.011968 0.008865
0 0.766622 0.293440 0.014628 0.017730
0 0.619016 0.531915 0.014628 0.033688
0 0.697473 0.841312 0.017287 0.042553
0 0.649601 0.862589 0.022606 0.028369
0 0.604388 0.645390 0.014628 0.030142
1 0.967420 0.753546 0.011968 0.015957
1 0.976729 0.875887 0.019947 0.023050
1 0.942154 0.930851 0.009309 0.019504
1 0.698138 0.655142 0.010638 0.014184
1 0.700798 0.632979 0.015957 0.015957
1 0.518617 0.436170 0.018617 0.019504
1 0.611702 0.370567 0.005319 0.019504
1 0.599734 0.400709 0.007979 0.012411
1 0.336436 0.315603 0.015957 0.012411
1 0.516622 0.406915 0.011968 0.014184
1 0.559840 0.411348 0.007979 0.008865
1 0.551862 0.485816 0.013298 0.023050
1 0.569149 0.445035 0.018617 0.012411
1 0.698803 0.540780 0.009309 0.008865
1 0.728059 0.584220 0.006649 0.007092
1 0.865691 0.736702 0.007979 0.010638
1 0.820479 0.907801 0.010638 0.012411
1 0.455452 0.701241 0.014628 0.014184
1 0.555851 0.546099 0.007979 0.023050
1 0.645612 0.515071 0.019947 0.017730
1 0.772606 0.473404 0.021277 0.012411
1 0.337101 0.226950 0.009309 0.012411
1 0.320479 0.193262 0.010638 0.015957
1 0.291888 0.529255 0.003989 0.007092
1 0.438830 0.557624 0.007979 0.010638
1 0.242021 0.843972 0.010638 0.015957