2 0.098848 0.623106 0.014245 0.011974
1 0.080577 0.767827 0.006193 0.006606
1 0.214666 0.661093 0.014864 0.011974
1 0.065992 0.876667 0.013316 0.023122
1 0.177598 0.497667 0.014555 0.011974
1 0.394525 0.425616 0.012387 0.018993
1 0.546018 0.544366 0.010529 0.007432
1 0.767590 0.515670 0.012697 0.010322
1 0.804750 0.543953 0.009600 0.018168
1 0.795770 0.439077 0.013316 0.024774
1 0.767125 0.382014 0.013626 0.023122
1 0.833860 0.275982 0.011458 0.016516
1 0.784931 0.264420 0.007742 0.009910
1 0.609501 0.153103 0.013006 0.015690
1 0.651307 0.199348 0.010529 0.018993
1 0.663849 0.189025 0.015174 0.007432
1 0.605909 0.025806 0.016103 0.012800
1 0.862660 0.201412 0.012697 0.008258
1 0.863898 0.165696 0.012697 0.023535
1 0.893565 0.122548 0.007123 0.010735
1 0.964790 0.419918 0.010839 0.007432
1 0.953951 0.416822 0.006503 0.010322
1 0.743776 0.878319 0.009290 0.021471
1 0.669640 0.918081 0.008052 0.020232
1 0.773257 0.995272 0.008671 0.009455
1 0.685928 0.698088 0.014864 0.011148
1 0.726960 0.705314 0.010219 0.012387
1 0.713706 0.483298 0.008981 0.007019
1 0.384615 0.325364 0.010529 0.018993
1 0.321287 0.304513 0.017032 0.009497
1 0.439056 0.424130 0.006193 0.008258