0 0.959520 0.469125 0.036021 0.070326
2 0.586682 0.899681 0.028302 0.039206
1 0.655274 0.021441 0.024443 0.042882
1 0.506690 0.180103 0.018010 0.030875
1 0.677437 0.496308 0.018458 0.018644
1 0.916157 0.565665 0.019576 0.017153
1 0.914759 0.835111 0.016780 0.017898
1 0.862182 0.693042 0.012305 0.015661
1 0.804851 0.708703 0.009509 0.009695
1 0.812122 0.697889 0.010627 0.017898
1 0.797580 0.725110 0.007271 0.011187
1 0.835894 0.566634 0.016780 0.017898
1 0.935733 0.643076 0.015102 0.015661
1 0.680401 0.737788 0.013424 0.015661
1 0.686833 0.787382 0.011746 0.014915
1 0.556790 0.767619 0.019017 0.024610
2 0.496663 0.751212 0.010627 0.029085
2 0.313036 0.965993 0.010068 0.024610
2 0.589511 0.387799 0.019576 0.038780
2 0.324390 0.137221 0.021814 0.022373
2 0.104799 0.921620 0.024051 0.029831
2 0.882598 0.639347 0.010627 0.026102
2 0.767936 0.939518 0.018458 0.020881
2 0.168562 0.701171 0.017339 0.026848
2 0.185622 0.695578 0.014542 0.027593
2 0.205198 0.687747 0.020136 0.023865
2 0.129969 0.672459 0.021814 0.021627
2 0.074595 0.723022 0.020695 0.015661
2 0.098646 0.739056 0.010627 0.026848
2 0.076553 0.743158 0.017898 0.012678
2 0.004717 0.596763 0.009434 0.038780
2 0.062290 0.651204 0.015102 0.022373
2 0.218342 0.619136 0.016220 0.023865
2 0.763741 0.335894 0.022373 0.022373
1 0.994015 0.745619 0.011970 0.023865
1 0.840928 0.770975 0.012305 0.013424
1 0.746961 0.948467 0.010068 0.011932
1 0.723469 0.964874 0.010068 0.013424
1 0.655511 0.817212 0.009509 0.011932
1 0.597062 0.716534 0.012305 0.016407
1 0.569934 0.736669 0.008390 0.013424
1 0.595663 0.772466 0.010627 0.014915
1 0.578604 0.600567 0.015661 0.017153
1 0.680849 0.843687 0.010068 0.015661
1 0.251063 0.852636 0.017898 0.024610
1 0.240436 0.769856 0.012305 0.029085
1 0.198766 0.778060 0.010627 0.030576
1 0.371038 0.955925 0.020695 0.026848
1 0.381945 0.737788 0.008949 0.012678
1 0.398165 0.686703 0.007831 0.007458
1 0.424454 0.602431 0.011187 0.011932
1 0.048866 0.863823 0.010627 0.017153
1 0.308953 0.530763 0.011746 0.020136
1 0.225334 0.358416 0.016780 0.016407
1 0.215825 0.332314 0.026848 0.028339
1 0.378030 0.146320 0.014542 0.014915
1 0.606794 0.355358 0.008949 0.014170
2 0.121299 0.285480 0.008949 0.022373
2 0.057816 0.424566 0.011746 0.026102
2 0.251063 0.940935 0.015661 0.017153
2 0.130248 0.898054 0.013424 0.020881
2 0.141435 0.742934 0.013424 0.014915
2 0.147308 0.708256 0.015102 0.014170
2 0.154859 0.687747 0.017898 0.020881
2 0.085223 0.778731 0.012864 0.014915
2 0.020620 0.849952 0.008949 0.023119
2 0.139757 0.586994 0.014542 0.020136
2 0.163249 0.540010 0.016780 0.012678
2 0.107036 0.565739 0.013983 0.028339
2 0.109833 0.633977 0.017339 0.014170
2 0.064248 0.622791 0.020136 0.021627
2 0.331382 0.094190 0.011187 0.021627
2 0.020341 0.192259 0.012864 0.026848
2 0.156537 0.310090 0.014542 0.013424
2 0.545268 0.104035 0.013424 0.023119
2 0.917835 0.766649 0.021814 0.017898
2 0.961462 0.815497 0.009509 0.023119
2 0.980480 0.767022 0.013983 0.012678
2 0.375569 0.760534 0.011187 0.023865
2 0.189537 0.872772 0.014542 0.011187
2 0.170799 0.930569 0.012864 0.011932
2 0.069002 0.837721 0.017339 0.012678
2 0.119901 0.807517 0.016220 0.019390
2 0.006675 0.730703 0.013349 0.017898
2 0.216329 0.566858 0.013983 0.024610
2 0.531229 0.553434 0.016220 0.033560
2 0.642815 0.525990 0.016780 0.012678
2 0.638731 0.039526 0.013983 0.020881
1 0.599467 0.473041 0.009509 0.017153
1 0.660154 0.389887 0.013424 0.022373
1 0.528992 0.445447 0.010627 0.018644
1 0.466683 0.627787 0.008390 0.014915
1 0.651428 0.662465 0.007831 0.012678
1 0.693993 0.579685 0.009509 0.011187
1 0.917835 0.657618 0.010627 0.011932
1 0.803173 0.833619 0.011746 0.013424
1 0.263648 0.717205 0.010627 0.015661
1 0.856030 0.916176 0.015661 0.023119