1 0.606389 0.584048 0.016724 0.025729
1 0.758190 0.731561 0.014151 0.025729
1 0.655274 0.807033 0.011578 0.015437
1 0.602530 0.765866 0.011578 0.018868
3 0.348456 0.476844 0.020583 0.030875
3 0.971741 0.631218 0.011578 0.020583
3 0.812221 0.850772 0.014151 0.013722
3 0.262907 0.059177 0.027015 0.025729
2 0.159991 0.390223 0.029588 0.015437
1 0.134906 0.384220 0.018010 0.013722
1 0.466810 0.549743 0.018010 0.025729
2 0.289280 0.540309 0.020583 0.041166
1 0.986535 0.735849 0.015437 0.020583
1 0.928002 0.888508 0.014151 0.020583
1 0.554288 0.792453 0.010292 0.020583
1 0.549142 0.011149 0.015437 0.022298
1 0.072513 0.376501 0.019297 0.015437
1 0.069940 0.396226 0.019297 0.013722