0 0.684176 0.307624 0.022606 0.031915
0 0.770612 0.343085 0.019947 0.028369
0 0.775266 0.452128 0.013298 0.026596
0 0.861037 0.845745 0.011968 0.019504
0 0.912234 0.820922 0.023936 0.015957
0 0.873005 0.734043 0.006649 0.008865
0 0.508644 0.394504 0.011968 0.021277
0 0.341090 0.391844 0.022606 0.019504
0 0.414229 0.183511 0.014628 0.021277
0 0.626330 0.190603 0.023936 0.017730
3 0.517287 0.875887 0.061170 0.118794
0 0.495346 0.606383 0.014628 0.023050
0 0.681516 0.636525 0.017287 0.019504
0 0.716755 0.642730 0.013298 0.017730
2 0.991356 0.606383 0.014628 0.033688
2 0.829122 0.787234 0.014628 0.026596
2 0.912899 0.861702 0.011968 0.012411
2 0.977394 0.966312 0.010638 0.005319
2 0.714761 0.840426 0.009309 0.019504
2 0.726064 0.550532 0.010638 0.024823
2 0.547207 0.732270 0.014628 0.030142
2 0.289894 0.775709 0.013298 0.021277
2 0.353059 0.750887 0.022606 0.014184
2 0.589761 0.467199 0.019947 0.010638
2 0.788564 0.148936 0.010638 0.015957
2 0.786569 0.184397 0.011968 0.012411
2 0.931516 0.502660 0.009309 0.010638
2 0.234043 0.480496 0.013298 0.008865
2 0.160904 0.500887 0.013298 0.014184
1 0.075798 0.218972 0.013298 0.014184
1 0.696144 0.704787 0.009309 0.010638
1 0.634973 0.534574 0.006649 0.010638
1 0.657580 0.477837 0.006649 0.010638
1 0.694814 0.469858 0.003989 0.008865
1 0.684176 0.444149 0.006649 0.007092
1 0.726729 0.434397 0.003989 0.005319
1 0.670878 0.572695 0.003989 0.005319
1 0.562500 0.599291 0.013298 0.012411
1 0.503324 0.654255 0.009309 0.008865
1 0.484043 0.952128 0.010638 0.019504
1 0.435505 0.989805 0.009309 0.020390
1 0.226064 0.673759 0.005319 0.008865
1 0.515957 0.140957 0.015957 0.017730