2 0.162564 0.068611 0.016724 0.024014
2 0.819297 0.040309 0.020583 0.049743
2 0.794211 0.202401 0.019297 0.044597
2 0.755617 0.202401 0.016724 0.034305
1 0.575515 0.292453 0.016724 0.018868
0 0.689365 0.411664 0.023156 0.027444
2 0.791638 0.397084 0.014151 0.032590
2 0.565223 0.463979 0.027015 0.042882
2 0.800000 0.704117 0.018010 0.029160
2 0.644983 0.623499 0.016724 0.039451
2 0.862393 0.574614 0.016724 0.027444
2 0.986535 0.709262 0.015437 0.029160
2 0.690652 0.910806 0.020583 0.027444
2 0.426930 0.942539 0.028302 0.032590
2 0.113036 0.760720 0.018010 0.032590
2 0.609605 0.733276 0.020583 0.025729
0 0.472599 0.709262 0.024443 0.036021
2 0.774914 0.877358 0.024443 0.029160