0 0.364537 0.680961 0.209691 0.281304
0 0.726672 0.229846 0.064322 0.072041
1 0.364537 0.021441 0.016724 0.032590
1 0.911921 0.064322 0.023156 0.032590
1 0.487167 0.029858 0.007623 0.024141
1 0.509323 0.190267 0.017629 0.014612
1 0.558875 0.157233 0.013817 0.020964
1 0.949193 0.173750 0.013817 0.022235
1 0.845086 0.266946 0.010482 0.024141
1 0.791484 0.537641 0.015723 0.019694
1 0.788387 0.572264 0.021917 0.022870
1 0.523617 0.269297 0.020488 0.012070
1 0.534814 0.334731 0.017153 0.014612
1 0.645115 0.411283 0.014770 0.017788
1 0.613906 0.419224 0.010482 0.023505
1 0.722149 0.438566 0.015573 0.010833
1 0.625666 0.497698 0.017604 0.026180
1 0.672046 0.546448 0.015573 0.017153
1 0.582197 0.621558 0.016250 0.013542
1 0.750790 0.721314 0.012187 0.021667
1 0.734879 0.745238 0.018281 0.011736
1 0.642457 0.714544 0.009479 0.020764
1 0.885190 0.733050 0.008802 0.019861
1 0.897039 0.807981 0.016250 0.018055
1 0.945924 0.898258 0.009479 0.014444
1 0.713009 0.775481 0.008125 0.012639
1 0.735353 0.698745 0.010833 0.012639
1 0.659181 0.714995 0.012864 0.010833
1 0.601630 0.741627 0.011510 0.026180
1 0.572177 0.726280 0.017604 0.011736
1 0.547802 0.742078 0.009479 0.012639
1 0.498714 0.803015 0.016927 0.017153
1 0.558635 0.896001 0.009479 0.024375
1 0.388011 0.960097 0.008125 0.020764
1 0.359912 0.936625 0.010156 0.018958
1 0.555588 0.790828 0.006094 0.009028
1 0.335131 0.321838 0.010156 0.026180
0 0.834883 0.470795 0.041979 0.069513
2 0.967982 0.315323 0.018225 0.010006
2 0.993907 0.564680 0.012186 0.013579
2 0.860510 0.775086 0.013401 0.013579
2 0.755986 0.644654 0.006968 0.025729
2 0.679871 0.705403 0.013401 0.028588
3 0.191020 0.918382 0.013401 0.031447
1 0.130450 0.848342 0.015545 0.020011
1 0.078724 0.772942 0.010720 0.020726
1 0.719536 0.927673 0.015545 0.024300
2 0.645029 0.934820 0.008040 0.028588
2 0.841213 0.824757 0.006968 0.020011
2 0.732133 0.936249 0.006432 0.020011
2 0.636185 0.948399 0.010720 0.011435
2 0.130182 0.935535 0.012864 0.015723
2 0.189412 0.962336 0.008040 0.023585
2 0.095340 0.621069 0.016081 0.010006
2 0.042274 0.588908 0.010720 0.010006
2 0.014669 0.668954 0.014473 0.012864
2 0.032358 0.707190 0.013401 0.009291
2 0.051923 0.697541 0.012864 0.024300
2 0.198524 0.143296 0.019833 0.020726
2 0.593679 0.162236 0.025193 0.028588
2 0.650818 0.357847 0.017689 0.019297
2 0.604721 0.286378 0.011256 0.019297
2 0.631790 0.333548 0.020369 0.017867
2 0.688447 0.346055 0.009112 0.020011
2 0.979774 0.346055 0.016081 0.031447
2 0.898835 0.209191 0.011792 0.013579
2 0.667917 0.197256 0.009648 0.017153
2 0.547474 0.433033 0.013401 0.012150
2 0.876054 0.754360 0.011256 0.019297
2 0.231495 0.801887 0.006927 0.012535
2 0.038280 0.685117 0.013359 0.016493
2 0.115714 0.674363 0.010885 0.014514
2 0.024179 0.585631 0.013854 0.017812
2 0.045158 0.539913 0.017417 0.010555
2 0.457161 0.388508 0.014151 0.032590
1 0.137479 0.403087 0.015437 0.013722
1 0.397454 0.447330 0.009316 0.013604
1 0.802224 0.643960 0.008270 0.015927
1 0.902383 0.580863 0.014702 0.009802
1 0.897789 0.514396 0.009189 0.016540
1 0.995988 0.748775 0.008024 0.012864
1 0.252826 0.738266 0.008771 0.013254
1 0.183533 0.531109 0.008186 0.014034
1 0.103715 0.362467 0.015788 0.014814
1 0.078278 0.362077 0.029237 0.029627
1 0.036761 0.069390 0.008186 0.020271
1 0.005185 0.290426 0.009356 0.019492
1 0.087634 0.878996 0.018712 0.014034
1 0.016295 0.894979 0.009356 0.016373
1 0.618236 0.953454 0.007017 0.010136
1 0.797053 0.840402 0.012864 0.017932
1 0.931890 0.610967 0.010771 0.011268
1 0.870614 0.530875 0.009356 0.011695
1 0.861551 0.466552 0.008771 0.018712
1 0.889034 0.288009 0.009941 0.014034
1 0.527834 0.393809 0.012864 0.014814
2 0.444800 0.602760 0.015203 0.013254
1 0.251304 0.151973 0.012864 0.010292
2 0.416750 0.108831 0.014195 0.015378
2 0.099206 0.289283 0.016220 0.014170
2 0.232605 0.225595 0.010068 0.018644
2 0.921471 0.624431 0.011187 0.018644
1 0.508353 0.529271 0.007831 0.011187
1 0.562328 0.582594 0.007271 0.007458
1 0.465844 0.477441 0.008949 0.008949
1 0.462488 0.487508 0.006712 0.012678
1 0.442911 0.433813 0.008949 0.012678
1 0.552539 0.656798 0.007831 0.009695
1 0.599187 0.778731 0.010068 0.011932
1 0.668544 0.728764 0.005593 0.010441
1 0.703501 0.571780 0.010627 0.014170
1 0.898259 0.631069 0.007271 0.011932
1 0.983947 0.814975 0.008390 0.013424