0 0.668218 0.027187 0.014628 0.021277
0 0.605718 0.709220 0.017287 0.037825
0 0.671543 0.646572 0.015957 0.016548
0 0.648936 0.513002 0.013298 0.028369
0 0.335771 0.728132 0.011968 0.023641
0 0.188165 0.341608 0.014628 0.030733
0 0.419548 0.715130 0.009309 0.026005
0 0.626995 0.565012 0.009309 0.018913
1 0.680186 0.364066 0.006649 0.023641
1 0.723404 0.328605 0.013298 0.014184
1 0.543218 0.113475 0.011968 0.014184
1 0.559840 0.325059 0.007979 0.011820
1 0.707447 0.195035 0.018617 0.011820
1 0.920878 0.403073 0.009309 0.026005
1 0.736702 0.920804 0.015957 0.016548
1 0.845745 0.960993 0.010638 0.011820
1 0.891622 0.819149 0.011968 0.016548
1 0.373670 0.408983 0.010638 0.014184
1 0.418218 0.580378 0.011968 0.016548
1 0.442154 0.617021 0.006649 0.014184
1 0.869016 0.583924 0.006649 0.018913