0 0.538851 0.410194 0.041166 0.048518
2 0.977962 0.139978 0.018837 0.017765
2 0.981408 0.101384 0.012864 0.022666
2 0.784765 0.150086 0.011946 0.026954
2 0.782238 0.268317 0.010567 0.023279
2 0.715848 0.412093 0.012864 0.021441
2 0.772360 0.558503 0.012864 0.027567
2 0.807278 0.582700 0.012864 0.018378
2 0.883316 0.562485 0.006892 0.019603
2 0.889059 0.610267 0.010108 0.015927
2 0.794643 0.667851 0.019756 0.019603
2 0.653823 0.584844 0.011027 0.021441
2 0.643945 0.605366 0.014243 0.014702
2 0.759955 0.736768 0.010108 0.030017
2 0.735604 0.744119 0.020216 0.015315
2 0.742955 0.778731 0.015621 0.015927
2 0.753293 0.926734 0.019756 0.028179
2 0.766617 0.916320 0.015162 0.019603
2 0.665309 0.859348 0.007351 0.015927
2 0.726415 0.842808 0.015621 0.012252
2 0.772819 0.819836 0.007351 0.021441
2 0.828182 0.926121 0.011486 0.009802
2 0.966016 0.944193 0.010567 0.030017
2 0.816558 0.705709 0.020216 0.015927
2 0.820693 0.685494 0.011946 0.018378
2 0.806910 0.739708 0.013783 0.015315
2 0.648171 0.733276 0.014243 0.014702
2 0.636226 0.712754 0.016081 0.017765
2 0.610267 0.727763 0.013783 0.025729
2 0.621524 0.745222 0.012405 0.017765
2 0.614632 0.762987 0.009648 0.014090
2 0.627956 0.759924 0.005973 0.016540
2 0.619686 0.783203 0.013324 0.015315
2 0.618537 0.819958 0.010108 0.033693
2 0.584768 0.807400 0.008729 0.022053
2 0.535285 0.766969 0.008270 0.018378
2 0.551826 0.714592 0.016540 0.018990
2 0.510016 0.766969 0.010108 0.024504
2 0.522421 0.724700 0.008270 0.020828
2 0.508178 0.717349 0.009189 0.015927
2 0.489111 0.695908 0.010567 0.023279
2 0.484746 0.720412 0.011027 0.030630
2 0.481990 0.762987 0.011946 0.031242
2 0.545164 0.855366 0.017000 0.018990
2 0.534596 0.870069 0.006892 0.015315
2 0.548609 0.891203 0.009189 0.020828
2 0.561014 0.904680 0.011946 0.009802
2 0.537812 0.900086 0.010567 0.022666
2 0.528394 0.866699 0.016540 0.030630
2 0.522421 0.915094 0.008270 0.012252
2 0.501286 0.904068 0.011946 0.019603
2 0.503354 0.889978 0.013324 0.023279
2 0.513921 0.878339 0.015162 0.033080
2 0.480933 0.812791 0.017918 0.024504
2 0.403976 0.780630 0.015621 0.020216
2 0.421664 0.744180 0.025270 0.013477
2 0.451299 0.743568 0.018378 0.017153
2 0.416840 0.914175 0.007351 0.025116
2 0.440272 0.908049 0.012864 0.021441
2 0.383209 0.835151 0.016540 0.011639
2 0.376547 0.802989 0.015162 0.022053
2 0.358399 0.772972 0.011027 0.023279
2 0.354723 0.738667 0.014702 0.017153
2 0.342088 0.759495 0.020675 0.009802
2 0.337724 0.798395 0.016540 0.012864
2 0.327156 0.816467 0.018378 0.015927
2 0.323021 0.871723 0.010108 0.025729
2 0.339561 0.859471 0.010108 0.014702
2 0.337034 0.896839 0.022513 0.014702
2 0.339561 0.911848 0.011946 0.016540
2 0.333129 0.930532 0.013783 0.012252
2 0.291687 0.819039 0.012864 0.009802
2 0.276985 0.813526 0.016540 0.006126
2 0.293984 0.800049 0.019297 0.015927
2 0.284106 0.763906 0.013324 0.020828
2 0.303862 0.750429 0.012405 0.025729
2 0.268026 0.699890 0.028945 0.010414
2 0.211514 0.718268 0.009648 0.022666
2 0.207608 0.691007 0.006432 0.022053
2 0.193136 0.701728 0.007811 0.022666
2 0.211743 0.751348 0.013783 0.016540
2 0.234716 0.743690 0.010108 0.022053
2 0.247810 0.775545 0.011486 0.012252
2 0.249648 0.789635 0.017918 0.018378
2 0.253783 0.806788 0.025270 0.007351
2 0.243216 0.818427 0.016081 0.012252
2 0.231729 0.835580 0.021594 0.025729
2 0.234486 0.863759 0.020675 0.018378
2 0.168326 0.905109 0.017000 0.025116
2 0.159826 0.842624 0.016540 0.028792
2 0.184406 0.828228 0.020675 0.018378
2 0.136854 0.787185 0.019297 0.022053
2 0.121003 0.803418 0.012405 0.027567
2 0.107449 0.742771 0.013783 0.022666
2 0.095504 0.730826 0.015621 0.012252
2 0.102855 0.913073 0.008270 0.015315
2 0.341123 0.659949 0.015621 0.017765
2 0.264764 0.594830 0.011027 0.019603
2 0.263615 0.551029 0.021594 0.010414
2 0.265912 0.565119 0.014243 0.011639
2 0.362763 0.564384 0.018837 0.012864
2 0.373560 0.503737 0.015621 0.020216
2 0.428924 0.514151 0.005973 0.018990
2 0.436505 0.514764 0.005513 0.022666
2 0.443856 0.494242 0.016540 0.020828
2 0.498438 0.498530 0.014702 0.017153
2 0.473168 0.524565 0.010108 0.023891
2 0.475236 0.580311 0.017000 0.015315
2 0.572730 0.614126 0.008729 0.025116
2 0.574752 0.420853 0.007811 0.023279
2 0.603467 0.386547 0.003676 0.024504
2 0.626210 0.386241 0.005054 0.023891
2 0.589224 0.421220 0.011027 0.020828
2 0.722004 0.647880 0.012864 0.026954
2 0.626899 0.624296 0.016540 0.015315
2 0.571765 0.668402 0.012864 0.017765
2 0.736293 0.053296 0.012405 0.015927
2 0.630391 0.294964 0.011027 0.026342
2 0.568595 0.289757 0.013324 0.026954
2 0.564001 0.272298 0.014243 0.011639
2 0.499219 0.109042 0.017000 0.006126
2 0.507948 0.127420 0.009648 0.022053
2 0.516862 0.248897 0.005973 0.025116
2 0.490673 0.263906 0.007811 0.024504
2 0.474363 0.249204 0.012864 0.018378
2 0.482173 0.275239 0.005513 0.021441
2 0.495635 0.334354 0.014243 0.022053
2 0.360788 0.293004 0.009189 0.022666
2 0.358950 0.384587 0.012864 0.019603
2 0.399611 0.420424 0.014243 0.011639
2 0.475190 0.459017 0.019297 0.011639
2 0.435448 0.392245 0.010567 0.011639
2 0.513324 0.404190 0.016540 0.014702
2 0.579990 0.454239 0.009648 0.021441
2 0.400116 0.602671 0.016540 0.012252
2 0.417575 0.602977 0.012864 0.014090
2 0.311305 0.518439 0.016081 0.020216
2 0.221254 0.534060 0.013324 0.014702
2 0.172323 0.703136 0.021135 0.013477
2 0.440134 0.710488 0.011486 0.019603
2 0.420378 0.685065 0.016081 0.011639
2 0.443810 0.681083 0.014243 0.012252
2 0.536848 0.610328 0.008270 0.020216
2 0.579117 0.580005 0.009189 0.022053
2 0.280017 0.855366 0.012864 0.020216
2 0.276342 0.792269 0.010108 0.014090
2 0.819683 0.296128 0.014702 0.007351
2 0.912721 0.928326 0.023432 0.022053
2 0.685846 0.598750 0.013324 0.019603
2 0.579852 0.627849 0.012864 0.012864
2 0.451896 0.642551 0.012405 0.010414
2 0.431910 0.636119 0.015621 0.008576
2 0.272942 0.518194 0.013783 0.018990
2 0.250107 0.498591 0.014243 0.010414
2 0.563725 0.886915 0.011486 0.014702
2 0.220197 0.806849 0.014702 0.014090
2 0.206873 0.867189 0.008270 0.020828
2 0.199752 0.907314 0.011486 0.023891
2 0.180225 0.870559 0.013783 0.020216
2 0.109930 0.773769 0.014702 0.021441
2 0.053878 0.706690 0.022972 0.033080
2 0.130376 0.706690 0.017918 0.030630
2 0.062148 0.790309 0.016540 0.017765
2 0.005345 0.861982 0.010690 0.038593
2 0.010230 0.880973 0.015621 0.020216
1 0.058472 0.946520 0.010108 0.016540
1 0.177469 0.802254 0.013783 0.013477
1 0.078688 0.748346 0.009189 0.011027
1 0.379258 0.706138 0.012864 0.016540
1 0.328718 0.679797 0.013783 0.025116
1 0.368001 0.640897 0.007811 0.009802
1 0.230167 0.566038 0.008729 0.009802
1 0.342778 0.421955 0.010108 0.028179
1 0.356561 0.461774 0.009189 0.015927
1 0.397314 0.527873 0.012405 0.018990
1 0.415370 0.808748 0.019297 0.026954
1 0.392765 0.945724 0.009189 0.013477
1 0.727012 0.614188 0.012405 0.018378
1 0.616975 0.514947 0.009189 0.019603
1 0.837463 0.690088 0.012405 0.017765
1 0.906288 0.759373 0.010567 0.023279
1 0.912491 0.835947 0.012864 0.014702
1 0.864938 0.763355 0.008729 0.016540
1 0.974746 0.520277 0.006892 0.014090
1 0.573787 0.040738 0.012864 0.025116
1 0.348245 0.206261 0.010567 0.011639
1 0.236140 0.322347 0.007811 0.012252
1 0.131846 0.476231 0.011486 0.014702