0 0.414894 0.131206 0.018617 0.033688
0 0.450798 0.076241 0.018617 0.019504
0 0.759973 0.055851 0.017287 0.031915
0 0.652926 0.179965 0.013298 0.021277
0 0.806516 0.139184 0.017287 0.021277
0 0.732713 0.182624 0.015957 0.019504
0 0.732713 0.224291 0.015957 0.017730
0 0.326463 0.718085 0.022606 0.026596
0 0.255319 0.631206 0.015957 0.023050
0 0.361037 0.626773 0.017287 0.017730
0 0.389628 0.615248 0.018617 0.026596
0 0.359707 0.593972 0.025266 0.023050
0 0.265293 0.549645 0.014628 0.023050
0 0.867021 0.069149 0.005319 0.012411
0 0.452128 0.427305 0.013298 0.012411
0 0.605053 0.779255 0.013298 0.024823
0 0.689495 0.773936 0.014628 0.021277
0 0.524601 0.771277 0.019947 0.033688
0 0.708112 0.665780 0.014628 0.039007
0 0.825133 0.562943 0.017287 0.014184
0 0.849069 0.803191 0.019947 0.015957
0 0.821809 0.736702 0.015957 0.014184
0 0.958112 0.622340 0.009309 0.026596
0 0.690824 0.484929 0.014628 0.024823
0 0.340426 0.290780 0.005319 0.008865
2 0.142952 0.717199 0.022606 0.028369
2 0.362367 0.329787 0.022606 0.023050
2 0.741356 0.357270 0.011968 0.024823
2 0.532580 0.435284 0.006649 0.028369
1 0.656250 0.817376 0.011968 0.012411
1 0.533910 0.914007 0.009309 0.010638
1 0.378324 0.676418 0.009309 0.007092
1 0.418883 0.758865 0.007979 0.012411
1 0.456782 0.769504 0.014628 0.019504
1 0.938165 0.588652 0.011968 0.012411
1 0.878989 0.601064 0.010638 0.012411
2 0.440824 0.354610 0.006649 0.030142
2 0.462101 0.320035 0.019947 0.017730
2 0.513298 0.352837 0.010638 0.030142
2 0.384973 0.218972 0.011968 0.014184
2 0.409574 0.242908 0.013298 0.008865
2 0.561835 0.291667 0.009309 0.010638
2 0.521941 0.301418 0.009309 0.008865