0 0.942819 0.193262 0.029255 0.023050
0 0.885638 0.041667 0.015957 0.017730
0 0.869681 0.134752 0.018617 0.015957
0 0.819149 0.296099 0.015957 0.030142
0 0.482713 0.318262 0.029255 0.042553
0 0.594415 0.143617 0.018617 0.030142
0 0.627660 0.220745 0.018617 0.017730
0 0.645612 0.347518 0.019947 0.023050
0 0.665559 0.288121 0.019947 0.024823
0 0.221410 0.478723 0.019947 0.054965
0 0.462766 0.490248 0.015957 0.017730
0 0.653590 0.398936 0.017287 0.023050
0 0.699468 0.412234 0.010638 0.028369
0 0.714761 0.450355 0.019947 0.037234
0 0.940160 0.638298 0.037234 0.040780
0 0.887633 0.562057 0.030585 0.019504
0 0.801862 0.562057 0.021277 0.023050
0 0.687500 0.671099 0.026596 0.021277
0 0.398936 0.851064 0.034574 0.019504
0 0.487367 0.766844 0.014628 0.017730
0 0.564495 0.716312 0.009309 0.008865
1 0.307846 0.237589 0.011968 0.023050
1 0.343085 0.138298 0.013298 0.012411
1 0.324468 0.220745 0.015957 0.024823
1 0.525266 0.131206 0.007979 0.012411
1 0.384309 0.367908 0.007979 0.021277
1 0.408245 0.441489 0.010638 0.015957
1 0.410239 0.549645 0.014628 0.026596
1 0.490027 0.494681 0.011968 0.012411
1 0.564495 0.468972 0.011968 0.014184
1 0.544548 0.598404 0.011968 0.010638
1 0.620346 0.626773 0.017287 0.031915
1 0.951463 0.765071 0.014628 0.017730
1 0.966090 0.746454 0.014628 0.015957
1 0.988032 0.843085 0.015957 0.024823
1 0.816489 0.727837 0.010638 0.021277
1 0.746676 0.782801 0.017287 0.024823
1 0.809840 0.768617 0.005319 0.021277
1 0.770612 0.832447 0.009309 0.017730
1 0.975399 0.289007 0.017287 0.019504
1 0.499335 0.548759 0.009309 0.021277
1 0.497340 0.443262 0.010638 0.019504
1 0.464761 0.460993 0.011968 0.015957
1 0.167553 0.774823 0.010638 0.033688
1 0.232048 0.750887 0.017287 0.021277
1 0.347739 0.958333 0.043883 0.031915
2 0.818484 0.830674 0.030585 0.028369
2 0.822473 0.915780 0.022606 0.028369
2 0.555186 0.386525 0.019947 0.044326
2 0.634973 0.416667 0.014628 0.012411