0 0.447473 0.580674 0.014628 0.046099
0 0.813165 0.287234 0.017287 0.026596
0 0.796543 0.080674 0.023936 0.046099
0 0.581117 0.711879 0.018617 0.017730
0 0.477394 0.627660 0.010638 0.015957
0 0.486037 0.679965 0.011968 0.021277
0 0.436170 0.784574 0.013298 0.021277
0 0.556516 0.818262 0.025266 0.017730
0 0.891622 0.834220 0.014628 0.024823
0 0.922872 0.858156 0.010638 0.023050
0 0.938830 0.853723 0.013298 0.028369
0 0.681516 0.626773 0.017287 0.014184
0 0.611702 0.694149 0.018617 0.021277
0 0.682846 0.763298 0.009309 0.010638
0 0.551197 0.719858 0.019947 0.019504
0 0.320479 0.984929 0.007979 0.017730
0 0.183511 0.490248 0.021277 0.021277
0 0.094415 0.387411 0.023936 0.021277
0 0.109707 0.127660 0.014628 0.026596
0 0.462766 0.185284 0.031915 0.028369
0 0.563830 0.289007 0.005319 0.015957
0 0.504654 0.409574 0.017287 0.026596
1 0.591755 0.324468 0.021277 0.015957
1 0.634309 0.236702 0.010638 0.007092
1 0.841090 0.520390 0.011968 0.017730
1 0.662899 0.509752 0.009309 0.014184
1 0.666888 0.533688 0.006649 0.015957
1 0.529255 0.468972 0.007979 0.014184
1 0.588431 0.441489 0.006649 0.008865
1 0.599734 0.475177 0.015957 0.015957
1 0.478059 0.547872 0.009309 0.019504
1 0.408245 0.554965 0.015957 0.019504
1 0.423537 0.646277 0.009309 0.017730
1 0.412899 0.664894 0.009309 0.019504
1 0.578457 0.589539 0.018617 0.024823
1 0.616356 0.617021 0.011968 0.026596
1 0.597739 0.637411 0.006649 0.010638
1 0.575133 0.639184 0.011968 0.014184
1 0.537234 0.602837 0.005319 0.005319
1 0.919548 0.563830 0.017287 0.030142
1 0.962101 0.554965 0.022606 0.015957
1 0.956782 0.647163 0.006649 0.015957
1 0.994681 0.938830 0.010638 0.031915
1 0.347739 0.703014 0.014628 0.021277
1 0.289894 0.460993 0.021277 0.033688
1 0.289894 0.339539 0.018617 0.024823
1 0.238032 0.299645 0.023936 0.012411
1 0.299867 0.265957 0.019947 0.012411
1 0.339761 0.202128 0.011968 0.015957
1 0.189495 0.524823 0.022606 0.023050
1 0.125000 0.603723 0.013298 0.010638
1 0.523271 0.424645 0.019947 0.017730
1 0.572473 0.514184 0.014628 0.019504
1 0.541888 0.535461 0.011968 0.015957
1 0.670213 0.350177 0.007979 0.017730
1 0.638963 0.257092 0.009309 0.015957
1 0.793218 0.314716 0.017287 0.007092
1 0.938165 0.510638 0.006649 0.012411
1 0.553191 0.763298 0.015957 0.028369
1 0.528590 0.788121 0.009309 0.010638
1 0.399601 0.698582 0.009309 0.008865
1 0.382314 0.782801 0.003989 0.010638
1 0.219415 0.739362 0.007979 0.005319
1 0.351729 0.530142 0.006649 0.012411
1 0.360372 0.547872 0.013298 0.008865
1 0.222739 0.440603 0.017287 0.010638