1 0.299571 0.267581 0.012864 0.030875
1 0.575515 0.308748 0.014151 0.020583
1 0.547856 0.245283 0.018010 0.013722
1 0.811495 0.174957 0.017629 0.015247
1 0.831269 0.047011 0.009529 0.022870
1 0.618708 0.706317 0.009509 0.026102
1 0.654784 0.710418 0.011187 0.029831
1 0.668432 0.642554 0.016780 0.026848
1 0.775822 0.626892 0.019017 0.017898
1 0.783373 0.723842 0.018458 0.014915
1 0.701991 0.753300 0.012305 0.020136
1 0.756805 0.877620 0.019017 0.022373
1 0.757924 0.966366 0.010068 0.023865
1 0.400850 0.723618 0.017898 0.017153
1 0.269353 0.688940 0.012864 0.020881
1 0.288929 0.776941 0.010627 0.020881
1 0.310743 0.866060 0.018458 0.021627
1 0.179022 0.920501 0.016780 0.024610
1 0.100380 0.705645 0.015661 0.022373
1 0.040197 0.732120 0.013424 0.018644
1 0.027612 0.875681 0.016220 0.014915
1 0.217223 0.813036 0.010627 0.017898
1 0.245540 0.033448 0.018010 0.025729
1 0.669292 0.467124 0.012475 0.020271
1 0.628216 0.824099 0.015437 0.021441
0 0.580017 0.691252 0.025729 0.024014
1 0.346812 0.704517 0.014151 0.019440
1 0.339308 0.516295 0.013722 0.034305
1 0.538884 0.479721 0.011205 0.017706
2 0.691093 0.914110 0.009529 0.022235
2 0.660838 0.841052 0.005241 0.019694
2 0.688854 0.806366 0.010006 0.029858
2 0.710057 0.828600 0.006670 0.027317
2 0.716727 0.787942 0.016200 0.014612
2 0.740550 0.679944 0.009529 0.023505
2 0.736262 0.601169 0.013341 0.023505
2 0.749127 0.608157 0.014294 0.013341
2 0.760895 0.665333 0.009053 0.015882
2 0.725399 0.665968 0.013341 0.010800
2 0.974207 0.777206 0.014294 0.020329
2 0.984451 0.757830 0.018582 0.015882
2 0.871530 0.768312 0.014770 0.022870
2 0.963964 0.893145 0.013817 0.014612
2 0.590131 0.867734 0.010006 0.024776
2 0.598469 0.909027 0.014294 0.012070
2 0.597516 0.835970 0.009529 0.019694
2 0.534385 0.805794 0.009053 0.020329
2 0.546535 0.814052 0.018106 0.010165
2 0.564688 0.837113 0.008100 0.024776
2 0.553110 0.931898 0.005718 0.018423
2 0.540245 0.954450 0.009529 0.019059
2 0.453529 0.844546 0.015247 0.010165
2 0.373293 0.889016 0.008576 0.022870
2 0.394733 0.878851 0.005718 0.017788
2 0.292818 0.935074 0.013817 0.020964
2 0.307350 0.933803 0.008576 0.023505
2 0.057112 0.833619 0.015247 0.029223
2 0.081650 0.711009 0.013817 0.024141
2 0.228639 0.604599 0.014294 0.017153
2 0.214106 0.714567 0.013817 0.011435
2 0.477781 0.346611 0.010959 0.022870
2 0.394400 0.248777 0.010959 0.016517
2 0.303872 0.318976 0.010959 0.009529
2 0.295772 0.242424 0.010959 0.011435
2 0.748841 0.737437 0.013341 0.011435
2 0.728829 0.936980 0.012388 0.023505
2 0.930373 0.873134 0.010482 0.019059
2 0.909170 0.955085 0.010006 0.022870
2 0.754892 0.801029 0.010959 0.019694
2 0.671987 0.984309 0.010959 0.015247
2 0.693666 0.937933 0.012388 0.012706
2 0.614478 0.963662 0.012388 0.020964
2 0.622816 0.885522 0.015723 0.013341
2 0.576599 0.911251 0.014770 0.013976
2 0.588034 0.789912 0.019535 0.017788
2 0.628553 0.565486 0.019297 0.020216
2 0.561650 0.886564 0.009005 0.022870
2 0.555003 0.869125 0.006003 0.023442
2 0.502344 0.986335 0.016295 0.014294
2 0.177130 0.819382 0.008576 0.022298
2 0.182061 0.798513 0.009005 0.017153
2 0.372591 0.174049 0.015891 0.027242