2 0.722170 0.110635 0.011578 0.032590
2 0.550102 0.179917 0.010083 0.013444
2 0.670055 0.129387 0.010083 0.013444
2 0.548364 0.241343 0.007997 0.014835
2 0.626003 0.317278 0.006954 0.023179
2 0.755864 0.293171 0.007997 0.019471
2 0.737089 0.341616 0.017037 0.013444
2 0.756907 0.346947 0.009388 0.019471
2 0.984856 0.691523 0.007448 0.023472
2 0.882617 0.789022 0.008802 0.021667
2 0.914778 0.840480 0.014896 0.018055
2 0.924935 0.881105 0.013542 0.014444
2 0.915794 0.942945 0.008802 0.020764
2 0.966575 0.771870 0.010156 0.021667
2 0.977728 0.724934 0.006237 0.020271
2 0.994685 0.728312 0.005068 0.018712
2 0.954143 0.717917 0.010525 0.008316
2 0.920617 0.668798 0.011305 0.011955
2 0.926854 0.649046 0.005847 0.019232
2 0.922566 0.780914 0.012085 0.013514
2 0.889041 0.856593 0.012085 0.013514
2 0.893134 0.891159 0.005458 0.020271
2 0.872862 0.894797 0.011695 0.007797
2 0.874422 0.909871 0.014034 0.009876
2 0.837777 0.811373 0.009356 0.016633
2 0.831345 0.837621 0.012085 0.012994
2 0.832125 0.744841 0.015203 0.039503
2 0.805616 0.673632 0.017542 0.018712
2 0.820625 0.804616 0.016373 0.009356
2 0.803862 0.811893 0.010915 0.015593
2 0.796455 0.766412 0.010915 0.017153
2 0.786709 0.777327 0.004678 0.020271
2 0.775989 0.776808 0.008186 0.019232
2 0.792752 0.796039 0.012864 0.012994
2 0.734277 0.815219 0.019102 0.009356
2 0.736811 0.832372 0.010915 0.019752
2 0.715175 0.896304 0.008186 0.030147
2 0.704844 0.902282 0.012475 0.015074
2 0.670851 0.935859 0.007017 0.023390
2 0.656232 0.889859 0.013644 0.018712
2 0.665588 0.870627 0.008186 0.016633
2 0.605983 0.865949 0.007017 0.021831
2 0.594677 0.857633 0.006237 0.024949
2 0.585906 0.884142 0.008966 0.022870
2 0.603839 0.898176 0.008186 0.011435
2 0.584347 0.857113 0.008966 0.018712
2 0.552770 0.874006 0.005847 0.022350
2 0.483185 0.915588 0.014814 0.012994
2 0.509694 0.944956 0.010136 0.022870
2 0.427439 0.975363 0.007797 0.021311
2 0.241294 0.940537 0.008966 0.019232
2 0.190148 0.980041 0.013644 0.017153
2 0.036943 0.967046 0.015203 0.015074
2 0.197749 0.807474 0.009356 0.024430
2 0.218995 0.822548 0.007407 0.010915
2 0.174749 0.839701 0.007797 0.019232
2 0.207300 0.935600 0.015203 0.010396
2 0.118223 0.901814 0.015593 0.009356
2 0.137715 0.879723 0.012475 0.009876
2 0.109257 0.858153 0.009356 0.016633
2 0.116469 0.831384 0.006627 0.024430
2 0.106333 0.787463 0.017542 0.016633
2 0.066765 0.800717 0.018712 0.012994
2 0.085088 0.870367 0.013254 0.015074
2 0.099122 0.899215 0.010136 0.015593
2 0.085088 0.896616 0.011695 0.014554
2 0.079630 0.915328 0.007797 0.010396
2 0.090155 0.931701 0.012475 0.015074
2 0.080020 0.929882 0.007797 0.010396
2 0.054291 0.736005 0.017932 0.019752
2 0.223270 0.792453 0.014580 0.008005
2 0.376701 0.774157 0.014580 0.006861
2 0.649214 0.681818 0.021012 0.010863
2 0.681589 0.706404 0.016295 0.010863
2 0.575457 0.728130 0.015009 0.010863
2 0.500715 0.778445 0.012007 0.012007
2 0.491710 0.797027 0.012864 0.012579
2 0.517010 0.765294 0.018010 0.010863
2 0.833562 0.571641 0.012864 0.022870
2 0.878588 0.469583 0.007719 0.015437
2 0.545740 0.557862 0.010292 0.020011
2 0.540595 0.540709 0.009434 0.012007
2 0.484720 0.524014 0.009005 0.022298
2 0.489222 0.624071 0.015437 0.010863
2 0.696384 0.562607 0.014151 0.012579
2 0.710320 0.528302 0.012007 0.010292
2 0.783648 0.628359 0.009434 0.016009
2 0.689523 0.634362 0.015866 0.008576
2 0.657533 0.724414 0.013293 0.012579
2 0.642524 0.733562 0.009005 0.014866
2 0.654317 0.744997 0.006861 0.017153
2 0.730775 0.757747 0.005575 0.014294
2 0.751144 0.799485 0.008576 0.013150
2 0.744068 0.849857 0.005575 0.013036
2 0.947113 0.825958 0.012864 0.018296
2 0.661221 0.547627 0.011578 0.008005
2 0.636993 0.619668 0.006003 0.013722
2 0.883648 0.812236 0.006003 0.013722
2 0.446126 0.892853 0.007290 0.014866
2 0.368939 0.836249 0.006432 0.011435
2 0.341710 0.837965 0.006861 0.006861
2 0.345783 0.847970 0.007290 0.014294
2 0.131204 0.992910 0.015009 0.011435
2 0.253073 0.742596 0.013293 0.011435
2 0.245783 0.683419 0.009863 0.021155
2 0.358176 0.716009 0.013722 0.013150
2 0.251144 0.612865 0.012864 0.010863
2 0.238708 0.606289 0.012864 0.018296
2 0.137378 0.569640 0.016724 0.014294
2 0.331118 0.227158 0.022727 0.017724
2 0.610106 0.831904 0.016724 0.013722
2 0.698871 0.803602 0.011578 0.033734
2 0.624428 0.007433 0.012436 0.014866
1 0.948880 0.411872 0.010915 0.010396
1 0.967592 0.424346 0.010915 0.013514
1 0.948295 0.348719 0.009746 0.014034
1 0.948685 0.458132 0.008186 0.011435
1 0.718488 0.560268 0.011695 0.020271
1 0.685743 0.290868 0.014814 0.018712
1 0.697632 0.279952 0.015983 0.014554
1 0.676192 0.269557 0.011305 0.025989
1 0.582982 0.485784 0.019492 0.018712
1 0.449854 0.636572 0.015983 0.018192
1 0.584113 0.763397 0.017542 0.023390
1 0.555070 0.840324 0.014814 0.015074
1 0.287255 0.695982 0.008576 0.014554
1 0.321560 0.785384 0.006237 0.008316
1 0.312594 0.517906 0.007017 0.010396
1 0.442876 0.656479 0.009356 0.010396
1 0.566648 0.665263 0.005847 0.010915
1 0.648163 0.819429 0.008576 0.011955
1 0.640756 0.765892 0.010915 0.009876
1 0.652061 0.845678 0.004678 0.011435
1 0.759694 0.740163 0.008186 0.007277
1 0.812906 0.723270 0.007797 0.011955
1 0.707066 0.663236 0.005068 0.009356
1 0.665939 0.685587 0.005458 0.008316
1 0.708821 0.710536 0.006237 0.007277
1 0.866235 0.826966 0.004678 0.011435
1 0.876956 0.827486 0.004288 0.008316
1 0.910481 0.716877 0.008186 0.009356
1 0.737200 0.749623 0.007797 0.012475
1 0.406427 0.748844 0.005847 0.010915
1 0.483653 0.355788 0.007797 0.009876
1 0.532655 0.188939 0.008186 0.018192
2 0.643958 0.060034 0.018620 0.016250
2 0.636003 0.044913 0.018958 0.018507
1 0.066409 0.523957 0.012007 0.012579