1 0.542734 0.811498 0.010646 0.037854
1 0.232092 0.612840 0.022053 0.020420
1 0.062403 0.532631 0.014702 0.023687
1 0.051376 0.585722 0.013477 0.030221
1 0.653373 0.188679 0.010414 0.026137
1 0.838377 0.378175 0.017765 0.026137
1 0.844503 0.682267 0.009189 0.013885
1 0.406804 0.696561 0.012252 0.017969
2 0.747407 0.316099 0.009802 0.019603
2 0.875745 0.295271 0.016540 0.017153
2 0.842053 0.122927 0.017765 0.023687
2 0.786000 0.130279 0.013477 0.013885
2 0.669913 0.240546 0.007964 0.018786
2 0.855274 0.342785 0.013669 0.018761
2 0.947939 0.569522 0.014071 0.021977
2 0.919597 0.668150 0.016081 0.020905
2 0.814470 0.560142 0.014875 0.012864
2 0.829344 0.526908 0.013267 0.012864
2 0.810048 0.630199 0.018895 0.010184
2 0.800801 0.702026 0.017287 0.010184
2 0.769243 0.678709 0.018493 0.012864
2 0.940301 0.734991 0.009246 0.016081
2 0.949145 0.743032 0.007638 0.030017
2 0.993166 0.784573 0.012060 0.033769
2 0.978090 0.811106 0.005226 0.021441
2 0.949346 0.803870 0.010452 0.019833
2 0.942512 0.827991 0.012060 0.014473
2 0.907737 0.761792 0.013267 0.019297
2 0.890049 0.771709 0.009246 0.021977
2 0.905727 0.786985 0.014071 0.015009
2 0.867335 0.792078 0.008040 0.021977
2 0.850852 0.809498 0.017689 0.013937
2 0.853264 0.829063 0.012864 0.013401
2 0.842008 0.854524 0.016081 0.012864
2 0.833767 0.890169 0.006834 0.027337
2 0.821706 0.894726 0.014071 0.021441
2 0.785123 0.863368 0.010854 0.017689
2 0.773866 0.885345 0.014071 0.019833
2 0.816480 0.797974 0.011658 0.029481
2 0.790148 0.930317 0.008040 0.020369
2 0.725825 0.862243 0.009648 0.021441
2 0.713765 0.860099 0.009648 0.022513
2 0.705725 0.851254 0.008844 0.016617
2 0.704921 0.877519 0.007236 0.026265
2 0.725423 0.900836 0.014473 0.008576
2 0.603492 0.913969 0.017287 0.011256
2 0.547009 0.973735 0.009648 0.021441
2 0.499169 0.779696 0.016081 0.019297
2 0.612940 0.794704 0.020101 0.015009
2 0.622387 0.777283 0.014875 0.012328
2 0.640478 0.760935 0.018895 0.009648
2 0.712237 0.751822 0.008040 0.027873
2 0.698770 0.726897 0.014071 0.012328
2 0.776037 0.736707 0.005226 0.017153
2 0.776037 0.721698 0.010854 0.012864
2 0.762369 0.730810 0.010050 0.015009
2 0.665523 0.539558 0.012864 0.013937
2 0.609241 0.520369 0.008040 0.024657
2 0.983316 0.898960 0.010854 0.014473
2 0.984723 0.886900 0.010452 0.010720
2 0.928240 0.790148 0.016483 0.027337
2 0.629623 0.941842 0.009246 0.027337
2 0.482285 0.713229 0.014473 0.018225
2 0.609522 0.623446 0.019699 0.013401
2 0.671232 0.181389 0.012864 0.019297
1 0.769203 0.814269 0.009246 0.014473
1 0.760962 0.762007 0.010452 0.009648
1 0.772620 0.839998 0.005628 0.013401
1 0.729403 0.829277 0.007638 0.012328
1 0.589100 0.855006 0.008442 0.006968
1 0.528597 0.746462 0.008040 0.012864
1 0.441359 0.786128 0.009648 0.010720
1 0.794289 0.530178 0.009246 0.008040
1 0.785042 0.682140 0.007638 0.008576
1 0.688760 0.662307 0.008040 0.011792
1 0.783434 0.617013 0.008442 0.006968
1 0.803133 0.617281 0.006834 0.011792
1 0.926150 0.715641 0.006834 0.010184
1 0.876903 0.736010 0.008040 0.013401
1 0.859616 0.737886 0.007236 0.012864
1 0.842531 0.736010 0.006030 0.005896
1 0.906853 0.228506 0.009246 0.009112
1 0.834651 0.041006 0.008442 0.009112
1 0.606507 0.354846 0.007236 0.009648
1 0.434445 0.518493 0.008844 0.016617
1 0.445701 0.556818 0.008040 0.016081
1 0.526707 0.504288 0.007638 0.011792
1 0.567512 0.655768 0.011256 0.010720
1 0.362484 0.687018 0.006432 0.013401
1 0.682488 0.642260 0.009648 0.008576
1 0.697363 0.663969 0.008844 0.008040
2 0.313237 0.807301 0.007638 0.027337
2 0.335750 0.828205 0.008442 0.021977
2 0.341378 0.796044 0.018091 0.015545
2 0.217557 0.789612 0.021307 0.023049
2 0.173537 0.803816 0.027337 0.019297
2 0.104591 0.807301 0.013267 0.031625
2 0.087103 0.800868 0.013669 0.011256
2 0.097958 0.837586 0.016081 0.019297
2 0.194843 0.833298 0.012060 0.022513
2 0.227608 0.836246 0.009246 0.018761
2 0.220371 0.868139 0.014071 0.022513
2 0.228613 0.905124 0.013669 0.012864
2 0.208914 0.904052 0.011256 0.016081
2 0.186200 0.923885 0.008442 0.015009
2 0.199869 0.938358 0.018091 0.010720
2 0.201678 0.950150 0.012864 0.005360
2 0.178562 0.945862 0.010050 0.017153
2 0.137355 0.979631 0.025729 0.018225
2 0.281478 0.981507 0.015679 0.014473
2 0.305197 0.987135 0.012462 0.017153
2 0.320071 0.940502 0.011658 0.017153
2 0.358464 0.942914 0.010452 0.018761
2 0.288513 0.842678 0.006432 0.017689
2 0.252332 0.879931 0.015277 0.012864
2 0.247105 0.959798 0.013669 0.022513
2 0.162481 0.737618 0.015679 0.020905
2 0.371127 0.742710 0.016483 0.010720
1 0.155446 0.896012 0.008844 0.008576
1 0.153436 0.912629 0.008040 0.010720
1 0.152029 0.925225 0.006030 0.006968
1 0.193637 0.900836 0.012864 0.016081