0 0.637633 0.062057 0.025266 0.015957
0 0.807181 0.083333 0.010638 0.030142
2 0.827793 0.116135 0.011968 0.039007
0 0.164229 0.081560 0.019947 0.019504
0 0.156250 0.739362 0.014628 0.023050
0 0.743351 0.416667 0.015957 0.023050
0 0.730718 0.459220 0.025266 0.012411
0 0.783910 0.476950 0.011968 0.023050
0 0.700133 0.554078 0.017287 0.017730
0 0.611702 0.660461 0.023936 0.017730
1 0.690824 0.780142 0.017287 0.019504
0 0.609043 0.580674 0.010638 0.031915
0 0.809840 0.799645 0.010638 0.033688
0 0.687500 0.273050 0.013298 0.015957
1 0.650266 0.400709 0.015957 0.026596
1 0.732048 0.359043 0.017287 0.024823
1 0.741356 0.314716 0.006649 0.021277
1 0.852394 0.458333 0.015957 0.021277
1 0.954122 0.640071 0.009309 0.023050
1 0.835771 0.585106 0.017287 0.012411
1 0.826463 0.600177 0.014628 0.024823
1 0.831782 0.554078 0.011968 0.014184
1 0.618351 0.806738 0.021277 0.023050
1 0.506649 0.891844 0.013298 0.019504
1 0.488697 0.803191 0.017287 0.030142
1 0.527261 0.953014 0.014628 0.035461
1 0.567819 0.788121 0.018617 0.021277
0 0.645612 0.804078 0.022606 0.021277
0 0.893617 0.853723 0.018617 0.021277
1 0.939600 0.844998 0.009099 0.016797
2 0.921753 0.897256 0.018197 0.020530
2 0.973894 0.863662 0.010498 0.011198
2 0.988242 0.780142 0.011198 0.023330
2 0.848964 0.824935 0.012598 0.021463
2 0.766377 0.888391 0.015398 0.015864
2 0.782825 0.930851 0.009099 0.020530
2 0.735582 0.974244 0.012598 0.015864
2 0.748530 0.922919 0.011898 0.021463
2 0.644597 0.975177 0.018197 0.010265
2 0.541713 0.974711 0.012598 0.027996
2 0.622200 0.939250 0.011198 0.020530
2 0.595605 0.916387 0.016797 0.010265
2 0.665594 0.868794 0.006999 0.023330
2 0.761128 0.677958 0.018897 0.014931
0 0.874860 0.738615 0.011198 0.024263
0 0.853513 0.750280 0.011898 0.017730
2 0.839516 0.808604 0.010498 0.011198
2 0.916503 0.669560 0.013298 0.022396
2 0.941349 0.567842 0.011198 0.016797
3 0.977744 0.606103 0.008399 0.018664
3 0.890957 0.640631 0.011198 0.016797
2 0.720535 0.861795 0.009099 0.020530
2 0.696389 0.872994 0.006999 0.022396
2 0.708637 0.853397 0.009099 0.022396
2 0.778975 0.865995 0.011198 0.015864
2 0.883609 0.771743 0.009099 0.015864
2 0.935050 0.729750 0.006999 0.027062
2 0.944499 0.740482 0.004899 0.026129
2 0.705487 0.753546 0.008399 0.029862
2 0.656845 0.538914 0.010498 0.013065
2 0.662794 0.557111 0.011198 0.017730
2 0.690090 0.677492 0.013998 0.013998
2 0.692189 0.725551 0.013998 0.011198
2 0.771277 0.721351 0.013998 0.019597
2 0.792973 0.701754 0.019597 0.006532
2 0.801372 0.631766 0.016797 0.013998
2 0.602954 0.517917 0.009099 0.028929
2 0.618351 0.775943 0.017497 0.011198
2 0.634448 0.762411 0.018897 0.013998
2 0.669443 0.720885 0.006299 0.022396
2 0.676442 0.720885 0.006299 0.026129
2 0.826918 0.885592 0.007699 0.027062
2 0.991741 0.847331 0.012598 0.019597
2 0.995871 0.882792 0.008258 0.019597
2 0.943799 0.805338 0.009099 0.012131
2 0.936800 0.828201 0.011898 0.013065
2 0.897256 0.767077 0.005599 0.013998
1 0.860862 0.791807 0.008399 0.011198
1 0.839516 0.657428 0.009099 0.007465
1 0.778275 0.682624 0.006999 0.005599
1 0.788074 0.529115 0.006999 0.006532
1 0.583007 0.852464 0.004199 0.005599
1 0.587556 0.883259 0.011898 0.011198
2 0.558161 0.890724 0.011898 0.018664
2 0.836716 0.852464 0.018897 0.013065
2 0.900406 0.787607 0.016097 0.012131
2 0.898306 0.808137 0.017497 0.021463
2 0.977744 0.900523 0.016797 0.012131
2 0.474524 0.717619 0.011198 0.012131
2 0.665594 0.639231 0.006999 0.021463
2 0.603303 0.624767 0.005599 0.013065
2 0.762178 0.815136 0.011198 0.013065
2 0.521067 0.747947 0.004899 0.007465
2 0.489222 0.773143 0.008399 0.013065
2 0.461226 0.813736 0.009798 0.019597
2 0.482223 0.837999 0.004199 0.013998
2 0.527366 0.820735 0.003499 0.005599
2 0.545563 0.814670 0.002100 0.004666
2 0.544163 0.839866 0.003499 0.006532
2 0.543813 0.883725 0.004199 0.010265
2 0.575308 0.842665 0.004199 0.008399
2 0.766027 0.839399 0.004899 0.011198
2 0.755529 0.761012 0.010498 0.005599
2 0.770577 0.745147 0.008399 0.018664
2 0.744681 0.723218 0.006999 0.010265
2 0.758679 0.725084 0.005599 0.010265
2 0.900056 0.715286 0.004199 0.007465
2 0.896557 0.508585 0.008399 0.015864
2 0.775126 0.546379 0.011898 0.005599
2 0.803122 0.526316 0.004899 0.004666
2 0.824118 0.525849 0.011898 0.009332
2 0.985092 0.469392 0.009099 0.017730
2 0.924902 0.796939 0.011898 0.010265
2 0.973894 0.804871 0.006299 0.005599
2 0.709686 0.901456 0.015398 0.017730
2 0.722984 0.827268 0.018197 0.016797
2 0.661044 0.812803 0.011898 0.023330
2 0.750280 0.616835 0.005599 0.008399
2 0.809071 0.560844 0.013998 0.010265
2 0.803122 0.605170 0.003499 0.003733
2 0.795423 0.616368 0.004899 0.005599
2 0.822368 0.706887 0.005599 0.007465
2 0.819919 0.721351 0.003499 0.002800
2 0.846515 0.736282 0.010498 0.010265
2 0.916853 0.776409 0.002800 0.008399
2 0.910904 0.806738 0.007699 0.016797
2 0.765328 0.907055 0.003499 0.004666