0 0.636214 0.289693 0.072712 0.054516
0 0.902916 0.221269 0.054031 0.072041
0 0.719198 0.554889 0.040678 0.097770
1 0.696648 0.040380 0.018225 0.013579
1 0.356811 0.011435 0.017153 0.012864
1 0.837729 0.697470 0.015009 0.030732
2 0.968250 0.823614 0.009112 0.025729
2 0.794847 0.775729 0.019297 0.011435
1 0.671187 0.828688 0.021977 0.025014
1 0.651086 0.708977 0.020369 0.018582
1 0.615977 0.733276 0.019833 0.021441
1 0.552191 0.653230 0.017689 0.025729
1 0.464283 0.765795 0.011256 0.025014
1 0.557551 0.937679 0.012328 0.024300
1 0.664540 0.481204 0.011256 0.030732
1 0.566690 0.392423 0.017339 0.013424