1 0.497340 0.165780 0.013298 0.028369
1 0.565824 0.297872 0.017287 0.015957
1 0.661569 0.120567 0.017287 0.019504
1 0.694149 0.714539 0.023936 0.030142
1 0.626995 0.624113 0.038564 0.023050
1 0.630984 0.542553 0.022606 0.040780
1 0.398936 0.742021 0.013298 0.028369
1 0.364362 0.842199 0.023936 0.037234
1 0.748005 0.616135 0.019947 0.031915
1 0.801862 0.645390 0.018617 0.030142
1 0.851729 0.775709 0.017287 0.021277
1 0.331782 0.394504 0.014628 0.024823
1 0.323803 0.046986 0.017287 0.031915
1 0.713431 0.513298 0.011968 0.017730
1 0.713431 0.583333 0.017287 0.015957
1 0.722074 0.320035 0.015957 0.014184
1 0.824468 0.318262 0.015957 0.014184
1 0.805186 0.345745 0.011968 0.030142
1 0.678856 0.463652 0.019947 0.024823
1 0.680186 0.527482 0.017287 0.017730
1 0.744016 0.216312 0.019947 0.019504
1 0.920213 0.311170 0.029255 0.021277
1 0.672207 0.779255 0.011968 0.010638
1 0.232048 0.438830 0.009309 0.017730
1 0.209441 0.443262 0.017287 0.026596