2 0.440824 0.257092 0.019947 0.033688
2 0.806516 0.170213 0.022606 0.023050
2 0.895612 0.133865 0.019947 0.024823
2 0.982713 0.172872 0.013298 0.021277
2 0.681516 0.286348 0.019947 0.031915
2 0.704787 0.098626 0.019947 0.014406
2 0.658245 0.062611 0.011636 0.017730
2 0.708527 0.034907 0.012467 0.013298
2 0.671543 0.150709 0.018285 0.014406
2 0.703541 0.242686 0.024102 0.012190
2 0.707696 0.276485 0.012467 0.015514
2 0.754654 0.258200 0.008311 0.016622
2 0.661569 0.354056 0.019947 0.013298
2 0.688580 0.320811 0.007480 0.022163
2 0.597158 0.380098 0.007480 0.014406
2 0.586353 0.418883 0.010805 0.029920
2 0.570562 0.150709 0.022440 0.014406
2 0.588431 0.157912 0.011636 0.019947
2 0.612118 0.173980 0.015791 0.012190
2 0.601313 0.317487 0.019116 0.013298
2 0.570146 0.315270 0.011636 0.022163
2 0.534408 0.373449 0.006649 0.023271
2 0.489943 0.383976 0.010805 0.024379
2 0.546459 0.391733 0.014129 0.022163
2 0.583860 0.384530 0.017453 0.009973
2 0.578873 0.364029 0.015791 0.013298
2 0.582613 0.336879 0.019947 0.018839
2 0.637051 0.405031 0.014129 0.024379
2 0.544382 0.477061 0.021609 0.022163
2 0.565160 0.582890 0.023271 0.023271
2 0.639960 0.604499 0.023271 0.028812
2 0.603391 0.593972 0.019947 0.014406
2 0.621260 0.518617 0.012467 0.027704
2 0.632480 0.484818 0.008311 0.019947
2 0.632480 0.652704 0.013298 0.021055
2 0.575964 0.657137 0.024934 0.014406
3 0.532330 0.609486 0.010805 0.016622
0 0.683594 0.884309 0.014129 0.021055
0 0.750083 0.779034 0.014129 0.027704
0 0.895944 0.823914 0.014960 0.013298
0 0.669465 0.904809 0.005818 0.015514
0 0.716423 0.440492 0.011636 0.017730
0 0.785821 0.398382 0.012467 0.017730
0 0.945811 0.229388 0.008311 0.016622
0 0.638713 0.328568 0.019116 0.017730
0 0.679854 0.351840 0.003324 0.015514
2 0.634973 0.977394 0.019947 0.016622
2 0.841506 0.520833 0.019116 0.016622
2 0.903424 0.518617 0.008311 0.018839
2 0.869348 0.339096 0.018285 0.014406
2 0.783743 0.456006 0.011636 0.022163
2 0.799119 0.489251 0.009142 0.017730
2 0.699385 0.707558 0.015791 0.028812
2 0.679023 0.693706 0.016622 0.016622
2 0.486203 0.669326 0.016622 0.023271
2 0.425532 0.706449 0.016622 0.019947
2 0.515293 0.566822 0.014960 0.026596
2 0.549368 0.571254 0.014960 0.024379
2 0.685256 0.557402 0.007480 0.014406
2 0.549368 0.964650 0.009973 0.013298
2 0.770445 0.672651 0.021609 0.018839
2 0.825715 0.614473 0.012467 0.011082
2 0.767121 0.576795 0.013298 0.019947
2 0.763797 0.368462 0.019947 0.017730
2 0.828208 0.291999 0.017453 0.013298
2 0.674867 0.177305 0.024934 0.012190
2 0.348238 0.368462 0.016622 0.017730
2 0.311253 0.329122 0.009142 0.021055
2 0.905918 0.416113 0.018285 0.019947
2 0.813664 0.492021 0.018285 0.016622
2 0.893035 0.315824 0.007480 0.021055
2 0.720163 0.877660 0.025765 0.016622
1 0.664062 0.926418 0.008311 0.009973
1 0.599235 0.897606 0.009973 0.007757
1 0.520695 0.897606 0.010805 0.009973
1 0.532746 0.898160 0.003324 0.008865
1 0.489112 0.963542 0.009142 0.011082
1 0.402676 0.722518 0.010805 0.009973
1 0.383976 0.782358 0.004987 0.005541
1 0.314578 0.895390 0.007480 0.014406
1 0.333278 0.764628 0.016622 0.014406
1 0.325382 0.723072 0.009142 0.011082
1 0.730552 0.378989 0.016622 0.018839
1 0.926280 0.406139 0.002493 0.004433
1 0.875166 0.323027 0.011636 0.017730
1 0.944980 0.617797 0.006649 0.011082
1 0.456699 0.192819 0.012467 0.012190
1 0.412234 0.249889 0.006649 0.011082
1 0.292553 0.395058 0.011636 0.028812
1 0.344498 0.528036 0.014129 0.026596
1 0.378989 0.581782 0.011636 0.012190
1 0.395196 0.441600 0.009142 0.011082
1 0.941240 0.291445 0.017453 0.018839
1 0.954122 0.024379 0.009973 0.016622
1 0.970329 0.548537 0.014129 0.007757
1 0.995678 0.631095 0.004987 0.013298
1 0.739694 0.950798 0.008311 0.012190
1 0.964096 0.851618 0.008311 0.011082
1 0.972407 0.813941 0.003324 0.004433
1 0.991938 0.872673 0.007480 0.013298
1 0.989445 0.581782 0.009142 0.016622
1 0.951629 0.590093 0.008311 0.013298
1 0.841922 0.233821 0.004987 0.009973
1 0.721825 0.256538 0.017453 0.008865
1 0.624584 0.181738 0.015791 0.021055
1 0.989943 0.192265 0.020113 0.006649
1 0.969914 0.313608 0.006649 0.012190
1 0.836519 0.270944 0.009142 0.011082
1 0.705618 0.472629 0.016622 0.013298
1 0.722656 0.490359 0.009142 0.004433
1 0.570977 0.424978 0.006649 0.011082
1 0.971576 0.768506 0.019947 0.013298
2 0.242686 0.624446 0.014960 0.019947
2 0.181599 0.613364 0.015791 0.031028
2 0.127992 0.640514 0.013298 0.025488
2 0.059009 0.763520 0.014960 0.027704
2 0.065658 0.854942 0.016622 0.008865
2 0.032414 0.611148 0.013298 0.013298
2 0.133810 0.463763 0.024934 0.022163
2 0.222739 0.548537 0.009973 0.016622
2 0.250166 0.554632 0.008311 0.017730
1 0.144199 0.891512 0.015791 0.013298
1 0.205701 0.850510 0.014129 0.013298
1 0.216922 0.823914 0.008311 0.013298
1 0.035738 0.910350 0.008311 0.015514
1 0.012051 0.749113 0.012467 0.016622
1 0.247257 0.503657 0.014129 0.015514