2 0.888122 0.702401 0.021870 0.087479
2 0.358748 0.353345 0.025729 0.078902
2 0.950482 0.688802 0.017765 0.012252
2 0.942212 0.699420 0.015927 0.022053
2 0.890754 0.884015 0.012252 0.022053
2 0.969779 0.742302 0.008576 0.021237
2 0.991526 0.719840 0.014090 0.030221
2 0.948338 0.781099 0.012252 0.017153
2 0.983562 0.828065 0.011639 0.016336
2 0.982337 0.899534 0.012864 0.017153
2 0.854305 0.636119 0.011639 0.022870
2 0.815098 0.781508 0.012864 0.024504
2 0.646329 0.678183 0.014702 0.023687
2 0.672670 0.577309 0.012252 0.022870
2 0.769460 0.892592 0.013477 0.014702
2 0.739137 0.901576 0.007964 0.017969
2 0.726272 0.798252 0.010414 0.023687
2 0.679715 0.819080 0.010414 0.022870
2 0.695642 0.787634 0.015315 0.018786
2 0.493425 0.895042 0.013477 0.019603
2 0.443192 0.868905 0.008576 0.019603
2 0.431553 0.859920 0.011027 0.027771
2 0.421751 0.886874 0.011027 0.021237
2 0.406436 0.868088 0.014702 0.011435
2 0.389590 0.874622 0.007964 0.024504
2 0.426652 0.760680 0.007351 0.025321
2 0.411950 0.731683 0.017153 0.013069
2 0.353447 0.765989 0.021441 0.016336
2 0.302908 0.639386 0.009802 0.026137
2 0.321592 0.918321 0.018990 0.013885
2 0.283611 0.887283 0.012864 0.022053
2 0.329556 0.794985 0.017765 0.020420
2 0.338438 0.781099 0.012252 0.013885
2 0.501389 0.873805 0.009802 0.022870
2 0.517316 0.710038 0.017153 0.017153
2 0.381320 0.560729 0.009802 0.018786
2 0.321898 0.525606 0.011027 0.023687
2 0.594809 0.295271 0.015315 0.022053
2 0.855530 0.297639 0.020216 0.013069
2 0.928429 0.166953 0.010414 0.021237
2 0.856142 0.099159 0.011639 0.019603
2 0.721371 0.470228 0.011639 0.023687
2 0.508678 0.938495 0.009189 0.026137
2 0.593829 0.625010 0.014090 0.013069
2 0.484787 0.683819 0.022666 0.014702
2 0.546353 0.528629 0.014702 0.013069
2 0.575758 0.462060 0.011027 0.018786
2 0.761190 0.489423 0.007964 0.017969
2 0.825513 0.732010 0.009189 0.022870
2 0.767929 0.789594 0.015315 0.013885
2 0.834701 0.698930 0.009189 0.023687
2 0.938536 0.741648 0.009802 0.019603
2 0.862268 0.833946 0.014090 0.019603
2 0.760271 0.848648 0.012252 0.024504
2 0.542065 0.906477 0.012252 0.013069
2 0.553704 0.899126 0.009802 0.027771
2 0.477742 0.735767 0.009802 0.014702
2 0.492751 0.729641 0.011639 0.012252
2 0.410663 0.683901 0.015315 0.013885
2 0.526137 0.637344 0.020828 0.013885
2 0.495508 0.551989 0.015927 0.006534
2 0.718799 0.907294 0.015315 0.013069
2 0.719105 0.918321 0.015927 0.012252
2 0.671935 0.843992 0.014702 0.017153
2 0.771788 0.654905 0.012252 0.022870
2 0.838377 0.568488 0.011639 0.016336
2 0.574042 0.342726 0.017153 0.014702
2 0.897492 0.619946 0.011027 0.019603
2 0.801928 0.723842 0.015927 0.013069
2 0.660418 0.812056 0.017153 0.013069
2 0.644797 0.819407 0.009189 0.022870
2 0.613861 0.781835 0.012252 0.017969
2 0.634689 0.770808 0.012252 0.018786
2 0.565160 0.865392 0.017765 0.013885
2 0.575574 0.838847 0.011639 0.019603
2 0.570673 0.819244 0.025116 0.013069
2 0.349342 0.943641 0.011027 0.026954
2 0.269093 0.973454 0.009802 0.026137
2 0.201462 0.712897 0.009802 0.019603
2 0.103141 0.737809 0.014090 0.012252
2 0.074961 0.786000 0.016540 0.012252
2 0.060259 0.928122 0.015315 0.013885
2 0.092726 0.931389 0.012864 0.020420
2 0.113248 0.668382 0.011027 0.018786
2 0.088745 0.603447 0.011027 0.021237
2 0.098240 0.612840 0.014090 0.015519
2 0.387997 0.183615 0.012864 0.021237
2 0.461386 0.319121 0.009189 0.020420
2 0.528465 0.498244 0.008576 0.029405
2 0.530609 0.566038 0.016540 0.013069
2 0.732092 0.866863 0.018378 0.017153
2 0.762415 0.955485 0.009189 0.022870
2 0.375807 0.543821 0.017153 0.016336
2 0.382851 0.383321 0.010414 0.018786
2 0.385608 0.244385 0.008576 0.017969
2 0.556951 0.108225 0.007964 0.030221
2 0.618258 0.922527 0.015723 0.031447
2 0.567515 0.927292 0.017153 0.020011
2 0.840242 0.817229 0.014294 0.017153
1 0.634410 0.627597 0.017153 0.011435
1 0.699805 0.636650 0.019297 0.018106
1 0.429951 0.394511 0.013279 0.024346
1 0.461282 0.220716 0.017014 0.023792
1 0.570713 0.124329 0.019089 0.012726
1 0.641592 0.057544 0.014939 0.013279
1 0.701143 0.074697 0.012035 0.022132
1 0.707575 0.116472 0.019089 0.018259
1 0.871618 0.096940 0.010375 0.022132
1 0.924943 0.107453 0.016599 0.016599
1 0.989681 0.072871 0.009960 0.013833
1 0.833439 0.134565 0.012864 0.025452
1 0.775964 0.299342 0.015769 0.018813
1 0.705002 0.348586 0.014939 0.011066
1 0.802731 0.454269 0.020334 0.013279
1 0.814350 0.491064 0.016184 0.019366
1 0.897415 0.926636 0.012864 0.022543
1 0.793212 0.822004 0.016173 0.020093
1 0.848530 0.715658 0.022421 0.022053
1 0.606775 0.828473 0.009356 0.020271
1 0.535728 0.807033 0.012280 0.027288
1 0.574614 0.793388 0.015203 0.023390
1 0.596250 0.800405 0.007017 0.023390
1 0.617008 0.815999 0.008771 0.021831
1 0.539295 0.834789 0.017542 0.011695
0 0.264463 0.208171 0.028068 0.018712
0 0.857833 0.583533 0.016295 0.032018
1 0.882290 0.824957 0.012864 0.021441
1 0.369125 0.192710 0.009005 0.021441
2 0.671762 0.757719 0.014794 0.035163
3 0.553731 0.562178 0.010292 0.019726