0 0.843750 0.330674 0.017287 0.017730
0 0.727394 0.179078 0.013298 0.023050
0 0.375000 0.203014 0.018617 0.014184
0 0.559176 0.514184 0.011968 0.015957
0 0.612367 0.510638 0.014628 0.023050
0 0.676862 0.422872 0.007979 0.014184
0 0.715426 0.404255 0.010638 0.008865
0 0.668218 0.393617 0.003989 0.012411
1 0.654255 0.247340 0.005319 0.007092
1 0.541223 0.675532 0.010638 0.012411
1 0.819814 0.644504 0.006649 0.014184
1 0.579122 0.875887 0.014628 0.012411
1 0.369016 0.823582 0.014628 0.017730
1 0.279255 0.614362 0.010638 0.014184
1 0.746676 0.983156 0.009309 0.014184
1 0.757979 0.535461 0.005319 0.012411
1 0.378324 0.561170 0.009309 0.010638
1 0.553191 0.713652 0.007979 0.010638
1 0.596410 0.767730 0.011968 0.008865
1 0.446809 0.808511 0.013298 0.012411
1 0.943484 0.528369 0.009309 0.008865
1 0.948803 0.500000 0.006649 0.008865
1 0.961436 0.477837 0.007979 0.010638
1 0.553856 0.321809 0.009309 0.014184