0 0.712007 0.405763 0.043225 0.053516
1 0.033762 0.440709 0.018010 0.018296
1 0.223871 0.936306 0.011149 0.014866
1 0.516881 0.201830 0.007290 0.013722
1 0.402816 0.316752 0.011578 0.011435
1 0.538107 0.639966 0.008576 0.010863
1 0.547970 0.703716 0.009434 0.012579
1 0.559162 0.942024 0.009863 0.012579
1 0.255989 0.838250 0.009005 0.013150
1 0.065380 0.362550 0.015437 0.018868
1 0.081246 0.436878 0.010292 0.013150
1 0.063665 0.471469 0.012007 0.011435
2 0.265423 0.744768 0.013293 0.024014
2 0.251915 0.728188 0.012864 0.028588
2 0.203674 0.711035 0.014151 0.019440
2 0.130732 0.706175 0.013722 0.021155
2 0.100500 0.706175 0.008148 0.020011
2 0.114437 0.642996 0.014580 0.018296
2 0.037250 0.675014 0.015437 0.010292
2 0.043039 0.788508 0.015009 0.015437
2 0.084420 0.782790 0.013722 0.025729
2 0.006375 0.790509 0.008576 0.029731
2 0.036607 0.841109 0.013293 0.017724
2 0.214780 0.799657 0.016295 0.025157
2 0.160878 0.891424 0.014151 0.018868
2 0.329831 0.910863 0.012436 0.022298
2 0.282876 0.909720 0.008576 0.025729
2 0.260149 0.921727 0.012864 0.014294
2 0.279017 0.815666 0.006861 0.016009
2 0.278802 0.799657 0.009863 0.012579
2 0.268296 0.779360 0.012864 0.015437
2 0.131589 0.791938 0.011149 0.024585
2 0.121512 0.742767 0.015009 0.013150
2 0.142095 0.735620 0.011578 0.012579
2 0.023528 0.892281 0.008576 0.022870
2 0.074986 0.726758 0.017153 0.012007
2 0.285406 0.708290 0.009005 0.024014
2 0.332790 0.705146 0.019726 0.012007
2 0.369025 0.695140 0.009863 0.022870
2 0.356589 0.702001 0.010720 0.021727
2 0.319711 0.848256 0.017581 0.032018
2 0.345226 0.833390 0.018010 0.020583
2 0.338794 0.858834 0.012007 0.012007
2 0.341581 0.875415 0.015009 0.016581
2 0.359162 0.911435 0.005575 0.016581
2 0.396684 0.930303 0.009434 0.024585
2 0.383391 0.923156 0.012007 0.012579
2 0.379531 0.906575 0.011149 0.017153
2 0.370312 0.874843 0.009863 0.018868
2 0.401186 0.871412 0.013293 0.010863
2 0.399900 0.847970 0.014151 0.010863
2 0.387464 0.835678 0.013293 0.019440
2 0.381675 0.814808 0.015437 0.018868
2 0.375243 0.752487 0.011149 0.022298
2 0.378674 0.717610 0.012007 0.015437
2 0.385106 0.749914 0.008576 0.017153
2 0.401830 0.745912 0.012864 0.018296
2 0.421341 0.792510 0.013293 0.008576
2 0.416624 0.799657 0.023585 0.011435
2 0.419411 0.811950 0.018010 0.010863
2 0.408691 0.820240 0.011149 0.010292
2 0.361735 0.835678 0.007290 0.014866
2 0.442353 0.796226 0.009863 0.022870
2 0.450715 0.765352 0.010292 0.022870
2 0.463150 0.799943 0.022298 0.012007
2 0.461435 0.819668 0.017153 0.012579
2 0.442138 0.818525 0.011149 0.008005
2 0.447713 0.856547 0.012864 0.020011
2 0.434848 0.698399 0.016295 0.012007
2 0.434848 0.594397 0.010292 0.020583
2 0.395612 0.570383 0.014151 0.017153
2 0.433562 0.566953 0.016295 0.012579
2 0.435063 0.550943 0.019297 0.011435
2 0.442996 0.518067 0.015437 0.021155
2 0.416838 0.495769 0.016295 0.010863
2 0.389823 0.533219 0.010292 0.018296
2 0.249471 0.098056 0.013293 0.026872
2 0.531804 0.288908 0.008148 0.029160
2 0.671212 0.109949 0.015437 0.007433
2 0.676572 0.127387 0.009863 0.019440
2 0.686221 0.246655 0.007719 0.022870
2 0.660706 0.259863 0.008148 0.022298
2 0.648914 0.251572 0.012007 0.017153
2 0.654917 0.272727 0.010292 0.020583
2 0.739608 0.288165 0.011578 0.024014
2 0.734463 0.271584 0.012436 0.006861
2 0.797927 0.292739 0.008148 0.022870
2 0.772198 0.275872 0.010720 0.008576
2 0.828931 0.172556 0.012864 0.011435
2 0.897541 0.060892 0.011149 0.016581
2 0.943425 0.157919 0.008576 0.025157
2 0.942567 0.271698 0.011149 0.017153
2 0.922713 0.342596 0.013293 0.011435
2 0.882404 0.412064 0.014151 0.023442
2 0.797070 0.384162 0.007290 0.020011
2 0.774342 0.384448 0.009005 0.022870
2 0.759291 0.419611 0.009434 0.023442
2 0.746212 0.418754 0.009005 0.019440
2 0.738922 0.407318 0.012436 0.012579
2 0.685106 0.400172 0.017153 0.008576
2 0.647584 0.456204 0.017581 0.012007
2 0.571770 0.418468 0.014151 0.009720
2 0.665423 0.332933 0.016724 0.020011
2 0.540423 0.321784 0.012007 0.010292
2 0.529274 0.383533 0.017153 0.016009
2 0.601958 0.512579 0.009863 0.021155
2 0.608819 0.512864 0.008148 0.025157
2 0.615037 0.490280 0.012007 0.020011
2 0.642867 0.521612 0.010720 0.023442
2 0.668168 0.495883 0.009863 0.022298
2 0.648656 0.576215 0.017153 0.014866
2 0.544883 0.502459 0.014580 0.021727
2 0.533305 0.561635 0.015437 0.014294
2 0.480989 0.517610 0.017153 0.021155
2 0.479488 0.572784 0.021870 0.011435
2 0.510620 0.658319 0.015866 0.017153
2 0.472842 0.751858 0.013722 0.022870
2 0.526872 0.736993 0.015437 0.012579
2 0.535234 0.719840 0.009005 0.013722
2 0.592910 0.682104 0.012864 0.009148
2 0.605560 0.633676 0.015866 0.008576
2 0.600843 0.605374 0.010720 0.021727
2 0.585192 0.600800 0.019726 0.014866
2 0.622027 0.520011 0.009005 0.009720
2 0.749943 0.576901 0.007719 0.016009
2 0.749943 0.630932 0.010292 0.024585
2 0.741367 0.664951 0.014580 0.018296
2 0.795612 0.620640 0.015866 0.012007
2 0.813622 0.598914 0.014151 0.014294
2 0.821126 0.582905 0.008576 0.022298
2 0.853759 0.592910 0.009005 0.014866
2 0.883133 0.622527 0.012864 0.010292
2 0.886564 0.644540 0.014580 0.023442
2 0.954746 0.661692 0.017153 0.016581
2 0.978116 0.679417 0.015009 0.017724
2 0.973399 0.694568 0.014151 0.010292
2 0.965037 0.729445 0.016295 0.013722
2 0.921298 0.727444 0.008576 0.023442
2 0.900929 0.736592 0.015866 0.013150
2 0.906718 0.771755 0.013722 0.011435
2 0.927730 0.902287 0.007719 0.021155
2 0.913794 0.915152 0.013293 0.025157
2 0.945097 0.889423 0.011578 0.021727
2 0.888408 0.830818 0.010720 0.014294
2 0.813965 0.730303 0.008148 0.015437
2 0.806246 0.708576 0.009863 0.018868
2 0.775372 0.718868 0.009005 0.017724
2 0.782662 0.733734 0.009863 0.015437
2 0.791023 0.739165 0.012864 0.019440
2 0.802816 0.737736 0.005575 0.012007
2 0.796598 0.754889 0.004288 0.021155
2 0.785449 0.761178 0.012007 0.018868
2 0.791452 0.778330 0.013722 0.012007
2 0.804960 0.792910 0.010720 0.019440
2 0.785449 0.818067 0.008576 0.019440
2 0.753931 0.800629 0.009005 0.024585
2 0.722627 0.710006 0.014151 0.019440
2 0.706118 0.764322 0.012864 0.017153
2 0.681675 0.765466 0.009434 0.024014
2 0.657447 0.697256 0.009005 0.018868
2 0.653802 0.718411 0.008576 0.024585
2 0.664951 0.719554 0.007719 0.018868
2 0.679746 0.712693 0.012436 0.016581
2 0.569154 0.600686 0.010292 0.013722
2 0.607533 0.391081 0.015866 0.010292
2 0.615680 0.677015 0.012436 0.008576
2 0.609891 0.707033 0.006861 0.022870
2 0.622970 0.694168 0.009005 0.010863
2 0.627687 0.709606 0.014151 0.012007
2 0.624686 0.737907 0.015009 0.016009
2 0.651915 0.749914 0.007719 0.020583
2 0.652987 0.774500 0.010720 0.018296
2 0.633476 0.762779 0.012007 0.010863
2 0.588451 0.744197 0.017153 0.009148
2 0.607533 0.737907 0.007290 0.014866
2 0.529703 0.772499 0.012864 0.023442
2 0.508691 0.799657 0.014580 0.012579
2 0.497756 0.823385 0.019297 0.021155
2 0.510406 0.859405 0.012864 0.015437
2 0.490895 0.875986 0.013293 0.028016
2 0.520269 0.877702 0.018010 0.010863
2 0.508905 0.911149 0.017581 0.019440
2 0.502473 0.929731 0.016724 0.013150
2 0.508476 0.899428 0.018439 0.017724
2 0.497970 0.889137 0.012007 0.016581
2 0.560792 0.856261 0.015009 0.014866
2 0.547070 0.806518 0.010720 0.016009
2 0.575157 0.782218 0.012864 0.017724
2 0.648270 0.808805 0.014151 0.016009
2 0.587379 0.910978 0.009005 0.021155
2 0.609677 0.908119 0.011578 0.022298
2 0.660449 0.880846 0.014151 0.008005
2 0.677173 0.857690 0.014151 0.012007
2 0.692610 0.854831 0.005575 0.014294
2 0.703974 0.864837 0.006861 0.018296
2 0.713836 0.847398 0.014580 0.017724
2 0.726487 0.896284 0.017581 0.010292
2 0.714909 0.885134 0.005575 0.024585
2 0.704617 0.895712 0.007290 0.025157
2 0.697756 0.874271 0.008148 0.018868
2 0.687679 0.917724 0.018010 0.018868
2 0.689180 0.896284 0.011578 0.012579
2 0.671598 0.901429 0.005575 0.018296
2 0.675886 0.887707 0.004717 0.022870
2 0.683691 0.877073 0.009005 0.017153
2 0.830989 0.853059 0.006861 0.022870
2 0.942524 0.797256 0.009005 0.017153
2 0.884205 0.713493 0.010720 0.013150
2 0.905861 0.714351 0.010292 0.009148
2 0.983905 0.912293 0.013722 0.009148
2 0.978545 0.300457 0.014151 0.010863
1 0.739437 0.041166 0.016724 0.024014
1 0.787464 0.511264 0.008148 0.019440
1 0.512593 0.417496 0.012436 0.026301
1 0.531032 0.461521 0.011578 0.014866
1 0.568982 0.526129 0.012007 0.016009
1 0.636735 0.681246 0.010292 0.017724
1 0.639737 0.698685 0.014580 0.021727
1 0.550543 0.833333 0.018010 0.012007
1 0.594282 0.804174 0.012864 0.023442
1 0.339909 0.807318 0.012864 0.017153
1 0.122156 0.587136 0.020583 0.022298
1 0.145526 0.870726 0.012436 0.028016
1 0.033605 0.724643 0.020154 0.016009