0 0.940160 0.016844 0.018617 0.021277
0 0.942819 0.225177 0.029255 0.023050
0 0.838431 0.184397 0.009309 0.023050
0 0.888298 0.242908 0.021277 0.015957
0 0.938830 0.317376 0.015957 0.015957
0 0.734707 0.402482 0.017287 0.023050
2 0.663564 0.210106 0.013298 0.031915
2 0.827128 0.453901 0.010638 0.015957
2 0.880319 0.617908 0.015957 0.028369
2 0.140293 0.320922 0.014628 0.026596
2 0.714761 0.195035 0.011968 0.019504
2 0.390957 0.502660 0.015957 0.021277
0 0.512633 0.280142 0.014628 0.026596
0 0.436835 0.695035 0.009309 0.023050
0 0.494016 0.692376 0.014628 0.028369
0 0.630319 0.676418 0.013298 0.017730
0 0.660239 0.849291 0.011968 0.026596
0 0.267952 0.947695 0.014628 0.017730
0 0.363032 0.985816 0.015957 0.015957
0 0.561835 0.856383 0.017287 0.015957
0 0.543218 0.958333 0.022606 0.017730
0 0.819149 0.601064 0.015957 0.023050
0 0.711436 0.576241 0.015957 0.012411
2 0.687500 0.519504 0.013298 0.015957
2 0.646277 0.529255 0.010638 0.017730
0 0.043218 0.336879 0.017287 0.023050
0 0.071144 0.278369 0.014628 0.012411
0 0.294548 0.351064 0.019947 0.019504
0 0.304521 0.288121 0.015957 0.021277
0 0.298537 0.801418 0.009309 0.019504
0 0.813165 0.796099 0.017287 0.015957
1 0.479388 0.754433 0.009309 0.017730
1 0.575133 0.751773 0.009309 0.012411
1 0.621011 0.760638 0.013298 0.012411
1 0.767287 0.542553 0.007979 0.008865