0 0.556516 0.480496 0.019947 0.023050
0 0.722074 0.517730 0.010638 0.019504
2 0.723404 0.661348 0.015957 0.023050
0 0.607713 0.780142 0.018617 0.030142
0 0.787234 0.918440 0.015957 0.023050
0 0.660239 0.984043 0.011968 0.019504
0 0.449468 0.871454 0.013298 0.014184
1 0.644282 0.632092 0.009309 0.021277
1 0.829787 0.569149 0.013298 0.019504
2 0.505984 0.875000 0.014628 0.010638
2 0.648271 0.234043 0.017287 0.015957
1 0.395612 0.230496 0.009309 0.012411
1 0.410904 0.961879 0.007979 0.017730
1 0.398271 0.862589 0.009309 0.017730
1 0.323803 0.708333 0.006649 0.014184
1 0.420878 0.790780 0.006649 0.008865
0 0.951463 0.618794 0.011968 0.023050
0 0.011968 0.956560 0.021277 0.014184