0 0.590426 0.343085 0.015957 0.028369
0 0.603059 0.125000 0.014628 0.031915
0 0.552527 0.726950 0.014628 0.019504
0 0.579787 0.446809 0.018617 0.015957
0 0.770612 0.421986 0.011968 0.015957
0 0.852394 0.599291 0.013298 0.023050
0 0.903590 0.576241 0.014628 0.012411
0 0.954787 0.578901 0.023936 0.017730
0 0.948138 0.632979 0.018617 0.033688
0 0.728059 0.756206 0.022606 0.017730
0 0.619681 0.587766 0.013298 0.024823
0 0.602394 0.593085 0.013298 0.017730
0 0.609043 0.500000 0.007979 0.015957
0 0.317819 0.724291 0.015957 0.017730
0 0.166223 0.041667 0.015957 0.017730
0 0.986037 0.917553 0.011968 0.017730
2 0.618351 0.488475 0.010638 0.035461
2 0.655585 0.589539 0.013298 0.042553
2 0.668218 0.609043 0.019947 0.014184
2 0.748670 0.601950 0.018617 0.010638
2 0.896941 0.515071 0.014628 0.021277
2 0.907580 0.214539 0.009309 0.023050
2 0.422872 0.114362 0.021277 0.024823
2 0.284574 0.148050 0.015957 0.017730
2 0.286569 0.178191 0.022606 0.028369
2 0.263963 0.210106 0.009309 0.017730
2 0.313830 0.236702 0.010638 0.017730
2 0.311170 0.162234 0.010638 0.024823
2 0.216090 0.242021 0.011968 0.014184
2 0.220080 0.077128 0.009309 0.014184
2 0.384973 0.406915 0.022606 0.028369
2 0.392952 0.347518 0.014628 0.023050
2 0.470080 0.185284 0.014628 0.035461
2 0.500000 0.787234 0.010638 0.019504
2 0.515293 0.845745 0.014628 0.040780
2 0.510638 0.914007 0.010638 0.007092
2 0.532580 0.969858 0.011968 0.023050
2 0.611702 0.950355 0.015957 0.019504
2 0.603723 0.809397 0.015957 0.028369
2 0.575798 0.730496 0.007979 0.030142
2 0.591090 0.708333 0.017287 0.024823
2 0.647606 0.677305 0.010638 0.015957
2 0.678191 0.665780 0.010638 0.014184
2 0.900266 0.778369 0.013298 0.015957
2 0.948803 0.539007 0.011968 0.037234
2 0.894947 0.613475 0.010638 0.015957
2 0.958112 0.706560 0.014628 0.024823
2 0.978059 0.663121 0.009309 0.019504
2 0.986037 0.736702 0.006649 0.017730
2 0.939495 0.800532 0.006649 0.017730
2 0.913564 0.923759 0.021277 0.030142
2 0.936835 0.964539 0.017287 0.008865
2 0.890293 0.898050 0.022606 0.017730
2 0.849069 0.875000 0.009309 0.021277
2 0.834441 0.966312 0.017287 0.030142
2 0.757979 0.806738 0.015957 0.026596
2 0.664894 0.737589 0.023936 0.015957
2 0.535239 0.659574 0.035904 0.019504
2 0.634309 0.789007 0.021277 0.012411
2 0.617686 0.733156 0.009309 0.021277
2 0.342420 0.581560 0.014628 0.030142
2 0.287899 0.589539 0.014628 0.021277
2 0.289894 0.688830 0.021277 0.021277
2 0.386303 0.649823 0.014628 0.021277
2 0.396941 0.454787 0.019947 0.014184
1 0.418218 0.476950 0.019947 0.015957
1 0.020612 0.263298 0.011968 0.021277
1 0.145612 0.420213 0.019947 0.015957
1 0.058511 0.564716 0.018617 0.024823
1 0.071144 0.392730 0.011968 0.017730
1 0.061835 0.268617 0.006649 0.007092
1 0.149601 0.600177 0.009309 0.014184
1 0.354388 0.804965 0.014628 0.019504
1 0.486702 0.469858 0.013298 0.019504
1 0.540559 0.563830 0.014628 0.015957
1 0.583777 0.558511 0.007979 0.030142
1 0.641622 0.311170 0.014628 0.017730
1 0.743351 0.215426 0.013298 0.017730
1 0.799867 0.353723 0.011968 0.010638
1 0.827793 0.312057 0.014628 0.015957
1 0.879654 0.144504 0.009309 0.014184
1 0.738032 0.096631 0.007979 0.010638
1 0.601064 0.083333 0.018617 0.023050
1 0.560505 0.409574 0.014628 0.019504
1 0.633644 0.275709 0.014628 0.010638
1 0.817819 0.289007 0.007979 0.019504
1 0.932846 0.188830 0.014628 0.021277
1 0.919548 0.135638 0.009309 0.024823
1 0.948803 0.188830 0.014628 0.028369
1 0.950798 0.247340 0.005319 0.017730
1 0.888298 0.337766 0.010638 0.017730
1 0.810505 0.424645 0.009309 0.007092
1 0.696144 0.521277 0.009309 0.015957
1 0.727394 0.507092 0.007979 0.008865
1 0.773271 0.709220 0.009309 0.012411
1 0.817819 0.737589 0.007979 0.012411
1 0.415559 0.835106 0.011968 0.015957
1 0.498670 0.866135 0.005319 0.007092
1 0.519947 0.809397 0.010638 0.021277
1 0.445479 0.743794 0.023936 0.028369
1 0.454122 0.806738 0.022606 0.026596
1 0.375000 0.847518 0.010638 0.008865
1 0.166888 0.472518 0.003989 0.010638
1 0.325798 0.293440 0.005319 0.014184
1 0.373670 0.174645 0.010638 0.007092
1 0.395612 0.219858 0.006649 0.012411
1 0.454787 0.951241 0.018617 0.031915
1 0.579122 0.843972 0.006649 0.019504