0 0.597739 0.100177 0.019947 0.014184
0 0.571144 0.142730 0.025266 0.017730
0 0.714096 0.295213 0.013298 0.021277
0 0.634309 0.320035 0.015957 0.024823
0 0.733378 0.434397 0.019947 0.033688
0 0.827128 0.043440 0.015957 0.024823
0 0.926862 0.454787 0.013298 0.021277
0 0.670878 0.519504 0.014628 0.023050
0 0.642287 0.477837 0.015957 0.028369
0 0.541888 0.677305 0.017287 0.023050
0 0.599734 0.750887 0.018617 0.014184
0 0.709441 0.956560 0.009309 0.024823
0 0.874335 0.826241 0.019947 0.026596
0 0.711436 0.695035 0.013298 0.015957
0 0.435505 0.843972 0.022606 0.019504
0 0.505984 0.922872 0.011968 0.024823
0 0.523271 0.953901 0.022606 0.019504
0 0.555851 0.215426 0.021277 0.028369
1 0.757979 0.265957 0.013298 0.023050
1 0.514628 0.125887 0.021277 0.019504
1 0.569149 0.412234 0.013298 0.024823
1 0.250665 0.328014 0.009309 0.026596
1 0.343085 0.302305 0.013298 0.007092
1 0.303191 0.395390 0.013298 0.015957
1 0.327128 0.375887 0.015957 0.019504
1 0.369681 0.360816 0.015957 0.017730
1 0.404920 0.331560 0.009309 0.012411
1 0.505319 0.530142 0.010638 0.019504
1 0.680186 0.375887 0.014628 0.015957
1 0.731383 0.545213 0.007979 0.017730
1 0.773271 0.598404 0.014628 0.014184
1 0.992021 0.179965 0.013298 0.024823
1 0.974069 0.206560 0.014628 0.017730
1 0.781250 0.433511 0.011968 0.017730
1 0.869681 0.430851 0.013298 0.015957
1 0.876330 0.777482 0.007979 0.014184
1 0.549867 0.703901 0.017287 0.015957
1 0.530585 0.758865 0.023936 0.019504
1 0.462101 0.664894 0.022606 0.012411
1 0.448138 0.603723 0.015957 0.024823
1 0.417553 0.538121 0.007979 0.010638
2 0.407580 0.622340 0.019947 0.015957
2 0.375665 0.787234 0.019947 0.019504
2 0.293883 0.976950 0.021277 0.040780
2 0.349734 0.953014 0.013298 0.017730
2 0.280585 0.739362 0.015957 0.026596
2 0.250000 0.726950 0.029255 0.019504
2 0.262633 0.786348 0.009309 0.010638
2 0.280585 0.937057 0.015957 0.035461
2 0.168883 0.793440 0.015957 0.035461
1 0.216755 0.531915 0.018617 0.033688
1 0.982048 0.466312 0.011968 0.023050
1 0.242021 0.653369 0.015957 0.031915
2 0.349069 0.539007 0.019947 0.015957
2 0.289894 0.578014 0.015957 0.019504
2 0.315160 0.675532 0.018617 0.019504
2 0.222739 0.582447 0.030585 0.014184
2 0.155585 0.637411 0.021277 0.028369
2 0.170878 0.737589 0.014628 0.015957
2 0.146941 0.741135 0.006649 0.023050
2 0.334441 0.714539 0.017287 0.015957
2 0.343085 0.690603 0.018617 0.021277
2 0.363697 0.708333 0.027926 0.024823
2 0.474069 0.851950 0.022606 0.028369
2 0.527261 0.926418 0.014628 0.028369
2 0.502660 0.968085 0.007979 0.030142
1 0.295878 0.812943 0.011968 0.010638
1 0.969415 0.609043 0.007979 0.014184
1 0.533245 0.232270 0.018617 0.012411
1 0.404255 0.273936 0.015957 0.017730
1 0.272606 0.383865 0.010638 0.017730
1 0.289894 0.226064 0.010638 0.014184
1 0.142287 0.521277 0.013298 0.019504
1 0.172872 0.546099 0.010638 0.015957
2 0.202128 0.600177 0.015957 0.024823
2 0.330452 0.863475 0.011968 0.019504
2 0.311170 0.908688 0.007979 0.017730
2 0.244681 0.848404 0.015957 0.014184
2 0.223404 0.875887 0.010638 0.012411
2 0.259309 0.749113 0.021277 0.024823
2 0.192154 0.858156 0.011968 0.026596
2 0.147606 0.818262 0.013298 0.028369
2 0.115027 0.796986 0.017287 0.028369
2 0.132314 0.725177 0.009309 0.026596
2 0.151596 0.781915 0.013298 0.012411
2 0.164894 0.715426 0.018617 0.014184
2 0.083777 0.710106 0.031915 0.035461
2 0.111702 0.656915 0.021277 0.024823
2 0.111037 0.461879 0.014628 0.017730
2 0.105718 0.628546 0.019947 0.017730
2 0.174202 0.590426 0.013298 0.026596
2 0.187500 0.552305 0.015957 0.014184
2 0.362367 0.580674 0.014628 0.017730
2 0.238697 0.423759 0.030585 0.033688
2 0.118351 0.432624 0.013298 0.023050
2 0.075798 0.396277 0.013298 0.014184
2 0.103059 0.425532 0.011968 0.019504
2 0.156250 0.387411 0.011968 0.017730
2 0.132314 0.394504 0.014628 0.021277
2 0.154255 0.306738 0.013298 0.030142
2 0.232048 0.208333 0.019947 0.028369
2 0.311835 0.149823 0.017287 0.024823
1 0.269947 0.062943 0.010638 0.024823
2 0.223404 0.136525 0.010638 0.015957
2 0.191489 0.183511 0.021277 0.021277
2 0.115027 0.148050 0.011968 0.017730
1 0.688830 0.971631 0.013298 0.019504
2 0.114362 0.109929 0.021277 0.019504
2 0.103723 0.859043 0.023936 0.021277
2 0.050532 0.756206 0.015957 0.028369
2 0.073803 0.760638 0.019947 0.030142
2 0.028590 0.866135 0.019947 0.017730
2 0.066489 0.906915 0.029255 0.028369
2 0.081782 0.843085 0.014628 0.017730
2 0.065824 0.618794 0.022606 0.015957
2 0.047872 0.843972 0.021277 0.015957
2 0.030585 0.804965 0.010638 0.008865
2 0.027926 0.764184 0.015957 0.026596
2 0.068484 0.555851 0.019947 0.028369
2 0.051197 0.413121 0.017287 0.015957
2 0.027926 0.298759 0.029255 0.031915
2 0.042553 0.132979 0.031915 0.019504
2 0.032580 0.365248 0.014628 0.023050
2 0.019282 0.468085 0.014628 0.015957
2 0.013298 0.414894 0.018617 0.019504
2 0.034574 0.505319 0.013298 0.023050
2 0.022606 0.577128 0.015957 0.017730
2 0.046543 0.703014 0.015957 0.024823
2 0.019282 0.734929 0.014628 0.017730
2 0.017287 0.691489 0.018617 0.037234
2 0.252660 0.508865 0.013298 0.015957
2 0.325133 0.588652 0.019947 0.019504
2 0.374335 0.881206 0.017287 0.012411
1 0.414229 0.368794 0.033245 0.037234
1 0.091090 0.887411 0.014628 0.024823
1 0.097739 0.980496 0.011968 0.005319
1 0.852394 0.390957 0.015957 0.031915