0 0.587766 0.100177 0.023936 0.024823
0 0.646277 0.078014 0.010638 0.015957
0 0.765957 0.088652 0.010638 0.026596
0 0.934840 0.438830 0.015957 0.024823
0 0.769947 0.455674 0.015957 0.023050
2 0.569149 0.257979 0.013298 0.035461
2 0.968750 0.722518 0.011968 0.031915
2 0.488697 0.610816 0.022606 0.024823
2 0.749335 0.769504 0.009309 0.023050
3 0.669548 0.685284 0.035904 0.039007
3 0.415559 0.396277 0.019947 0.014184
3 0.199468 0.542553 0.013298 0.012411
3 0.039229 0.635638 0.009309 0.014184
3 0.341755 0.586879 0.007979 0.015957