0 0.465639 0.473635 0.033199 0.065291
1 0.332513 0.423726 0.014939 0.021026
1 0.719153 0.649311 0.011205 0.020473
1 0.705417 0.511094 0.010790 0.022686
1 0.812981 0.439606 0.010790 0.028219
1 0.740442 0.394124 0.010790 0.021579
1 0.664915 0.678913 0.009130 0.014386
1 0.680061 0.748907 0.005395 0.016046
1 0.718115 0.790572 0.009960 0.012173
1 0.899671 0.725834 0.007885 0.019919
1 0.590757 0.913517 0.009545 0.013279
1 0.424016 0.852653 0.014524 0.015493
1 0.344589 0.781276 0.007055 0.013279
1 0.363470 0.702706 0.008300 0.011066
1 0.312220 0.704089 0.007055 0.014939
1 0.313257 0.719028 0.000830 0.001660
1 0.185442 0.737841 0.008300 0.011620
1 0.110123 0.714325 0.005395 0.012173
1 0.110123 0.767166 0.007885 0.010513
1 0.256612 0.952249 0.007055 0.006640
1 0.752684 0.501798 0.010375 0.011620
1 0.419659 0.573507 0.019089 0.014939
1 0.441487 0.655232 0.010790 0.014386
2 0.644248 0.628230 0.014939 0.015493
2 0.703798 0.766835 0.012035 0.022686
2 0.620802 0.819399 0.008715 0.017153
2 0.625367 0.829635 0.016184 0.011066
2 0.495269 0.785370 0.014109 0.014386
2 0.474520 0.835500 0.010790 0.017706
2 0.847009 0.866597 0.012450 0.013279
2 0.967272 0.855530 0.016599 0.028772
2 0.973289 0.875173 0.009545 0.026006
2 0.991341 0.863830 0.008300 0.018813
2 0.274664 0.946716 0.013279 0.012173
2 0.100786 0.399657 0.014939 0.032645
2 0.336289 0.574503 0.012035 0.016046
2 0.383888 0.649809 0.008300 0.023239
2 0.558845 0.631992 0.014109 0.017706
2 0.572747 0.619266 0.013694 0.012173
2 0.765341 0.910751 0.017429 0.018813
2 0.750609 0.908261 0.009545 0.027112
2 0.629060 0.351353 0.008300 0.021026
2 0.537556 0.207492 0.013694 0.013279
2 0.301140 0.206385 0.009960 0.015493
1 0.263584 0.343883 0.018674 0.019366
1 0.192082 0.787030 0.006640 0.008853
1 0.188555 0.842915 0.007885 0.011066
1 0.090826 0.603331 0.012450 0.012173
1 0.305954 0.720799 0.009960 0.011620
1 0.299106 0.732142 0.008715 0.009960
1 0.421527 0.670171 0.009545 0.009960
1 0.888217 0.093122 0.014524 0.013833
1 0.727121 0.275992 0.008715 0.013279
1 0.566273 0.680850 0.009545 0.013833
1 0.532244 0.642118 0.005395 0.011620
1 0.895438 0.470702 0.015354 0.012726
1 0.831530 0.542356 0.017844 0.011066
1 0.928595 0.637083 0.015769 0.015493
1 0.817795 0.631273 0.006640 0.014939
1 0.566356 0.897748 0.006225 0.012726
1 0.846802 0.106402 0.003735 0.012726
1 0.524692 0.288829 0.008715 0.013279
1 0.523447 0.319261 0.031124 0.024346
2 0.598725 0.164610 0.025314 0.011620
2 0.599140 0.135008 0.007885 0.016599
2 0.595197 0.239584 0.009130 0.011066
2 0.754343 0.313008 0.016184 0.017153