1 0.894297 0.132153 0.013449 0.024170
1 0.941077 0.106035 0.007602 0.023390
1 0.952479 0.138001 0.014034 0.015593
1 0.963297 0.213239 0.019297 0.017932
1 0.820034 0.036644 0.016958 0.018712
1 0.576427 0.132933 0.012280 0.024170
1 0.707995 0.209340 0.021636 0.016373
1 0.765301 0.461562 0.011110 0.023390
1 0.731678 0.493139 0.023390 0.017932
1 0.609173 0.644004 0.016958 0.042102
1 0.798281 0.735771 0.022805 0.016373
1 0.810268 0.715110 0.018712 0.018712
1 0.737467 0.816233 0.015788 0.021051
1 0.648877 0.876267 0.016373 0.022610
1 0.474154 0.774521 0.016373 0.017153
1 0.472985 0.650554 0.018712 0.015593
1 0.321651 0.360518 0.014034 0.018712
1 0.290660 0.294246 0.017542 0.017153
1 0.344164 0.589740 0.042687 0.040543
1 0.774306 0.733042 0.015788 0.017153
1 0.929850 0.931078 0.009941 0.017153
2 0.945345 0.894433 0.012864 0.026509
1 0.470236 0.907064 0.012280 0.021831
1 0.961251 0.468891 0.017542 0.021831
1 0.831144 0.347263 0.013449 0.035865
1 0.116287 0.417044 0.007017 0.027288
1 0.021265 0.647045 0.016958 0.019492
2 0.688172 0.612350 0.018712 0.017153
2 0.712732 0.640418 0.017542 0.024949
2 0.902483 0.300094 0.014619 0.013254
2 0.676770 0.338687 0.018127 0.029627
2 0.685541 0.320755 0.012280 0.021831
2 0.321242 0.317246 0.016958 0.014814
1 0.427666 0.125058 0.016958 0.029627