1 0.872684 0.665523 0.014151 0.024014
1 0.624703 0.623763 0.010391 0.024410
1 0.595016 0.630030 0.018307 0.017153
1 0.593284 0.722061 0.015833 0.019132
1 0.654836 0.663016 0.009896 0.021111
1 0.660526 0.641575 0.015338 0.019132
1 0.817027 0.788560 0.011875 0.025729
1 0.922318 0.907112 0.011875 0.018472
1 0.450538 0.114725 0.012370 0.020451
1 0.706172 0.465997 0.010973 0.020684
1 0.411487 0.437796 0.009838 0.019171
1 0.344592 0.959035 0.009838 0.023207
1 0.421400 0.717385 0.007567 0.016144
1 0.691555 0.699728 0.010594 0.011099
1 0.668853 0.778428 0.010594 0.013117
1 0.503885 0.741096 0.009081 0.015135
1 0.917819 0.258803 0.016648 0.017153
1 0.144814 0.531430 0.008324 0.013117
0 0.620106 0.020583 0.016780 0.041166
0 0.926998 0.278285 0.016467 0.030189
0 0.970223 0.240549 0.019554 0.013722
2 0.705749 0.490804 0.009648 0.024300
2 0.941133 0.775014 0.014294 0.023823
2 0.639282 0.699686 0.007504 0.018582
2 0.969283 0.255484 0.010156 0.021667
2 0.951341 0.240137 0.014896 0.019861
2 0.402433 0.602600 0.014219 0.015347
2 0.360116 0.548434 0.006771 0.020764
2 0.371964 0.580031 0.004740 0.017153
2 0.142096 0.784508 0.012187 0.030694
2 0.222669 0.872529 0.016250 0.022569
2 0.035456 0.779092 0.015573 0.016250
2 0.016498 0.698745 0.011510 0.012639
2 0.057461 0.620204 0.014896 0.007222
2 0.505893 0.981484 0.010555 0.006157
2 0.748043 0.778071 0.014844 0.011875
2 0.159256 0.146787 0.018802 0.021771
2 0.374298 0.110014 0.014639 0.016561
2 0.712363 0.643357 0.009896 0.026389
2 0.556505 0.289616 0.010885 0.025069
2 0.724733 0.215068 0.016823 0.010555
2 0.150669 0.957586 0.006927 0.029627
3 0.150943 0.916129 0.014195 0.028982