1 0.658245 0.193262 0.018617 0.030142
1 0.672872 0.248227 0.013298 0.023050
0 0.759309 0.234929 0.021277 0.021277
0 0.748005 0.259752 0.014628 0.028369
0 0.704122 0.670213 0.014628 0.019504
0 0.703457 0.718972 0.018617 0.046099
0 0.928191 0.929078 0.015957 0.015957
0 0.653590 0.803191 0.011968 0.015957
0 0.467420 0.906028 0.017287 0.015957
0 0.605718 0.644504 0.017287 0.028369
0 0.273271 0.923759 0.009309 0.008865
0 0.543883 0.871454 0.026596 0.024823
1 0.507979 0.841312 0.021277 0.024823
1 0.590426 0.749113 0.021277 0.017730
1 0.625665 0.632979 0.014628 0.026596
1 0.542553 0.361702 0.031915 0.040780
1 0.865027 0.704787 0.017287 0.031915
1 0.323803 0.728723 0.014628 0.019504
1 0.140957 0.453014 0.021277 0.017730
1 0.224734 0.592199 0.021277 0.023050
1 0.318484 0.313830 0.017287 0.012411
1 0.305186 0.189716 0.011968 0.012411
1 0.317819 0.226950 0.010638 0.012411
1 0.521277 0.534574 0.013298 0.014184
1 0.549202 0.492021 0.013298 0.010638
1 0.542553 0.575355 0.007979 0.017730
1 0.557181 0.577128 0.010638 0.017730
1 0.619681 0.564716 0.002660 0.010638
1 0.680851 0.544326 0.010638 0.012411
1 0.698803 0.517730 0.006649 0.012411
1 0.831117 0.423759 0.010638 0.019504
1 0.902926 0.335106 0.010638 0.008865
1 0.902261 0.310284 0.011968 0.015957
1 0.068484 0.678191 0.011968 0.014184
1 0.153590 0.606383 0.011968 0.019504
1 0.192154 0.518617 0.009309 0.021277
1 0.169548 0.435284 0.014628 0.014184
1 0.412234 0.629433 0.007979 0.019504
1 0.445479 0.829787 0.013298 0.019504
1 0.444814 0.914007 0.011968 0.014184