1 0.140051 0.014580 0.020583 0.025729
1 0.541810 0.028068 0.018127 0.031187
1 0.752904 0.013644 0.013449 0.027288
1 0.722497 0.143069 0.022805 0.019492
1 0.920610 0.213551 0.016958 0.019492
1 0.925288 0.305551 0.011110 0.028848
1 0.743080 0.254093 0.023975 0.025729
1 0.672618 0.234991 0.015203 0.031187
1 0.944527 0.013254 0.014034 0.015593
1 0.520876 0.216357 0.019297 0.017932
1 0.655660 0.363714 0.021051 0.017932
1 0.661508 0.339155 0.011695 0.024949
1 0.727058 0.411664 0.011110 0.034305
1 0.800737 0.515593 0.015788 0.027288
1 0.753664 0.554577 0.014034 0.044441
1 0.904237 0.296429 0.014619 0.023390
1 0.922365 0.677452 0.014619 0.025729
1 0.865059 0.849368 0.012280 0.024949
1 0.811262 0.970996 0.016958 0.023390
1 0.737876 0.964759 0.019881 0.015593
1 0.630107 0.995634 0.020466 0.008732
1 0.523098 0.948386 0.015788 0.017153
1 0.528945 0.873538 0.016958 0.026509
1 0.558475 0.823640 0.015203 0.014034
1 0.630984 0.722673 0.017542 0.025729
1 0.666069 0.662249 0.022220 0.020271
1 0.645603 0.879386 0.014034 0.021051
1 0.395915 0.894589 0.024559 0.021831
1 0.209262 0.858724 0.019881 0.018712
1 0.160143 0.911742 0.016373 0.015593
1 0.079156 0.862623 0.019297 0.018712
1 0.056643 0.809995 0.028068 0.025729
1 0.058689 0.673164 0.012280 0.028068
1 0.329429 0.622486 0.022805 0.023390
1 0.351064 0.701232 0.022805 0.021831
1 0.549704 0.618353 0.011695 0.027288
1 0.591572 0.511929 0.019881 0.018712
1 0.448367 0.770232 0.013449 0.046000
1 0.727468 0.499532 0.009356 0.030407
1 0.514326 0.418837 0.019297 0.018712
1 0.230313 0.391159 0.028068 0.036644
1 0.807461 0.284890 0.012864 0.018712
1 0.818279 0.347263 0.012280 0.018712
1 0.807169 0.444722 0.015788 0.021831
1 0.500585 0.745283 0.016373 0.024170
1 0.341240 0.939810 0.016958 0.020271
1 0.622505 0.945267 0.027483 0.035865
1 0.441817 0.866911 0.009941 0.024170
1 0.187919 0.888352 0.028653 0.028068
2 0.054011 0.747622 0.019297 0.050678
2 0.598963 0.576478 0.013424 0.038780
2 0.685491 0.349019 0.020695 0.011932
2 0.712059 0.377358 0.012305 0.023865
2 0.762902 0.132001 0.016220 0.008949
1 0.629503 0.071594 0.008949 0.016407
1 0.850716 0.909315 0.012864 0.014170
1 0.634089 0.699754 0.012305 0.021627
1 0.575080 0.794839 0.012864 0.014915
1 0.415057 0.350585 0.016780 0.014170
1 0.546778 0.123425 0.009509 0.014170
1 0.991666 0.031695 0.015102 0.021627