0 0.663275 0.391776 0.018080 0.016225
0 0.661293 0.459228 0.014255 0.027815
0 0.794632 0.363729 0.008345 0.029669
0 0.625829 0.632238 0.016341 0.025034
2 0.696757 0.365213 0.014951 0.022252
2 0.754474 0.242826 0.015646 0.020398
2 0.950223 0.545872 0.012169 0.023643
0 0.741852 0.942747 0.019471 0.029669
0 0.606254 0.879931 0.018080 0.024570
0 0.653887 0.780956 0.021557 0.017616
0 0.615294 0.768207 0.013212 0.026424
0 0.531396 0.823142 0.013560 0.024106
2 0.484777 0.271779 0.013880 0.022118
0 0.476551 0.047080 0.016927 0.021215
2 0.282533 0.046598 0.012007 0.026872
0 0.468963 0.323535 0.020849 0.021293