0 0.296543 0.809397 0.026596 0.031915
0 0.765957 0.161348 0.021277 0.015957
0 0.892952 0.026596 0.017287 0.023050
0 0.958112 0.120567 0.011968 0.030142
0 0.962766 0.240248 0.021277 0.024823
0 0.882979 0.420213 0.018617 0.019504
0 0.868351 0.717199 0.010638 0.014184
0 0.937500 0.775709 0.013298 0.021277
0 0.952128 0.832447 0.015957 0.028369
0 0.963431 0.695922 0.014628 0.017730
1 0.561170 0.841312 0.021277 0.014184
1 0.643617 0.896277 0.026596 0.014184
1 0.579787 0.905142 0.013298 0.014184
1 0.460771 0.608156 0.011968 0.026596
1 0.956782 0.330674 0.006649 0.014184
1 0.754654 0.706560 0.014628 0.017730
1 0.652261 0.513298 0.014628 0.021277
1 0.874335 0.783688 0.011968 0.012411
1 0.880319 0.800532 0.013298 0.031915
2 0.954787 0.913121 0.021277 0.033688
2 0.886303 0.872340 0.025266 0.023050
2 0.906915 0.829787 0.031915 0.030142
1 0.478723 0.335993 0.013298 0.017730
1 0.319814 0.328901 0.009309 0.014184
1 0.277926 0.393617 0.015957 0.015957
1 0.420213 0.528369 0.018617 0.019504
1 0.458112 0.531915 0.014628 0.023050
1 0.252660 0.570922 0.013298 0.015957
1 0.251330 0.468085 0.007979 0.012411