1 0.547444 0.539554 0.019554 0.012350
1 0.719880 0.367341 0.019039 0.019211
1 0.467324 0.773310 0.011835 0.019897
1 0.520326 0.956844 0.006690 0.013722
1 0.188010 0.708130 0.016981 0.015780
1 0.373105 0.559383 0.011321 0.017153
1 0.977427 0.802813 0.007204 0.013036
1 0.335386 0.016329 0.015952 0.019211
1 0.070943 0.328302 0.013379 0.011664
1 0.037753 0.650978 0.010806 0.019211
2 0.756775 0.424288 0.013379 0.042539
2 0.753482 0.591355 0.027787 0.017153
2 0.905540 0.698662 0.021098 0.024014
2 0.885472 0.709297 0.012864 0.024700
2 0.856398 0.831424 0.019554 0.021955
2 0.939760 0.851870 0.021612 0.020583
2 0.878268 0.960274 0.009777 0.023328
2 0.753276 0.856947 0.007204 0.024700
2 0.745557 0.945455 0.013379 0.017839
2 0.679177 0.927273 0.013379 0.032247
2 0.580120 0.703328 0.011835 0.021269
2 0.309348 0.890635 0.015952 0.030875
2 0.289537 0.896467 0.012350 0.024700
2 0.281818 0.872453 0.014408 0.032933
2 0.275129 0.945866 0.014408 0.041166
2 0.235866 0.689949 0.015952 0.023328
2 0.024374 0.760961 0.013894 0.028130
1 0.337702 0.463671 0.010292 0.021955
1 0.403568 0.468816 0.009262 0.017153
1 0.574408 0.533310 0.013379 0.018525
1 0.496192 0.081304 0.015437 0.017153
2 0.487702 0.296329 0.013894 0.011664
2 0.602453 0.417633 0.020069 0.014408
2 0.430738 0.393962 0.012350 0.021955
2 0.372847 0.237873 0.012864 0.010292