0 0.819156 0.750273 0.032746 0.024170
3 0.782610 0.726103 0.015788 0.014814
0 0.711562 0.818494 0.019881 0.015593
0 0.708054 0.415640 0.016373 0.017932
2 0.636130 0.459691 0.010525 0.017153
3 0.818279 0.325355 0.013449 0.019492
1 0.854241 0.269219 0.016373 0.014814
1 0.348082 0.316311 0.016373 0.013254
1 0.263469 0.236785 0.011110 0.021051
0 0.034422 0.572977 0.017542 0.014814
1 0.257504 0.681117 0.009941 0.012475
1 0.875965 0.419383 0.007811 0.009802
1 0.671056 0.550711 0.008300 0.012726
1 0.572996 0.546561 0.007055 0.008853