2 0.518617 0.268617 0.015957 0.031915
2 0.748005 0.232270 0.017287 0.023050
2 0.649601 0.319149 0.009309 0.023050
2 0.830452 0.836879 0.033245 0.019504
2 0.314495 0.043440 0.017287 0.028369
2 0.304521 0.627660 0.018617 0.019504
2 0.382979 0.587766 0.010638 0.024823
2 0.567154 0.535461 0.019947 0.019504
2 0.855718 0.543440 0.014628 0.021277
2 0.937500 0.538121 0.010638 0.021277
2 0.440824 0.842199 0.027926 0.040780
2 0.352394 0.822695 0.018617 0.037234
2 0.458112 0.617908 0.009309 0.014184
1 0.425532 0.396277 0.015957 0.021277
1 0.477394 0.054078 0.013298 0.021277
1 0.526596 0.146277 0.013298 0.017730
1 0.238032 0.120567 0.010638 0.012411
1 0.250000 0.130319 0.013298 0.028369
1 0.399601 0.170213 0.011968 0.015957
1 0.255319 0.251773 0.018617 0.023050
1 0.220745 0.268617 0.023936 0.035461
1 0.303856 0.290780 0.017287 0.033688
1 0.336436 0.280142 0.010638 0.012411
1 0.364362 0.298759 0.013298 0.031915
1 0.361702 0.389184 0.007979 0.017730
1 0.339096 0.388298 0.007979 0.015957
1 0.324468 0.427305 0.010638 0.019504
1 0.234707 0.336879 0.017287 0.019504
1 0.107048 0.390071 0.011968 0.012411
1 0.215426 0.579787 0.015957 0.015957
1 0.142287 0.527482 0.015957 0.024823
1 0.120346 0.505319 0.011968 0.019504
1 0.559176 0.298759 0.014628 0.014184
1 0.577793 0.115248 0.009309 0.015957
1 0.781915 0.143617 0.015957 0.012411
1 0.975399 0.585993 0.011968 0.021277
1 0.989362 0.696809 0.007979 0.015957
1 0.990027 0.752660 0.009309 0.010638
1 0.920213 0.749113 0.007979 0.021277
1 0.650931 0.789894 0.011968 0.017730
1 0.522606 0.910461 0.013298 0.014184
1 0.408245 0.788121 0.005319 0.014184
1 0.462766 0.845745 0.010638 0.015957
1 0.500000 0.600177 0.007979 0.014184
1 0.514628 0.630319 0.010638 0.010638
1 0.625665 0.606383 0.011968 0.015957
1 0.347739 0.517730 0.011968 0.023050
2 0.717420 0.960106 0.014628 0.031915
2 0.851064 0.438830 0.007979 0.021277
2 0.766622 0.210106 0.009309 0.021277
2 0.357713 0.624113 0.015957 0.019504
2 0.453457 0.649823 0.021277 0.021277
2 0.471410 0.746454 0.017287 0.023050
2 0.494681 0.742908 0.007979 0.037234
2 0.476729 0.782801 0.017287 0.010638
2 0.289229 0.717199 0.022606 0.031915
2 0.304521 0.667553 0.021277 0.017730
2 0.247340 0.762411 0.013298 0.026596
2 0.319814 0.797872 0.006649 0.019504
2 0.341090 0.730496 0.014628 0.026596
2 0.018617 0.547872 0.010638 0.015957
2 0.064495 0.515957 0.017287 0.026596
2 0.060505 0.565603 0.011968 0.012411
2 0.107713 0.765071 0.015957 0.028369
2 0.218750 0.808511 0.022606 0.019504
2 0.361702 0.764184 0.010638 0.026596
2 0.198803 0.695035 0.025266 0.040780
2 0.160904 0.615248 0.039894 0.054965