1 0.186364 0.041166 0.020583 0.024014
1 0.081604 0.456175 0.012864 0.026587
1 0.354653 0.526501 0.010935 0.019726
1 0.341145 0.583105 0.014794 0.023156
1 0.284220 0.705746 0.018010 0.021441
1 0.542667 0.607890 0.021870 0.015437
2 0.184520 0.843825 0.028302 0.026587
2 0.036900 0.706604 0.028945 0.023156
2 0.109584 0.553516 0.023799 0.041166
2 0.338894 0.966895 0.027015 0.015437
2 0.310592 0.890995 0.011578 0.030017
2 0.241123 0.932161 0.023156 0.019726
2 0.477058 0.808662 0.025729 0.023156
2 0.477637 0.955317 0.012221 0.023156
2 0.499828 0.945883 0.021870 0.040309
2 0.501758 0.839537 0.012864 0.031732
2 0.535527 0.910292 0.017367 0.013722
2 0.526844 0.870840 0.011578 0.024014
2 0.513979 0.909434 0.011578 0.018868
2 0.535206 0.837393 0.007719 0.022298
2 0.524593 0.792796 0.016081 0.020583
2 0.624614 0.807804 0.011578 0.033448
2 0.649378 0.829674 0.008362 0.027444
2 0.630725 0.939880 0.014794 0.012864
2 0.610785 0.988336 0.013508 0.015437
2 0.590523 0.982762 0.014151 0.016295
2 0.667067 0.941166 0.011578 0.022298
2 0.995819 0.859262 0.008362 0.024871
2 0.995176 0.831818 0.009648 0.026587
2 0.970412 0.848971 0.010292 0.026587
2 0.928924 0.923156 0.013508 0.025729
2 0.851093 0.960034 0.012221 0.024014
2 0.916059 0.779760 0.018654 0.015437
2 0.926672 0.764751 0.016724 0.016295
2 0.942753 0.751029 0.018010 0.012864
2 0.993568 0.711578 0.012864 0.024871
2 0.970733 0.550086 0.010935 0.020583
2 0.966231 0.533791 0.018654 0.015437
2 0.915094 0.515780 0.011578 0.027444
2 0.810570 0.768868 0.012221 0.021441
2 0.677423 0.682676 0.010935 0.022298
2 0.673563 0.599914 0.014794 0.021441
2 0.687714 0.609348 0.016081 0.014580
2 0.563894 0.566038 0.015437 0.018868
2 0.369833 0.591767 0.018654 0.020583
2 0.311621 0.685249 0.016724 0.020583
2 0.400000 0.813808 0.011578 0.033448
2 0.381346 0.808662 0.014151 0.016295
2 0.438915 0.988336 0.017367 0.017153
2 0.654074 0.792367 0.016724 0.012864
2 0.552766 0.966038 0.012221 0.022298
2 0.686557 0.739623 0.017367 0.015437
2 0.309177 0.176244 0.014151 0.019726
2 0.413958 0.347084 0.009648 0.019726
2 0.907697 0.900000 0.016081 0.013722
2 0.089001 0.645283 0.016081 0.015437
2 0.239194 0.798370 0.018010 0.011149
2 0.005746 0.829245 0.011492 0.023156
2 0.388937 0.845540 0.019297 0.012864
2 0.332333 0.878130 0.007719 0.018010
2 0.467153 0.741767 0.019297 0.023156
2 0.486449 0.518782 0.014151 0.026587
2 0.917989 0.616123 0.014794 0.015437
1 0.722127 0.692882 0.011578 0.021441
1 0.793203 0.710034 0.010935 0.012864
1 0.496355 0.906432 0.014151 0.012864
1 0.452294 0.921012 0.009648 0.009434
1 0.452616 0.933448 0.007719 0.012007
1 0.168825 0.881990 0.020583 0.018868
1 0.160142 0.811235 0.012221 0.018010
1 0.153388 0.709605 0.011578 0.013722
1 0.118975 0.814666 0.007075 0.014580
1 0.081668 0.857118 0.012221 0.015437
1 0.032140 0.956604 0.009648 0.015437
1 0.183619 0.924014 0.014151 0.013722
1 0.158212 0.657290 0.010935 0.015437
1 0.104824 0.650000 0.012221 0.014580
1 0.047256 0.616123 0.014151 0.013722
1 0.627058 0.435163 0.015437 0.017153
1 0.599464 0.843396 0.008362 0.017153
1 0.516488 0.689022 0.012221 0.013722
1 0.951437 0.193825 0.010935 0.022298
2 0.093825 0.052744 0.010292 0.021441
2 0.236943 0.243568 0.012221 0.013722
2 0.243696 0.082333 0.018010 0.015437
2 0.332783 0.251201 0.010935 0.012864
2 0.560227 0.887136 0.014794 0.012007
1 0.754931 0.779931 0.010292 0.013722
1 0.838872 0.739623 0.008362 0.012007
1 0.749271 0.512350 0.011578 0.013722
1 0.882290 0.895283 0.007719 0.014580
1 0.028859 0.793654 0.010292 0.013722
2 0.160399 0.852401 0.010935 0.021441
1 0.394854 0.226244 0.007719 0.013722
1 0.526715 0.234391 0.007719 0.012864
1 0.988100 0.651286 0.009648 0.015437
1 0.346033 0.695626 0.009648 0.012864
1 0.343461 0.834563 0.009648 0.012864
1 0.498799 0.883276 0.011578 0.012864