0 0.479820 0.592574 0.016648 0.047422
1 0.749823 0.520936 0.009081 0.017153
1 0.736959 0.578448 0.015135 0.021189
1 0.616638 0.708102 0.010594 0.024216
1 0.678312 0.702553 0.015891 0.019171
1 0.694582 0.594592 0.012108 0.019171
1 0.381823 0.620018 0.011351 0.025224
1 0.663934 0.805670 0.014378 0.013117
1 0.730148 0.837958 0.018162 0.019171
1 0.851226 0.199677 0.012108 0.023207
1 0.562532 0.021088 0.021945 0.023207
1 0.931818 0.598527 0.020432 0.018162
1 0.912900 0.481485 0.014378 0.022198
1 0.342700 0.740793 0.015135 0.016144
1 0.088815 0.534961 0.011351 0.014126
1 0.126652 0.532439 0.014378 0.011099
1 0.806200 0.789022 0.008324 0.018162
1 0.605566 0.920450 0.008523 0.012628
1 0.638205 0.264857 0.009838 0.011099
2 0.920846 0.823832 0.012108 0.025224
2 0.962914 0.959509 0.014034 0.014554
2 0.981626 0.962628 0.010915 0.014554
2 0.916719 0.893757 0.014424 0.015074
2 0.910676 0.854514 0.009356 0.021831
2 0.887676 0.823328 0.008576 0.022870
2 0.908922 0.778627 0.015203 0.017672
2 0.865456 0.796559 0.024170 0.019232
2 0.895668 0.895317 0.013644 0.016113
2 0.930363 0.945215 0.008186 0.020271
2 0.940498 0.869588 0.015203 0.008316
2 0.975389 0.821768 0.006237 0.014554
2 0.885337 0.925984 0.013254 0.010915
2 0.885142 0.940797 0.012085 0.012475
2 0.874617 0.916368 0.009746 0.018712
2 0.882998 0.871667 0.006237 0.018712
2 0.840311 0.922605 0.009746 0.008316
2 0.859998 0.938458 0.010915 0.020271
2 0.781447 0.837881 0.016763 0.009356
2 0.723166 0.872966 0.007017 0.015074
2 0.700166 0.884921 0.007797 0.028588
2 0.626098 0.933001 0.023390 0.024949
1 0.628398 0.801757 0.014424 0.015074
1 0.542830 0.815531 0.010915 0.021831
1 0.534253 0.802017 0.009356 0.009356
1 0.497999 0.823588 0.007017 0.017153
1 0.543570 0.655595 0.007407 0.011955
1 0.484511 0.651177 0.013254 0.012475
1 0.302887 0.522896 0.015983 0.019752
1 0.509655 0.376787 0.005068 0.009876
1 0.692876 0.323146 0.020661 0.012994
1 0.842455 0.442435 0.007017 0.013514
1 0.797040 0.307292 0.005847 0.010396
2 0.713538 0.344457 0.017542 0.025469
2 0.808267 0.345236 0.008186 0.019752
1 0.746284 0.469723 0.016763 0.009876
1 0.692292 0.458028 0.014814 0.019752
1 0.943617 0.122148 0.005847 0.012475
1 0.994295 0.103956 0.007407 0.013514
1 0.970905 0.674931 0.005847 0.012994
1 0.031525 0.105515 0.009356 0.012475
1 0.006185 0.342274 0.009356 0.015074
1 0.099511 0.430116 0.006237 0.010915
1 0.173385 0.483393 0.008186 0.013514
1 0.478390 0.412184 0.008186 0.009356
1 0.317077 0.389833 0.008186 0.007277
1 0.719034 0.180103 0.010915 0.012994
1 0.711238 0.046780 0.009356 0.009356
2 0.819455 0.471126 0.026509 0.027028
2 0.876956 0.511149 0.013644 0.022870
2 0.949660 0.559489 0.015593 0.017672
2 0.765074 0.585477 0.017542 0.018712
2 0.703480 0.677478 0.023000 0.022870
2 0.773455 0.799418 0.013254 0.013514
2 0.997245 0.789022 0.005510 0.023910
2 0.540725 0.856853 0.010136 0.023390
2 0.361791 0.844119 0.015593 0.022870
2 0.262462 0.858932 0.007797 0.019232
2 0.260318 0.945995 0.014424 0.018712
2 0.792167 0.806903 0.012475 0.036384
2 0.358010 0.330423 0.007407 0.015074
2 0.255873 0.600239 0.025339 0.011435
1 0.658649 0.469463 0.012085 0.011435
1 0.668395 0.473621 0.008186 0.023910
1 0.677946 0.471282 0.010915 0.007797
1 0.606996 0.507511 0.010136 0.012475
3 0.617132 0.491398 0.010136 0.014554
2 0.538503 0.714538 0.014424 0.016113
2 0.471256 0.646447 0.009356 0.015074
2 0.393095 0.718956 0.012864 0.023910
2 0.411807 0.712459 0.018322 0.025469
2 0.824328 0.973024 0.013644 0.013514