0 0.275266 0.328014 0.018617 0.026596
1 0.547872 0.491135 0.013298 0.015957
0 0.746011 0.156915 0.015957 0.024823
0 0.801862 0.062057 0.013298 0.019504
0 0.529920 0.085106 0.014628 0.019504
1 0.571809 0.227837 0.010638 0.014184
1 0.755984 0.404255 0.006649 0.015957
1 0.780585 0.500887 0.010638 0.028369
0 0.795213 0.608156 0.018617 0.026596
0 0.549202 0.815603 0.023936 0.030142
0 0.627660 0.706560 0.013298 0.021277
0 0.788564 0.740248 0.015957 0.014184
0 0.958112 0.530142 0.022606 0.019504
1 0.908910 0.109043 0.011968 0.021277
1 0.805851 0.093085 0.010638 0.017730
1 0.890293 0.089539 0.009309 0.014184
1 0.420878 0.310284 0.011968 0.015957
1 0.392952 0.369681 0.011968 0.024823
1 0.419548 0.385638 0.009309 0.007092
1 0.479388 0.321809 0.006649 0.007092
1 0.583112 0.410461 0.011968 0.017730
1 0.552527 0.397163 0.006649 0.015957
1 0.658245 0.465426 0.010638 0.017730
1 0.633644 0.518617 0.011968 0.017730
1 0.642287 0.593972 0.010638 0.019504
1 0.833777 0.753546 0.005319 0.015957
1 0.821144 0.761525 0.006649 0.014184