1 0.060505 0.529255 0.019947 0.021277
1 0.623670 0.032801 0.007979 0.014184
1 0.490027 0.953901 0.014628 0.030142
1 0.307181 0.676418 0.010638 0.014184
1 0.213431 0.645390 0.011968 0.015957
1 0.160904 0.629433 0.010638 0.012411
1 0.351064 0.512411 0.010638 0.012411
1 0.413564 0.523050 0.013298 0.015957
1 0.424202 0.628546 0.007979 0.017730
1 0.460106 0.716312 0.007979 0.019504
1 0.783910 0.976950 0.014628 0.023050
1 0.889628 0.913121 0.013298 0.019504
1 0.951463 0.925532 0.009309 0.012411
1 0.958112 0.843972 0.006649 0.015957
1 0.960771 0.588652 0.022606 0.015957
1 0.829787 0.520390 0.010638 0.010638
1 0.791223 0.525709 0.015957 0.014184
1 0.748005 0.489362 0.011968 0.015957
1 0.777926 0.639184 0.010638 0.010638
1 0.493351 0.878546 0.018617 0.031915
1 0.331782 0.937943 0.011968 0.012411
1 0.047207 0.716312 0.014628 0.019504
1 0.093750 0.675532 0.009309 0.015957
1 0.096410 0.622340 0.017287 0.019504
1 0.066489 0.593085 0.018617 0.010638
1 0.035904 0.539007 0.015957 0.019504
1 0.027261 0.467199 0.014628 0.017730
1 0.555186 0.456560 0.006649 0.010638
1 0.650931 0.387411 0.003989 0.010638
1 0.688830 0.323582 0.013298 0.010638
1 0.702793 0.289894 0.011968 0.010638
1 0.796543 0.692376 0.007979 0.014184
1 0.829787 0.691489 0.002660 0.008865
1 0.585771 0.605496 0.011968 0.010638
1 0.620346 0.581560 0.014628 0.012411
1 0.476064 0.504433 0.010638 0.017730
1 0.373005 0.554965 0.009309 0.008865