2 0.090558 0.183222 0.022220 0.015593
2 0.913301 0.932013 0.017542 0.020271
2 0.920318 0.845860 0.009356 0.021051
2 0.848102 0.915640 0.011110 0.023390
2 0.325335 0.876267 0.016958 0.016373
2 0.249610 0.914860 0.008186 0.018712
2 0.231775 0.908233 0.014619 0.021051
2 0.192889 0.658740 0.014034 0.031966
2 0.053427 0.628333 0.025144 0.025729
2 0.268907 0.585841 0.016373 0.009356
2 0.755594 0.698113 0.011110 0.015593
2 0.560872 0.800250 0.013449 0.014034
2 0.576953 0.580929 0.017542 0.011695
2 0.541868 0.609387 0.015203 0.018712
2 0.606015 0.392406 0.008771 0.019492
2 0.525203 0.307422 0.013449 0.016373
2 0.374103 0.520895 0.019297 0.021051
2 0.009570 0.759317 0.009941 0.014814
2 0.111024 0.815063 0.018712 0.026509
2 0.453922 0.879775 0.019881 0.029627
2 0.460354 0.894199 0.009356 0.028848
2 0.482574 0.889521 0.018712 0.024170
2 0.922072 0.588570 0.023390 0.014814
2 0.356035 0.717215 0.014034 0.021051
2 0.446963 0.953844 0.019297 0.034305
2 0.707232 0.883564 0.009459 0.013117
2 0.026435 0.595752 0.021945 0.017657
2 0.395798 0.356271 0.008324 0.012108
2 0.414905 0.315659 0.008702 0.011603
1 0.512221 0.461558 0.009459 0.014630
1 0.578625 0.467864 0.007567 0.014126
1 0.946738 0.744224 0.006432 0.006054
1 0.956954 0.748764 0.008702 0.006054
1 0.958657 0.767935 0.006054 0.013117
1 0.932361 0.752548 0.007189 0.010594
1 0.923847 0.770709 0.006054 0.010594
1 0.383501 0.828978 0.009459 0.007063
1 0.355880 0.849914 0.006432 0.006558
1 0.439499 0.810564 0.005676 0.007567
1 0.473174 0.805015 0.007946 0.007567
1 0.429094 0.812582 0.003784 0.012612
1 0.392808 0.730703 0.010216 0.017153
2 0.404916 0.686308 0.018540 0.019171
1 0.626602 0.747099 0.009081 0.013621
1 0.763987 0.688326 0.007189 0.009081
1 0.786311 0.695389 0.006432 0.009081
1 0.815823 0.720109 0.005676 0.007063
1 0.809580 0.731208 0.004540 0.008072
1 0.996544 0.721875 0.006912 0.013621
1 0.908713 0.683786 0.007567 0.006054
1 0.888281 0.697911 0.004540 0.008072
1 0.950333 0.773333 0.006811 0.012612
1 0.835309 0.797044 0.004540 0.007567
1 0.779311 0.651751 0.004540 0.007567
1 0.736177 0.642165 0.005297 0.010594
1 0.840228 0.478559 0.006054 0.007063
1 0.758311 0.421350 0.007189 0.012108
1 0.434959 0.509131 0.007946 0.012108
1 0.303098 0.551256 0.018162 0.009585
1 0.204646 0.287004 0.009838 0.011603
1 0.021706 0.306074 0.008702 0.012612
1 0.026057 0.526788 0.009081 0.012108
1 0.125757 0.632227 0.014000 0.018162
1 0.143540 0.679397 0.007946 0.012612
1 0.056705 0.678640 0.008324 0.011099
1 0.195566 0.789577 0.006811 0.014630
1 0.125568 0.764958 0.011351 0.015639
1 0.742307 0.820704 0.010594 0.015135
1 0.691984 0.953436 0.009081 0.012612
1 0.736253 0.974876 0.009081 0.011099
1 0.975305 0.963778 0.012864 0.015135
1 0.080920 0.902179 0.011351 0.018666
1 0.088488 0.825497 0.005297 0.010594
1 0.028138 0.639088 0.010216 0.010090
1 0.003191 0.540208 0.006382 0.015135
1 0.229240 0.321511 0.014378 0.010594
1 0.666406 0.077187 0.008324 0.010090
1 0.330454 0.107204 0.007946 0.013621
1 0.401284 0.202300 0.004162 0.008072
1 0.520962 0.156089 0.006054 0.008072
1 0.672195 0.700383 0.005676 0.008576
1 0.701519 0.708455 0.006054 0.008576
1 0.656114 0.679195 0.006054 0.009585
1 0.471471 0.695339 0.006054 0.010594
1 0.532502 0.847997 0.005676 0.006558
1 0.467233 0.789224 0.005297 0.010090
1 0.511881 0.938553 0.007567 0.009081
1 0.385317 0.782161 0.005676 0.009081
1 0.486719 0.724549 0.007946 0.009081
1 0.536058 0.741197 0.006432 0.009081
1 0.570679 0.667289 0.006811 0.008576
1 0.575976 0.683685 0.006054 0.007063
1 0.632580 0.562405 0.009081 0.012108
1 0.647526 0.611038 0.004162 0.009081
1 0.837958 0.506457 0.006054 0.010594
1 0.788770 0.538442 0.006811 0.007567
1 0.696448 0.539703 0.008324 0.007063
1 0.493265 0.443144 0.007567 0.010090
1 0.417592 0.381092 0.004540 0.010090
1 0.357810 0.377056 0.007567 0.008072
1 0.314184 0.454445 0.004919 0.009081
1 0.249672 0.520280 0.006054 0.010594
1 0.309833 0.513218 0.007567 0.007567
1 0.281077 0.546262 0.006054 0.011099
1 0.140021 0.696398 0.005297 0.008072
1 0.083077 0.259409 0.009459 0.008072
2 0.111265 0.364343 0.007567 0.021189
2 0.392165 0.331601 0.007567 0.014630
2 0.662887 0.293563 0.013243 0.010594
2 0.647753 0.248663 0.007946 0.007567
2 0.685778 0.262284 0.007567 0.009585
2 0.851882 0.206992 0.007567 0.009585
2 0.562241 0.404298 0.011729 0.011099
2 0.044219 0.355211 0.007567 0.014630
2 0.184215 0.313086 0.009081 0.008072
2 0.200673 0.097871 0.008702 0.016144
2 0.088488 0.152356 0.008324 0.014126
2 0.032868 0.229795 0.010594 0.014630
2 0.036084 0.730653 0.019297 0.023711
2 0.303022 0.972606 0.010594 0.013621
2 0.181188 0.770911 0.013621 0.028756