1 0.515279 0.525761 0.025729 0.017788
1 0.536958 0.650912 0.010959 0.025411
1 0.685376 0.630265 0.019059 0.019694
1 0.704434 0.533384 0.018106 0.015247
1 0.743028 0.503843 0.014294 0.024776
1 0.680373 0.326155 0.013817 0.030494
1 0.547630 0.287402 0.022394 0.013976
1 0.803539 0.161489 0.013341 0.021600
1 0.932993 0.950321 0.014770 0.023505
1 0.332555 0.900642 0.010959 0.031129
1 0.135728 0.007941 0.011435 0.015882
2 0.786613 0.547497 0.009802 0.031855
2 0.916789 0.269052 0.016540 0.032672
2 0.708783 0.684795 0.020432 0.017153
2 0.663379 0.996569 0.018918 0.006861
1 0.495119 0.824387 0.017783 0.010594
1 0.721103 0.439203 0.000715 0.000953
2 0.657958 0.595504 0.014702 0.011639
2 0.296925 0.592196 0.008270 0.020216
2 0.418678 0.818304 0.011946 0.009802
1 0.227089 0.940211 0.010108 0.013477