1 0.553409 0.916295 0.010935 0.018868
1 0.659413 0.417667 0.016081 0.020583
1 0.848842 0.067324 0.018010 0.021441
1 0.487543 0.287736 0.010935 0.014580
1 0.608276 0.629674 0.016724 0.017153
1 0.277015 0.703002 0.007719 0.018010
1 0.326865 0.702144 0.009648 0.012864
1 0.306282 0.779760 0.009648 0.012007
1 0.527873 0.678988 0.009005 0.016295
1 0.014065 0.939880 0.007719 0.023156
1 0.131132 0.406346 0.018010 0.024014
1 0.151715 0.737393 0.011578 0.013722
1 0.075815 0.711664 0.009005 0.012007
1 0.158791 0.783705 0.007719 0.010292
1 0.154288 0.839022 0.007719 0.011149
1 0.562736 0.830875 0.009005 0.015437
1 0.454545 0.470583 0.011578 0.016295
1 0.499571 0.590223 0.014151 0.010635
1 0.495390 0.517925 0.010935 0.019726
1 0.466445 0.533362 0.009648 0.014580
1 0.533662 0.619983 0.011578 0.012864
1 0.518225 0.634563 0.009005 0.014580
1 0.495069 0.640995 0.005146 0.010292
2 0.473842 0.765352 0.011578 0.020583
2 0.341660 0.700600 0.017367 0.038593
2 0.591874 0.351201 0.008362 0.023156
2 0.716338 0.311063 0.015437 0.012864
2 0.921205 0.929588 0.012221 0.030017
2 0.456797 0.784820 0.012221 0.014580
2 0.347963 0.648027 0.008362 0.022298
2 0.057804 0.600943 0.012864 0.011149
2 0.070154 0.399571 0.011578 0.031732
2 0.385656 0.783362 0.017367 0.013722
2 0.575729 0.786278 0.011578 0.012007
2 0.610785 0.867753 0.007075 0.013722
2 0.812114 0.868611 0.013508 0.012007
2 0.553538 0.654631 0.008362 0.021441
2 0.606925 0.765695 0.014794 0.015437
2 0.930532 0.242453 0.009005 0.019726
2 0.557075 0.241424 0.010292 0.011149
2 0.149786 0.441252 0.010292 0.011149
1 0.425086 0.790223 0.007719 0.006861
1 0.113443 0.532847 0.009648 0.011149
1 0.018568 0.453945 0.010292 0.012864
1 0.558877 0.134563 0.006432 0.014580