1 0.304521 0.203901 0.018617 0.008865
1 0.581117 0.167553 0.010638 0.014184
1 0.662899 0.183511 0.009309 0.021277
1 0.783245 0.255319 0.018617 0.019504
1 0.728059 0.120567 0.011968 0.012411
1 0.802527 0.145390 0.003989 0.008865
1 0.557181 0.301418 0.007979 0.023050
1 0.630319 0.401596 0.010638 0.021277
1 0.527926 0.476950 0.010638 0.012411
1 0.454122 0.429965 0.009309 0.010638
1 0.250000 0.345745 0.010638 0.023050
1 0.059840 0.617021 0.018617 0.019504
1 0.256649 0.898050 0.018617 0.028369
1 0.448803 0.896277 0.017287 0.021277
1 0.539229 0.927305 0.011968 0.019504
1 0.593750 0.772163 0.025266 0.017730
1 0.680186 0.917553 0.022606 0.014184
1 0.684840 0.978723 0.010638 0.019504
3 0.922872 0.906915 0.018617 0.035461
2 0.950798 0.826241 0.007979 0.023050
2 0.936170 0.691489 0.010638 0.015957
2 0.462101 0.553191 0.019947 0.033688
2 0.359707 0.639184 0.009309 0.021277
2 0.595745 0.234929 0.023936 0.021277
2 0.283910 0.539894 0.014628 0.021277
2 0.380319 0.806738 0.015957 0.015957
2 0.667553 0.649823 0.007979 0.017730
2 0.305186 0.820035 0.017287 0.024823