0 0.443010 0.448542 0.019297 0.022298
2 0.546569 0.331904 0.023156 0.022298
2 0.710592 0.258148 0.019297 0.025729
2 0.576801 0.114923 0.014151 0.027444
2 0.545926 0.784734 0.016724 0.032590
0 0.410206 0.882504 0.018010 0.022298
0 0.215309 0.915952 0.016724 0.030875
0 0.223027 0.873928 0.024443 0.029160
0 0.861106 0.897084 0.019297 0.027444
0 0.954374 0.865352 0.015437 0.025729
2 0.729888 0.852487 0.024443 0.020583
2 0.519554 0.530875 0.020583 0.022298
1 0.291852 0.781304 0.018010 0.022298
2 0.644340 0.933962 0.018010 0.022298