1 0.322473 0.250887 0.017287 0.021277
1 0.777926 0.825355 0.015957 0.056738
1 0.721410 0.631206 0.009309 0.030142
1 0.855053 0.590426 0.013298 0.023050
1 0.936170 0.056738 0.010638 0.023050
1 0.821809 0.042553 0.018617 0.019504
1 0.588431 0.081560 0.011968 0.015957
1 0.256649 0.939716 0.013298 0.033688
1 0.609043 0.862589 0.018617 0.024823
1 0.742021 0.518617 0.021277 0.021277
1 0.771941 0.531915 0.017287 0.026596
1 0.644947 0.628546 0.021277 0.024823
1 0.825133 0.836879 0.006649 0.015957
1 0.843085 0.189716 0.013298 0.023050
2 0.801197 0.254433 0.011968 0.028369
2 0.754654 0.423759 0.014628 0.015957
2 0.608378 0.539007 0.011968 0.026596
2 0.398271 0.609043 0.019947 0.039007
2 0.403590 0.661348 0.014628 0.023050
2 0.325133 0.796986 0.019947 0.028369
2 0.355053 0.711879 0.013298 0.021277
2 0.705452 0.554965 0.019947 0.033688
2 0.510638 0.339539 0.037234 0.035461
2 0.519282 0.130319 0.011968 0.021277
2 0.496011 0.161348 0.007979 0.015957
2 0.574468 0.115248 0.013298 0.012411
2 0.728059 0.142730 0.011968 0.014184
2 0.618351 0.226064 0.021277 0.028369
2 0.458777 0.369681 0.013298 0.031915
2 0.466755 0.266844 0.021277 0.017730
2 0.382314 0.179965 0.017287 0.017730
2 0.434176 0.265957 0.011968 0.019504
2 0.430851 0.220745 0.026596 0.014184
2 0.511303 0.211879 0.027926 0.010638
2 0.504654 0.609043 0.014628 0.042553
2 0.545878 0.636525 0.011968 0.012411
2 0.559840 0.596631 0.021277 0.014184
2 0.585106 0.604610 0.023936 0.033688
2 0.516622 0.513298 0.019947 0.017730
2 0.519282 0.463652 0.011968 0.024823
2 0.736037 0.664007 0.014628 0.035461
2 0.606383 0.653369 0.010638 0.028369
2 0.619681 0.671986 0.021277 0.015957
2 0.583777 0.685284 0.023936 0.021277
1 0.551862 0.726950 0.010638 0.015957
1 0.529255 0.715426 0.010638 0.010638
1 0.466755 0.647163 0.015957 0.015957
1 0.475399 0.720745 0.009309 0.014184
1 0.523271 0.829787 0.017287 0.015957
1 0.414229 0.877660 0.011968 0.023050
1 0.745346 0.210993 0.009309 0.026596
1 0.736037 0.102837 0.009309 0.030142
1 0.759973 0.125887 0.014628 0.019504
1 0.782580 0.091312 0.014628 0.014184
1 0.809840 0.081560 0.013298 0.019504
1 0.825798 0.120567 0.010638 0.015957
1 0.821144 0.140957 0.014628 0.028369
1 0.799202 0.118794 0.018617 0.023050
1 0.801197 0.167553 0.011968 0.014184
1 0.858378 0.132979 0.014628 0.012411
2 0.863032 0.090426 0.021277 0.023050
2 0.885638 0.193262 0.013298 0.023050
2 0.789894 0.447695 0.010638 0.028369
2 0.832447 0.417553 0.013298 0.014184
2 0.805851 0.425532 0.015957 0.023050
2 0.453457 0.488475 0.007979 0.014184
2 0.462101 0.520390 0.017287 0.021277
2 0.331117 0.421099 0.023936 0.014184
2 0.176862 0.366135 0.029255 0.024823
2 0.217420 0.326241 0.022606 0.019504
2 0.248670 0.343972 0.018617 0.015957
2 0.230053 0.257979 0.021277 0.017730
2 0.264628 0.321809 0.010638 0.014184
2 0.452128 0.572695 0.013298 0.019504
2 0.569149 0.556738 0.018617 0.015957
2 0.597074 0.570922 0.023936 0.023050
2 0.545878 0.811170 0.017287 0.031915
2 0.371676 0.833333 0.017287 0.015957
2 0.430186 0.928191 0.009309 0.021277
2 0.404920 0.860816 0.011968 0.028369
2 0.468085 0.931738 0.007979 0.024823
2 0.250665 0.701241 0.014628 0.024823
2 0.599069 0.900709 0.014628 0.033688
2 0.617021 0.939716 0.007979 0.008865
2 0.652261 0.862589 0.014628 0.046099
2 0.843750 0.499113 0.011968 0.028369
2 0.652261 0.559397 0.022606 0.010638
2 0.613032 0.606383 0.021277 0.015957
2 0.674867 0.606383 0.025266 0.015957
2 0.667553 0.638298 0.010638 0.015957
2 0.179521 0.660461 0.018617 0.017730
1 0.204787 0.537234 0.013298 0.015957
1 0.098404 0.552305 0.015957 0.010638
1 0.036569 0.541667 0.009309 0.010638
1 0.167553 0.537234 0.007979 0.012411
1 0.241356 0.401596 0.025266 0.010638
1 0.257314 0.497340 0.011968 0.014184
1 0.331117 0.609043 0.010638 0.021277
1 0.368351 0.620567 0.013298 0.019504
1 0.212766 0.698582 0.010638 0.015957
1 0.279920 0.671099 0.011968 0.010638
1 0.545878 0.396277 0.006649 0.017730
1 0.547872 0.360816 0.013298 0.021277
1 0.618351 0.393617 0.010638 0.008865
1 0.660239 0.234929 0.009309 0.014184
1 0.628324 0.263298 0.011968 0.007092
1 0.573803 0.179078 0.006649 0.005319
1 0.360372 0.043440 0.013298 0.028369
1 0.117021 0.137411 0.026596 0.024823
1 0.014628 0.223404 0.029255 0.040780
1 0.030585 0.387411 0.018617 0.017730
1 0.011303 0.406028 0.014628 0.033688
1 0.056516 0.401596 0.006649 0.010638
1 0.190160 0.391844 0.031915 0.019504
1 0.262633 0.187943 0.019947 0.015957
1 0.430851 0.610816 0.015957 0.024823
1 0.454122 0.684397 0.017287 0.033688
1 0.520612 0.656915 0.006649 0.010638
1 0.942154 0.602837 0.017287 0.033688
1 0.968085 0.781915 0.018617 0.023050
1 0.847074 0.743794 0.015957 0.014184
1 0.887633 0.758865 0.011968 0.019504
1 0.917553 0.849291 0.010638 0.019504
1 0.940160 0.881206 0.013298 0.019504
1 0.892287 0.992465 0.026596 0.015070
1 0.914894 0.920213 0.015957 0.019504
1 0.702793 0.874113 0.019947 0.019504
1 0.704122 0.923759 0.027926 0.015957
1 0.563165 0.990248 0.014628 0.014184