0 0.334305 0.234134 0.012864 0.025729
2 0.705446 0.032590 0.011578 0.027444
2 0.931218 0.273585 0.018010 0.015437
1 0.938937 0.330189 0.012864 0.022298
0 0.888765 0.633791 0.015437 0.022298
2 0.859820 0.728988 0.019297 0.034305
1 0.733748 0.662950 0.016724 0.025729
0 0.792925 0.667238 0.019297 0.027444
0 0.621184 0.619211 0.012864 0.024014
1 0.449443 0.801029 0.021870 0.017153
2 0.379974 0.504288 0.016724 0.024014
2 0.187650 0.565180 0.033448 0.036021
0 0.185720 0.444254 0.021870 0.027444
2 0.059648 0.508576 0.021870 0.022298
1 0.015909 0.951115 0.011578 0.015437
1 0.089237 0.881647 0.011578 0.017153
1 0.721527 0.437393 0.010292 0.013722