1 0.225399 0.513298 0.019947 0.017730
1 0.432181 0.432624 0.015957 0.023050
1 0.488032 0.470745 0.015957 0.028369
2 0.480053 0.037234 0.018617 0.040780
1 0.654920 0.031915 0.017287 0.019504
1 0.775266 0.157801 0.010638 0.019504
1 0.826463 0.162234 0.011968 0.014184
1 0.824468 0.197695 0.018617 0.024823
1 0.809176 0.369681 0.017287 0.024823
1 0.814495 0.494681 0.011968 0.015957
2 0.373005 0.526596 0.025266 0.023050
2 0.222074 0.784574 0.021277 0.028369
2 0.329122 0.625887 0.017287 0.019504
2 0.539229 0.419326 0.011968 0.021277
2 0.563830 0.401596 0.010638 0.028369
2 0.916888 0.515071 0.014628 0.031915
2 0.597739 0.595745 0.022606 0.015957
2 0.480053 0.607270 0.010638 0.035461
2 0.303191 0.342199 0.018617 0.019504
2 0.341755 0.262411 0.026596 0.023050
2 0.272606 0.213652 0.018617 0.017730
2 0.692154 0.126773 0.017287 0.028369
2 0.595745 0.117908 0.021277 0.014184
2 0.615691 0.236702 0.018617 0.035461
2 0.579122 0.238475 0.011968 0.014184
2 0.371676 0.470745 0.025266 0.028369
1 0.597074 0.949468 0.007979 0.024823
1 0.549867 0.656028 0.009309 0.012411
1 0.505319 0.607270 0.015957 0.014184
1 0.611037 0.503546 0.011968 0.026596
1 0.650931 0.557624 0.014628 0.024823
0 0.193484 0.635638 0.019947 0.024823
0 0.222074 0.666667 0.015957 0.019504
0 0.090426 0.365248 0.015957 0.019504
0 0.696144 0.645390 0.011968 0.023050
0 0.801862 0.748227 0.018617 0.019504
0 0.819814 0.765071 0.025266 0.017730
0 0.522606 0.716312 0.007979 0.015957
0 0.551862 0.749113 0.007979 0.014184
0 0.605718 0.726064 0.011968 0.010638
0 0.795878 0.913121 0.017287 0.015957
0 0.797872 0.984929 0.013298 0.010638
0 0.043218 0.389184 0.009309 0.010638
0 0.019947 0.445922 0.010638 0.014184
2 0.055186 0.403369 0.014628 0.031915
1 0.290559 0.406028 0.006649 0.012411
1 0.326463 0.373227 0.022606 0.010638
1 0.340426 0.411348 0.007979 0.015957
1 0.380984 0.218085 0.006649 0.005319
1 0.406250 0.219858 0.006649 0.012411
1 0.506649 0.177305 0.007979 0.008865
1 0.563165 0.151596 0.009309 0.007092
1 0.690824 0.265071 0.009309 0.014184
1 0.881649 0.295213 0.015957 0.017730
1 0.950133 0.587766 0.009309 0.017730
3 0.494681 0.836879 0.013298 0.019504
3 0.470080 0.830674 0.009309 0.017730
3 0.482713 0.813830 0.007979 0.019504
1 0.555851 0.908688 0.013298 0.014184
2 0.590426 0.930851 0.007979 0.033688
2 0.229388 0.900709 0.009309 0.030142
2 0.265957 0.752660 0.018617 0.021277
1 0.126330 0.730496 0.013298 0.023050
2 0.113032 0.659574 0.026596 0.015957
2 0.158910 0.521277 0.014628 0.012411
2 0.212766 0.416667 0.010638 0.015957
2 0.253989 0.585993 0.018617 0.017730
2 0.198803 0.601064 0.011968 0.015957
2 0.229388 0.566489 0.017287 0.021277
2 0.071144 0.583333 0.009309 0.019504
2 0.071809 0.519504 0.005319 0.015957
2 0.117686 0.410461 0.006649 0.010638
2 0.154920 0.343972 0.017287 0.015957
1 0.461436 0.620567 0.010638 0.023050
3 0.563165 0.519504 0.009309 0.019504
1 0.164894 0.465426 0.010638 0.014184
3 0.299867 0.807624 0.014628 0.017730
3 0.204122 0.715426 0.014628 0.021277
3 0.044548 0.683511 0.011968 0.021277
0 0.305851 0.541667 0.026596 0.074468
1 0.718085 0.368794 0.010638 0.026596
1 0.760638 0.080674 0.021277 0.035461
1 0.525931 0.359929 0.017287 0.026596
1 0.578457 0.439716 0.013298 0.023050
1 0.414894 0.627660 0.010638 0.015957
1 0.422872 0.657801 0.018617 0.012411
1 0.658245 0.852837 0.010638 0.015957
1 0.838431 0.086879 0.019947 0.019504
1 0.967420 0.458333 0.009309 0.024823
1 0.063830 0.689716 0.010638 0.015957
1 0.073138 0.609043 0.013298 0.014184
1 0.130984 0.523936 0.006649 0.017730
1 0.320479 0.753546 0.010638 0.015957
1 0.375665 0.609043 0.009309 0.014184