2 0.382979 0.664007 0.021277 0.028369
2 0.419548 0.634752 0.017287 0.033688
2 0.458112 0.632092 0.011968 0.021277
2 0.505984 0.650709 0.011968 0.033688
2 0.693484 0.650709 0.014628 0.015957
2 0.725399 0.629433 0.014628 0.015957
2 0.745346 0.273050 0.011968 0.030142
2 0.447473 0.443262 0.011968 0.019504
2 0.446809 0.496454 0.013298 0.012411
2 0.433511 0.555851 0.023936 0.017730
2 0.204122 0.295213 0.011968 0.017730
2 0.440160 0.536348 0.005319 0.014184
2 0.484043 0.828901 0.013298 0.035461
0 0.051197 0.374113 0.019947 0.019504
0 0.041888 0.546986 0.009309 0.017730
0 0.448803 0.693262 0.017287 0.015957
0 0.447473 0.828901 0.014628 0.021277
0 0.642952 0.836879 0.017287 0.019504
0 0.559840 0.907801 0.018617 0.023050
0 0.743351 0.905142 0.018617 0.017730
0 0.970745 0.525709 0.018617 0.021277
0 0.982048 0.773936 0.011968 0.021277
0 0.628989 0.573582 0.018617 0.031915
0 0.732048 0.460106 0.011968 0.017730
0 0.896941 0.623227 0.014628 0.021277
1 0.206782 0.620567 0.009309 0.008865
1 0.830452 0.668440 0.006649 0.008865
1 0.408245 0.148936 0.010638 0.012411