2 0.468739 0.595197 0.163379 0.373928
2 0.749057 0.486106 0.010292 0.019897
2 0.706655 0.039108 0.021612 0.008233
2 0.975369 0.344974 0.013379 0.023328
1 0.388095 0.647843 0.019297 0.025069
1 0.604714 0.388508 0.016328 0.016493
1 0.332877 0.449532 0.025234 0.021111
1 0.120268 0.147574 0.027107 0.018990
0 0.824277 0.215266 0.016540 0.044107
0 0.755511 0.408869 0.015247 0.038117
1 0.764802 0.310400 0.015723 0.020329
1 0.712868 0.393304 0.016676 0.017153
1 0.784575 0.636935 0.020011 0.019059
1 0.734547 0.682676 0.011435 0.017788
1 0.808398 0.822438 0.010482 0.017788
1 0.714059 0.842767 0.016200 0.022870
2 0.634680 0.646909 0.008576 0.032399
1 0.541143 0.117686 0.012150 0.018106
1 0.129596 0.245497 0.010050 0.020369
2 0.126179 0.377895 0.013669 0.032161