0 0.351064 0.152482 0.015957 0.026005
0 0.359043 0.342790 0.015957 0.028369
0 0.436170 0.100473 0.013298 0.030733
0 0.475399 0.167849 0.011968 0.028369
0 0.365027 0.009456 0.017287 0.018912
0 0.133644 0.014184 0.019947 0.023641
0 0.077128 0.157210 0.007979 0.011820
0 0.016622 0.122931 0.014628 0.028369
0 0.026596 0.059102 0.013298 0.018913
0 0.023271 0.274232 0.009309 0.028369
0 0.053856 0.284870 0.011968 0.011820
0 0.160904 0.281324 0.015957 0.023641
0 0.195479 0.249409 0.013298 0.021277
0 0.299202 0.198582 0.015957 0.028369
0 0.452128 0.236407 0.015957 0.023641
0 0.509309 0.144208 0.015957 0.023641
0 0.545878 0.113475 0.017287 0.023641
0 0.609043 0.050827 0.010638 0.026005
0 0.621676 0.088652 0.017287 0.030733
0 0.674202 0.014184 0.015957 0.009456
0 0.644947 0.086288 0.015957 0.021277
0 0.708112 0.088652 0.011968 0.021277
0 0.777261 0.047281 0.014628 0.018913
0 0.781915 0.101655 0.015957 0.028369
0 0.815824 0.080378 0.011968 0.014184
0 0.878989 0.107565 0.010638 0.011820
0 0.833112 0.243499 0.011968 0.023641
0 0.763963 0.231678 0.011968 0.014184
0 0.614362 0.242317 0.015957 0.011820
0 0.268617 0.299054 0.010638 0.007092
0 0.275266 0.328605 0.015957 0.023641
0 0.416888 0.515366 0.014628 0.033097
0 0.470080 0.369976 0.011968 0.021277
0 0.627660 0.332151 0.010638 0.021277
0 0.614362 0.449173 0.021277 0.023641
0 0.753324 0.273050 0.014628 0.026005
0 0.772606 0.261229 0.021277 0.016548
0 0.750665 0.326241 0.014628 0.018913
0 0.718750 0.341608 0.009309 0.021277
0 0.792553 0.313239 0.021277 0.011820
0 0.837766 0.326241 0.010638 0.014184
0 0.805186 0.390071 0.014628 0.028369
0 0.764628 0.347518 0.015957 0.028369
0 0.736702 0.348700 0.015957 0.021277
0 0.890293 0.354610 0.011968 0.009456
0 0.544548 0.333333 0.011968 0.018913
0 0.571809 0.469267 0.013298 0.021277
0 0.525266 0.404255 0.010638 0.018913
0 0.440160 0.477541 0.015957 0.023641
0 0.492686 0.562648 0.014628 0.033097
0 0.308511 0.496454 0.018617 0.018913
0 0.684176 0.600473 0.011968 0.033097
0 0.732713 0.721040 0.013298 0.018913
0 0.605718 0.891253 0.009309 0.028369
0 0.579787 0.832151 0.010638 0.018913
0 0.571809 0.784870 0.010638 0.023641
0 0.553191 0.816785 0.007979 0.030733
0 0.574468 0.938534 0.013298 0.023641
0 0.359707 0.835697 0.006649 0.030733
0 0.309176 0.794326 0.006649 0.033097
0 0.281915 0.774232 0.007979 0.016548
0 0.341755 0.728132 0.013298 0.023641
0 0.410904 0.693853 0.013298 0.021277
0 0.809840 0.718676 0.013298 0.018913
1 0.805851 0.757683 0.013298 0.021277
1 0.832447 0.810875 0.010638 0.028369
1 0.866356 0.787234 0.009309 0.014184
1 0.815824 0.946809 0.009309 0.026005
1 0.774601 0.991726 0.009309 0.016548
1 0.732713 0.920804 0.010638 0.016548
1 0.684840 0.971631 0.013298 0.028369
0 0.609707 0.713948 0.011968 0.023641
0 0.627660 0.682033 0.007979 0.026005
0 0.614362 0.754137 0.010638 0.014184
0 0.570479 0.725768 0.007979 0.023641
0 0.583112 0.695035 0.009309 0.018913
0 0.644282 0.495272 0.011968 0.016548
0 0.646941 0.540189 0.014628 0.026005
0 0.736037 0.531915 0.011968 0.018913
0 0.736702 0.576832 0.021277 0.023641
0 0.823803 0.488180 0.017287 0.016548
0 0.812500 0.521277 0.013298 0.026005
0 0.662234 0.514184 0.018617 0.026005
0 0.382979 0.813239 0.015957 0.018913
0 0.466755 0.890071 0.013298 0.026005
0 0.315824 0.395981 0.011968 0.016548
0 0.315824 0.456265 0.017287 0.014184
1 0.176862 0.796690 0.015957 0.018913
1 0.166888 0.880615 0.009309 0.021277
1 0.170213 0.957447 0.013298 0.009456
1 0.388963 0.949173 0.009309 0.016548
1 0.455452 0.978723 0.014628 0.018913
1 0.666888 0.878251 0.017287 0.016548
1 0.120346 0.437352 0.009309 0.023641
1 0.258644 0.369976 0.006649 0.021277
1 0.268617 0.374704 0.010638 0.026005
1 0.373670 0.599291 0.010638 0.021277
1 0.448803 0.557920 0.009309 0.014184
1 0.419548 0.626478 0.014628 0.014184
1 0.470745 0.710402 0.007979 0.026005
1 0.500000 0.716312 0.013298 0.023641
1 0.513963 0.671395 0.011968 0.014184
1 0.534574 0.595745 0.015957 0.023641
1 0.581117 0.650118 0.010638 0.018913
1 0.685505 0.843972 0.009309 0.018913
1 0.699468 0.724586 0.010638 0.016548
1 0.767287 0.646572 0.013298 0.011820
1 0.736037 0.648936 0.009309 0.016548
1 0.450798 0.736407 0.013298 0.021277
1 0.357713 0.776596 0.013298 0.011820
1 0.515293 0.806147 0.017287 0.014184
1 0.115027 0.819149 0.009309 0.021277
1 0.109707 0.867612 0.003989 0.018913
1 0.043883 0.699764 0.010638 0.023641
1 0.071809 0.699764 0.010638 0.018913
1 0.012633 0.591017 0.009309 0.023641
1 0.057846 0.476359 0.009309 0.011820
1 0.033910 0.622931 0.006649 0.016548
1 0.109043 0.664303 0.007979 0.018913
1 0.204787 0.650118 0.010638 0.023641
1 0.255984 0.452719 0.011968 0.021277
1 0.283245 0.459811 0.007979 0.021277
1 0.248670 0.611111 0.007979 0.011820
1 0.223404 0.651300 0.010638 0.011820
1 0.331117 0.547281 0.007979 0.007092
1 0.684176 0.332151 0.006649 0.021277
1 0.680851 0.444444 0.007979 0.023641
1 0.615691 0.823877 0.010638 0.021277
1 0.643617 0.790780 0.007979 0.007092
1 0.670878 0.774232 0.003989 0.007092
1 0.410904 0.981087 0.015957 0.018913