1 0.934840 0.716312 0.013298 0.026596
1 0.961436 0.064716 0.018617 0.017730
1 0.547872 0.111702 0.026596 0.012411
1 0.856383 0.261525 0.015957 0.021277
1 0.710771 0.066489 0.014628 0.017730
1 0.544548 0.055851 0.014628 0.042553
1 0.645612 0.757092 0.022606 0.030142
1 0.682846 0.731383 0.019947 0.049645
1 0.864362 0.615248 0.010638 0.019504
1 0.563830 0.434397 0.015957 0.015957
1 0.501330 0.572695 0.018617 0.023050
1 0.459441 0.515071 0.017287 0.024823
1 0.428191 0.273050 0.007979 0.026596
1 0.291223 0.626773 0.013298 0.024823
1 0.167553 0.720745 0.023936 0.017730
1 0.098404 0.624113 0.015957 0.023050
1 0.185505 0.521277 0.014628 0.023050
1 0.148936 0.471631 0.007979 0.008865
1 0.184176 0.595745 0.027926 0.023050
1 0.217420 0.631206 0.027926 0.026596
1 0.623670 0.952128 0.021277 0.030142
2 0.628324 0.871454 0.019947 0.035461
2 0.661569 0.884752 0.025266 0.040780
2 0.825798 0.527482 0.013298 0.028369
2 0.873670 0.488475 0.010638 0.017730
2 0.107713 0.242908 0.021277 0.040780
2 0.052527 0.295213 0.009309 0.024823
1 0.179521 0.296099 0.007979 0.012411
1 0.402261 0.313830 0.019947 0.012411
1 0.531250 0.135638 0.019947 0.014184
1 0.552527 0.514184 0.014628 0.015957
1 0.581782 0.471631 0.017287 0.005319
1 0.692154 0.459220 0.009309 0.015957
1 0.781250 0.383865 0.006649 0.010638
1 0.783245 0.420213 0.010638 0.012411
1 0.757979 0.462766 0.002660 0.008865
1 0.706117 0.719858 0.018617 0.030142
1 0.621676 0.807624 0.017287 0.017730
1 0.572473 0.723404 0.009309 0.012411
1 0.500000 0.653369 0.018617 0.017730
1 0.574468 0.697695 0.021277 0.017730
1 0.307181 0.677305 0.015957 0.030142
1 0.268617 0.646277 0.013298 0.021277
1 0.211436 0.679965 0.013298 0.010638
1 0.150266 0.687057 0.013298 0.010638
1 0.165559 0.757979 0.017287 0.017730
1 0.149601 0.783688 0.011968 0.015957
1 0.128989 0.533688 0.013298 0.015957
1 0.158910 0.539894 0.017287 0.021277
1 0.280585 0.360816 0.026596 0.024823
1 0.194814 0.330674 0.019947 0.017730
1 0.366356 0.441489 0.019947 0.026596
1 0.734043 0.293440 0.013298 0.017730
1 0.921543 0.522163 0.007979 0.010638
1 0.955452 0.517730 0.006649 0.012411