1 0.427527 0.820035 0.022606 0.014184
1 0.403590 0.788121 0.014628 0.021277
1 0.470080 0.882092 0.014628 0.024823
1 0.389628 0.490248 0.026596 0.028369
1 0.378324 0.460106 0.009309 0.010638
1 0.401596 0.428191 0.013298 0.007092
1 0.380984 0.347518 0.011968 0.012411
1 0.364362 0.394504 0.013298 0.014184
1 0.464761 0.266844 0.006649 0.007092
1 0.149601 0.393617 0.017287 0.026596
1 0.448138 0.584220 0.023936 0.024823
1 0.626330 0.566489 0.005319 0.014184
1 0.738032 0.561170 0.015957 0.017730
1 0.931516 0.608156 0.014628 0.047872
1 0.948138 0.747340 0.010638 0.017730
1 0.848404 0.411348 0.010638 0.023050
1 0.865691 0.453901 0.010638 0.015957
1 0.818484 0.506206 0.017287 0.021277
1 0.819149 0.565603 0.013298 0.019504
1 0.871676 0.553191 0.011968 0.012411
1 0.904920 0.515957 0.014628 0.030142
1 0.875665 0.494681 0.022606 0.015957
1 0.773271 0.553191 0.022606 0.023050
1 0.340426 0.729610 0.015957 0.010638
1 0.354388 0.658688 0.017287 0.021277
1 0.442154 0.642730 0.014628 0.017730
1 0.458112 0.708333 0.014628 0.017730
1 0.419548 0.710106 0.009309 0.021277
1 0.388298 0.733156 0.013298 0.010638
1 0.468085 0.740248 0.015957 0.017730
1 0.623005 0.695922 0.009309 0.021277
1 0.570479 0.757092 0.010638 0.023050
1 0.545213 0.389184 0.023936 0.014184
1 0.536569 0.438830 0.011968 0.021277
1 0.587766 0.530142 0.013298 0.012411
1 0.232713 0.679078 0.021277 0.023050
1 0.257979 0.575355 0.013298 0.014184
1 0.250665 0.600177 0.006649 0.014184
1 0.303191 0.480496 0.010638 0.012411
1 0.347739 0.503546 0.006649 0.012411
1 0.408245 0.325355 0.010638 0.014184
1 0.447473 0.350177 0.011968 0.017730
1 0.263298 0.759752 0.026596 0.046099
1 0.488032 0.629433 0.005319 0.008865
1 0.597074 0.732270 0.023936 0.037234
1 0.605053 0.776596 0.013298 0.019504
1 0.617686 0.796986 0.017287 0.007092
1 0.589761 0.835993 0.011968 0.010638
1 0.615691 0.909574 0.007979 0.026596
1 0.674867 0.699468 0.014628 0.010638
1 0.694814 0.694149 0.011968 0.017730
1 0.714096 0.684397 0.007979 0.026596
1 0.768617 0.584220 0.010638 0.021277
1 0.864362 0.376773 0.010638 0.017730
1 0.846410 0.648050 0.017287 0.024823
1 0.874335 0.625000 0.011968 0.017730
1 0.512633 0.632092 0.011968 0.024823
1 0.535904 0.710993 0.015957 0.030142
1 0.549867 0.700355 0.017287 0.012411
1 0.630319 0.461879 0.007979 0.014184
1 0.652926 0.840426 0.018617 0.030142
1 0.681516 0.828901 0.014628 0.017730
1 0.708777 0.869681 0.010638 0.021277
1 0.858378 0.992021 0.046543 0.003546
1 0.937500 0.991578 0.010638 0.016844
1 0.781250 0.845745 0.011968 0.015957
1 0.834441 0.805851 0.011968 0.017730
2 0.832447 0.915780 0.026596 0.017730
2 0.769282 0.690603 0.017287 0.014184
2 0.717420 0.717199 0.022606 0.017730
2 0.713431 0.753546 0.017287 0.012411
2 0.743351 0.736702 0.018617 0.017730
2 0.817154 0.720745 0.009309 0.014184
2 0.788564 0.757092 0.013298 0.026596
2 0.809176 0.738475 0.017287 0.024823
2 0.881649 0.816489 0.013298 0.014184
2 0.863032 0.758865 0.015957 0.030142
2 0.906250 0.768617 0.017287 0.024823
2 0.973404 0.792553 0.021277 0.023050
2 0.878989 0.688830 0.007979 0.010638
2 0.859707 0.724291 0.019947 0.021277
2 0.936170 0.507979 0.018617 0.028369
2 0.864362 0.287234 0.015957 0.030142
2 0.986037 0.129433 0.019947 0.030142
2 0.976729 0.265957 0.011968 0.033688
2 0.298537 0.831560 0.011968 0.026596
2 0.306516 0.919326 0.009309 0.039007
2 0.330452 0.906028 0.011968 0.026596
2 0.530585 0.882979 0.018617 0.015957
2 0.543883 0.794326 0.018617 0.030142
2 0.474069 0.838652 0.014628 0.026596
2 0.726729 0.813830 0.009309 0.015957
2 0.739362 0.869681 0.015957 0.014184
2 0.746011 0.813830 0.010638 0.015957
2 0.754654 0.782801 0.030585 0.017730
2 0.799202 0.814716 0.023936 0.017730
2 0.590426 0.921099 0.015957 0.017730
2 0.732048 0.926418 0.009309 0.017730
2 0.648271 0.796986 0.011968 0.028369
2 0.355718 0.796099 0.019947 0.023050
2 0.134309 0.803191 0.015957 0.037234
2 0.163564 0.855496 0.021277 0.014184
2 0.169548 0.831560 0.011968 0.015957
2 0.312500 0.800532 0.010638 0.024823
2 0.428191 0.778369 0.013298 0.019504
2 0.458112 0.800532 0.019947 0.028369