1 0.458112 0.508865 0.017287 0.026596
1 0.440160 0.345745 0.021277 0.033688
1 0.563165 0.441489 0.022606 0.019504
1 0.627660 0.385638 0.018617 0.024823
1 0.738697 0.244681 0.011968 0.015957
1 0.767287 0.382092 0.018617 0.021277
1 0.858378 0.515957 0.022606 0.037234
1 0.936170 0.679078 0.010638 0.026596
1 0.860372 0.774823 0.013298 0.023050
1 0.503989 0.622340 0.018617 0.023050
1 0.531915 0.579787 0.010638 0.026596
1 0.525931 0.523050 0.009309 0.012411
1 0.508644 0.292553 0.006649 0.015957
1 0.584441 0.230496 0.019947 0.015957
1 0.536569 0.126773 0.017287 0.017730
1 0.593750 0.137411 0.011968 0.010638
1 0.690824 0.107270 0.009309 0.024823
2 0.323138 0.271277 0.010638 0.026596
2 0.932181 0.872340 0.013298 0.023050
2 0.714096 0.967199 0.015957 0.014184
2 0.728059 0.953014 0.009309 0.021277
2 0.625000 0.886525 0.007979 0.015957
2 0.650931 0.895390 0.011968 0.023050
2 0.750665 0.859043 0.011968 0.010638
2 0.774601 0.639184 0.011968 0.014184
2 0.735372 0.486702 0.013298 0.031915
2 0.309840 0.568262 0.015957 0.017730
2 0.234043 0.529255 0.015957 0.028369
2 0.265957 0.621454 0.010638 0.010638
2 0.259973 0.655142 0.017287 0.024823
2 0.271941 0.727837 0.027926 0.017730
2 0.399601 0.788121 0.014628 0.014184
2 0.427527 0.618794 0.014628 0.015957
2 0.392287 0.359929 0.018617 0.015957
2 0.259973 0.417553 0.017287 0.017730
2 0.258644 0.341312 0.017287 0.021277
2 0.117686 0.416667 0.011968 0.008865
2 0.131649 0.461879 0.013298 0.014184
2 0.138963 0.428191 0.009309 0.021277
2 0.126995 0.428191 0.011968 0.021277
2 0.150931 0.393617 0.017287 0.019504
2 0.173537 0.391844 0.011968 0.033688
2 0.171543 0.299645 0.013298 0.023050
2 0.250000 0.204787 0.018617 0.014184
2 0.313830 0.224291 0.013298 0.010638
2 0.325798 0.153369 0.023936 0.017730
2 0.212101 0.177305 0.019947 0.023050
2 0.056516 0.354610 0.022606 0.030142
2 0.043883 0.326241 0.015957 0.015957
2 0.061835 0.413121 0.030585 0.019504
2 0.098404 0.396277 0.005319 0.014184
2 0.051197 0.281915 0.027926 0.047872
2 0.120346 0.294326 0.014628 0.019504
2 0.064495 0.134752 0.030585 0.033688
2 0.196144 0.583333 0.009309 0.019504
2 0.188165 0.604610 0.009309 0.008865
2 0.175532 0.627660 0.021277 0.019504
2 0.226064 0.601064 0.010638 0.019504
2 0.266622 0.585993 0.014628 0.014184
2 0.241356 0.579787 0.027926 0.019504
2 0.202793 0.549645 0.030585 0.019504
2 0.164894 0.514184 0.015957 0.015957
2 0.166888 0.573582 0.011968 0.021277
0 0.540559 0.888298 0.043883 0.090426
0 0.162899 0.817376 0.019947 0.023050
2 0.304521 0.935284 0.018617 0.031915
2 0.101064 0.703014 0.018617 0.024823
2 0.361702 0.300532 0.013298 0.007092
2 0.957447 0.323582 0.007979 0.017730
2 0.964096 0.267730 0.005319 0.019504
2 0.996011 0.210106 0.005319 0.017730
2 0.986037 0.127660 0.014628 0.012411
2 0.872340 0.390957 0.015957 0.017730
2 0.354388 0.713652 0.011968 0.021277
2 0.381649 0.699468 0.015957 0.017730
2 0.333112 0.675532 0.019947 0.015957
2 0.346410 0.584220 0.014628 0.024823
2 0.371011 0.531915 0.021277 0.012411
2 0.432181 0.263298 0.023936 0.021277
2 0.121676 0.632092 0.022606 0.010638
2 0.125665 0.660461 0.019947 0.021277
2 0.194814 0.736702 0.019947 0.014184
2 0.303191 0.734929 0.010638 0.014184
2 0.279255 0.750887 0.023936 0.017730
2 0.464096 0.851950 0.013298 0.028369
2 0.462766 0.946809 0.013298 0.015957
2 0.645612 0.992465 0.017287 0.015070
2 0.529255 0.975177 0.018617 0.030142
2 0.369681 0.945035 0.018617 0.023050
2 0.331117 0.908688 0.010638 0.007092
2 0.317819 0.812943 0.015957 0.028369
2 0.281915 0.785461 0.015957 0.012411
2 0.397606 0.698582 0.018617 0.030142
2 0.363032 0.685284 0.018617 0.024823
2 0.125665 0.578014 0.011968 0.019504
2 0.154920 0.718972 0.011968 0.017730
2 0.180186 0.710993 0.006649 0.012411
2 0.180186 0.800532 0.014628 0.031915
2 0.089096 0.762411 0.013298 0.015957
2 0.066489 0.760638 0.015957 0.026596
2 0.134309 0.797872 0.013298 0.023050
2 0.144282 0.762411 0.011968 0.008865
2 0.168218 0.758865 0.011968 0.030142
2 0.117686 0.860816 0.009309 0.017730
2 0.097739 0.535461 0.022606 0.023050
2 0.799867 0.428191 0.011968 0.014184
2 0.792553 0.592199 0.015957 0.012411
2 0.510638 0.789894 0.013298 0.024823
2 0.240691 0.875887 0.010638 0.012411
2 0.212101 0.856383 0.014628 0.015957
2 0.085106 0.618794 0.015957 0.015957
2 0.078457 0.557624 0.010638 0.024823
2 0.055186 0.498227 0.009309 0.015957
2 0.041223 0.467199 0.018617 0.017730
2 0.039229 0.582447 0.017287 0.014184
2 0.057181 0.625887 0.013298 0.019504
2 0.066489 0.675532 0.015957 0.015957
2 0.062500 0.710106 0.013298 0.021277
2 0.025266 0.669326 0.026596 0.014184
2 0.031250 0.518617 0.014628 0.021277
2 0.030585 0.415780 0.007979 0.014184
2 0.146941 0.290780 0.014628 0.015957
2 0.146277 0.109929 0.015957 0.026596
2 0.186835 0.128546 0.014628 0.010638
2 0.288564 0.062057 0.018617 0.019504
1 0.539229 0.691489 0.025266 0.012411