0 0.490691 0.379433 0.015957 0.026596
0 0.386968 0.419326 0.015957 0.024823
0 0.652261 0.401596 0.014628 0.028369
0 0.751330 0.254433 0.023936 0.021277
0 0.755319 0.204787 0.018617 0.028369
0 0.673537 0.574468 0.025266 0.015957
0 0.889628 0.575355 0.018617 0.024823
0 0.861037 0.561170 0.019947 0.031915
0 0.789229 0.792553 0.011968 0.033688
0 0.418883 0.082447 0.015957 0.024823
0 0.944814 0.226064 0.019947 0.017730
0 0.825133 0.173759 0.027926 0.019504
0 0.472739 0.808511 0.017287 0.037234
0 0.259973 0.626773 0.019947 0.021277
2 0.319149 0.553191 0.021277 0.030142
2 0.815160 0.865248 0.013298 0.026596
2 0.890957 0.782801 0.018617 0.017730
2 0.916888 0.742021 0.014628 0.021277
2 0.883644 0.694149 0.022606 0.024823
2 0.583112 0.677305 0.019947 0.019504
2 0.551862 0.701241 0.010638 0.024823
2 0.585771 0.721631 0.011968 0.015957
2 0.472739 0.495567 0.017287 0.024823
2 0.532580 0.472518 0.014628 0.017730
2 0.536569 0.244681 0.014628 0.023050
2 0.530585 0.290780 0.021277 0.023050
2 0.529255 0.350177 0.015957 0.014184
2 0.509309 0.342199 0.010638 0.008865
2 0.305851 0.235816 0.050532 0.051418
2 0.260638 0.526596 0.018617 0.033688
2 0.344415 0.664894 0.015957 0.015957
2 0.609707 0.756206 0.014628 0.035461
2 0.611037 0.575355 0.022606 0.035461
1 0.416223 0.471631 0.018617 0.026596
1 0.778590 0.663121 0.011968 0.019504
1 0.710106 0.656028 0.015957 0.023050
1 0.755319 0.783688 0.013298 0.030142
1 0.811170 0.701241 0.010638 0.017730
1 0.798537 0.740248 0.009309 0.017730
2 0.774601 0.700355 0.011968 0.015957
2 0.746676 0.726950 0.014628 0.012411
1 0.488697 0.560284 0.009309 0.019504
2 0.936835 0.720745 0.017287 0.028369
2 0.968085 0.773936 0.010638 0.017730
2 0.924867 0.778369 0.006649 0.015957
2 0.800532 0.582447 0.018617 0.024823
0 0.309176 0.804078 0.017287 0.021277
0 0.706782 0.790780 0.017287 0.019504
2 0.364362 0.754433 0.013298 0.028369
2 0.438165 0.870567 0.014628 0.019504
2 0.431516 0.896277 0.022606 0.028369
2 0.500665 0.865248 0.025266 0.019504
2 0.490027 0.905142 0.014628 0.028369
2 0.549202 0.781028 0.015957 0.024823
2 0.617021 0.817376 0.013298 0.012411
2 0.664229 0.798759 0.019947 0.031915
2 0.698803 0.721631 0.022606 0.023050
2 0.821144 0.826241 0.009309 0.015957