0 0.450133 0.095745 0.011968 0.026596
0 0.892952 0.067376 0.011968 0.023050
0 0.841755 0.094858 0.013298 0.021277
0 0.869681 0.502660 0.005319 0.031915
0 0.625000 0.079787 0.013298 0.026596
0 0.068484 0.682624 0.014628 0.023050
0 0.066489 0.541667 0.018617 0.014184
1 0.210771 0.276596 0.011968 0.019504
1 0.279920 0.401596 0.019947 0.017730
1 0.430186 0.476064 0.014628 0.017730
1 0.565160 0.713652 0.010638 0.007092
1 0.607713 0.776596 0.007979 0.015957
1 0.882979 0.735816 0.018617 0.019504
1 0.650266 0.937943 0.015957 0.019504
1 0.556516 0.831560 0.014628 0.019504
1 0.680186 0.875000 0.006649 0.021277
1 0.690160 0.794326 0.007979 0.008865
1 0.549867 0.364362 0.009309 0.010638
1 0.757314 0.466312 0.009309 0.015957
1 0.773271 0.352837 0.011968 0.023050
1 0.867021 0.313830 0.002660 0.015957
1 0.819149 0.506206 0.007979 0.014184
1 0.826463 0.581560 0.009309 0.012411
1 0.738697 0.592199 0.009309 0.023050
1 0.857713 0.828901 0.018617 0.024823
1 0.716755 0.906028 0.007979 0.019504
1 0.730053 0.953901 0.007979 0.023050