0 0.350399 0.190603 0.011968 0.024823
0 0.533245 0.380319 0.018617 0.024823
0 0.646277 0.441489 0.010638 0.023050
0 0.804521 0.221631 0.018617 0.023050
1 0.851064 0.269504 0.013298 0.008865
1 0.440824 0.320035 0.009309 0.017730
1 0.570479 0.290780 0.007979 0.019504
1 0.534574 0.100177 0.007979 0.014184
1 0.486037 0.127660 0.017287 0.012411
1 0.371011 0.183511 0.013298 0.014184
1 0.299202 0.149823 0.021277 0.028369
1 0.428856 0.420213 0.019947 0.026596
1 0.551862 0.340426 0.010638 0.012411
1 0.575133 0.348404 0.006649 0.014184
1 0.773271 0.457447 0.009309 0.012411
1 0.301197 0.527482 0.017287 0.017730
1 0.359707 0.557624 0.014628 0.017730
1 0.651596 0.573582 0.018617 0.024823
1 0.726729 0.406028 0.009309 0.008865
1 0.777926 0.344858 0.018617 0.021277
1 0.863697 0.332447 0.009309 0.021277
1 0.794548 0.422872 0.011968 0.014184
1 0.835771 0.582447 0.014628 0.024823
1 0.939495 0.335993 0.009309 0.007092
1 0.978059 0.327128 0.009309 0.007092
1 0.734043 0.718972 0.015957 0.014184
1 0.748005 0.652482 0.011968 0.026596
1 0.813830 0.697695 0.010638 0.021277
1 0.454787 0.765071 0.010638 0.010638
1 0.464761 0.819149 0.009309 0.012411
1 0.465426 0.851064 0.002660 0.008865
1 0.484707 0.532801 0.011968 0.021277
1 0.532580 0.562057 0.017287 0.012411
1 0.220745 0.517730 0.021277 0.019504
1 0.146277 0.551418 0.013298 0.023050
2 0.513298 0.807624 0.018617 0.031915
2 0.951463 0.740248 0.011968 0.024823
2 0.846410 0.696809 0.011968 0.019504
2 0.794548 0.782801 0.014628 0.024823
2 0.830452 0.791667 0.009309 0.031915
2 0.918883 0.696809 0.018617 0.033688
2 0.977394 0.718972 0.013298 0.028369
2 0.981383 0.760638 0.015957 0.023050
2 0.656250 0.819149 0.011968 0.019504
2 0.654255 0.750000 0.021277 0.040780
2 0.607713 0.769504 0.010638 0.008865
2 0.469415 0.894504 0.013298 0.021277
2 0.533910 0.898050 0.011968 0.028369
2 0.543883 0.860816 0.018617 0.014184
2 0.704122 0.797872 0.014628 0.026596
2 0.869681 0.885638 0.015957 0.024823
2 0.841090 0.740248 0.017287 0.014184
2 0.781250 0.720745 0.014628 0.017730
2 0.459441 0.681738 0.025266 0.010638
2 0.406915 0.752660 0.015957 0.039007
2 0.309176 0.794326 0.017287 0.019504
2 0.322473 0.776596 0.014628 0.026596
2 0.334441 0.762411 0.017287 0.012411
2 0.422207 0.867021 0.011968 0.019504
2 0.246676 0.971631 0.014628 0.023050
2 0.301197 0.914007 0.017287 0.010638
2 0.327128 0.945035 0.013298 0.023050
2 0.720080 0.903369 0.014628 0.031915
2 0.749335 0.787234 0.014628 0.023050
2 0.556516 0.833333 0.014628 0.012411
2 0.299867 0.626773 0.019947 0.024823
1 0.500000 0.634752 0.013298 0.008865
1 0.474734 0.619681 0.007979 0.010638
1 0.492686 0.602837 0.006649 0.012411
1 0.459441 0.592199 0.006649 0.008865
1 0.521277 0.526596 0.010638 0.015957
1 0.537899 0.544326 0.011968 0.012411
1 0.574468 0.746454 0.007979 0.019504
1 0.628324 0.723404 0.006649 0.008865
3 0.623005 0.679078 0.025266 0.026596
3 0.922872 0.773936 0.023936 0.021277