0 0.417553 0.128546 0.018617 0.017730
0 0.657580 0.072695 0.011968 0.023050
0 0.658910 0.256206 0.022606 0.014184
0 0.687500 0.366135 0.010638 0.017730
0 0.730053 0.474291 0.013298 0.028369
0 0.807846 0.569149 0.009309 0.026596
0 0.887633 0.411348 0.009309 0.019504
0 0.940824 0.406915 0.011968 0.021277
0 0.991356 0.654255 0.011968 0.023050
0 0.676197 0.466312 0.019947 0.019504
0 0.482713 0.658688 0.018617 0.024823
0 0.569814 0.628546 0.017287 0.014184
0 0.596410 0.652482 0.014628 0.023050
0 0.577793 0.664894 0.014628 0.030142
0 0.529920 0.898936 0.017287 0.019504
0 0.725399 0.821809 0.017287 0.010638
0 0.750000 0.844858 0.021277 0.014184
0 0.738032 0.936170 0.010638 0.026596
0 0.774601 0.695035 0.017287 0.019504
0 0.748670 0.389184 0.018617 0.021277
0 0.340426 0.193262 0.018617 0.015957
0 0.449468 0.286348 0.010638 0.014184
0 0.251330 0.731383 0.018617 0.031915
0 0.359043 0.967199 0.015957 0.028369
0 0.742021 0.138298 0.015957 0.015957
0 0.886968 0.234043 0.015957 0.015957
2 0.805851 0.410461 0.015957 0.035461
2 0.889628 0.935284 0.021277 0.024823
2 0.917553 0.583333 0.010638 0.015957
2 0.985372 0.596631 0.013298 0.021277
2 0.831782 0.310284 0.014628 0.033688
2 0.850399 0.359043 0.014628 0.024823
2 0.646941 0.434397 0.011968 0.030142
2 0.498005 0.218085 0.022606 0.019504
2 0.570479 0.031915 0.013298 0.015957
2 0.521941 0.319149 0.011968 0.023050
2 0.539229 0.335106 0.025266 0.019504
2 0.534574 0.311170 0.021277 0.017730
2 0.574468 0.323582 0.018617 0.014184
2 0.553856 0.313830 0.014628 0.030142
2 0.481383 0.317376 0.013298 0.023050
2 0.472074 0.342199 0.018617 0.015957
2 0.454122 0.386525 0.022606 0.015957
2 0.416223 0.413121 0.018617 0.008865
2 0.401596 0.451241 0.013298 0.014184
2 0.448803 0.457447 0.022606 0.015957
2 0.524601 0.432624 0.019947 0.008865
2 0.528590 0.457447 0.019947 0.019504
2 0.613697 0.410461 0.019947 0.017730
2 0.615027 0.353723 0.011968 0.017730
2 0.658245 0.328014 0.013298 0.012411
2 0.696809 0.324468 0.007979 0.012411
2 0.527261 0.706560 0.011968 0.017730
2 0.353723 0.538121 0.013298 0.021277
2 0.420878 0.568262 0.009309 0.028369
2 0.438830 0.545213 0.013298 0.017730
2 0.775931 0.869681 0.017287 0.017730
2 0.763963 0.656915 0.017287 0.021277
2 0.734707 0.242908 0.011968 0.012411
2 0.740691 0.262411 0.018617 0.015957
2 0.735372 0.193262 0.007979 0.019504
2 0.900266 0.246454 0.018617 0.015957
2 0.268617 0.464539 0.015957 0.015957
2 0.288564 0.549645 0.015957 0.015957
2 0.311170 0.650709 0.013298 0.023050
2 0.551862 0.741135 0.013298 0.023050
1 0.617021 0.710993 0.007979 0.030142
1 0.747340 0.781028 0.013298 0.021277
1 0.767287 0.816489 0.010638 0.017730
1 0.698803 0.488475 0.014628 0.010638
1 0.835771 0.487589 0.011968 0.012411
1 0.864362 0.439716 0.015957 0.023050
1 0.505984 0.604610 0.014628 0.019504
1 0.514628 0.653369 0.013298 0.014184
1 0.441489 0.682624 0.015957 0.015957
1 0.434176 0.772163 0.006649 0.007092
1 0.531915 0.760638 0.007979 0.012411
1 0.559840 0.811170 0.005319 0.014184
1 0.523271 0.567376 0.022606 0.023050
1 0.367021 0.460993 0.010638 0.015957
1 0.586436 0.452128 0.007979 0.012411
1 0.595080 0.472518 0.019947 0.014184
1 0.578457 0.145390 0.005319 0.008865
1 0.609043 0.208333 0.007979 0.010638
1 0.613697 0.292553 0.009309 0.015957
1 0.696144 0.252660 0.006649 0.007092
1 0.791223 0.226950 0.015957 0.012411
1 0.866356 0.503546 0.014628 0.012411
1 0.605053 0.831560 0.005319 0.005319
1 0.490691 0.895390 0.007979 0.019504
1 0.293218 0.832447 0.017287 0.010638
1 0.230718 0.804965 0.006649 0.026596
1 0.296543 0.718972 0.015957 0.017730
1 0.319149 0.703901 0.007979 0.012411
1 0.280585 0.596631 0.007979 0.017730
1 0.218085 0.418440 0.007979 0.023050
1 0.179521 0.432624 0.013298 0.012411
1 0.204122 0.472518 0.011968 0.010638
1 0.173537 0.599291 0.006649 0.005319
1 0.128989 0.691489 0.013298 0.019504
3 0.039894 0.431738 0.018617 0.024823