0 0.677647 0.533316 0.016373 0.014074
0 0.667623 0.548709 0.008246 0.016713
2 0.677519 0.575758 0.010226 0.017153
0 0.756190 0.561684 0.015833 0.020671
0 0.772518 0.581915 0.018142 0.015393
3 0.702918 0.533316 0.016163 0.016713
3 0.787692 0.452170 0.011545 0.025069
0 0.829089 0.418745 0.012535 0.027708
0 0.625566 0.504508 0.017153 0.013634
0 0.878799 0.392048 0.009566 0.026389
1 0.950708 0.251792 0.014184 0.016273
0 0.799303 0.154858 0.030017 0.028588
2 0.925804 0.191362 0.009896 0.018912
2 0.733166 0.237762 0.012535 0.024629
1 0.632064 0.101509 0.012205 0.014954
0 0.598254 0.265426 0.015174 0.021551
1 0.685007 0.260808 0.005278 0.008796
1 0.498703 0.233540 0.006597 0.007037
0 0.307777 0.433150 0.019635 0.021667
0 0.393766 0.516656 0.018281 0.013542
0 0.515302 0.608287 0.021667 0.016250
0 0.569838 0.623884 0.015526 0.020110
0 0.560300 0.649021 0.014195 0.033714
0 0.679763 0.694328 0.019962 0.018336
0 0.736544 0.776542 0.019075 0.044360
0 0.846646 0.755249 0.014639 0.018336
0 0.911412 0.723310 0.012864 0.023067
3 0.926628 0.563317 0.013308 0.022476
2 0.893358 0.450523 0.007985 0.011238
0 0.653802 0.983664 0.017153 0.015519
0 0.758250 0.954668 0.025116 0.039206
0 0.783060 0.878706 0.015927 0.013069
2 0.332925 0.754962 0.020828 0.017153
0 0.425454 0.051909 0.016927 0.024375
0 0.159362 0.039271 0.018281 0.020764
3 0.201341 0.137221 0.018281 0.012639
3 0.212174 0.338088 0.010156 0.018958