1 0.576016 0.501715 0.012370 0.027048
1 0.656172 0.626402 0.012370 0.023090
1 0.682890 0.739873 0.010391 0.020451
1 0.599518 0.715464 0.009896 0.012535
1 0.689322 0.786713 0.006432 0.011215
1 0.734101 0.775498 0.009896 0.016493
1 0.682643 0.843449 0.006927 0.011215
1 0.598529 0.773189 0.008906 0.009236
1 0.427579 0.601662 0.006432 0.009236
1 0.436733 0.613208 0.018802 0.013854
1 0.470873 0.626072 0.005937 0.007917
1 0.663989 0.393192 0.011380 0.015833
1 0.609068 0.357897 0.008411 0.009896
1 0.743650 0.422879 0.013359 0.018472
1 0.755773 0.436733 0.016823 0.014514
1 0.313184 0.529753 0.005443 0.015833
1 0.243023 0.773189 0.012370 0.025069
1 0.200472 0.774509 0.011380 0.023750
1 0.255393 0.852685 0.015338 0.021771
1 0.195524 0.887980 0.013359 0.029028
1 0.374192 0.953952 0.019792 0.025069
2 0.327731 0.138211 0.021276 0.024410
2 0.381911 0.146457 0.010885 0.011875
2 0.125462 0.288297 0.016328 0.029028
2 0.060793 0.421362 0.011875 0.017812
2 0.143917 0.588006 0.014844 0.016493
2 0.065988 0.648370 0.018307 0.017153
2 0.133032 0.673110 0.019792 0.016493
2 0.222341 0.620003 0.016328 0.021111
2 0.217146 0.570194 0.013854 0.020451
2 0.171626 0.701148 0.013854 0.017153
2 0.190675 0.696860 0.013359 0.021771
2 0.155298 0.692572 0.012864 0.022430
2 0.150844 0.712693 0.013854 0.013854
2 0.102108 0.738422 0.004453 0.027048
2 0.082316 0.746668 0.014349 0.017153
2 0.089985 0.777279 0.013854 0.010555
2 0.142928 0.746273 0.015833 0.014514
2 0.117694 0.816401 0.012864 0.023090
2 0.104829 0.923935 0.012864 0.029687
2 0.112746 0.919976 0.010885 0.031007
2 0.314372 0.964507 0.011380 0.025069
2 0.471319 0.937789 0.012370 0.024410
2 0.254156 0.939768 0.019792 0.017812
2 0.075389 0.835203 0.016328 0.009236
2 0.052134 0.863900 0.011380 0.019132
2 0.076131 0.722919 0.026719 0.013194
2 0.006152 0.597902 0.012304 0.029687
2 0.557016 0.647381 0.010391 0.020451
2 0.525844 0.500528 0.017318 0.012535
2 0.767598 0.335730 0.019297 0.021771
2 0.883972 0.636957 0.008411 0.023090
2 0.770666 0.938118 0.017318 0.017153
2 0.839194 0.565708 0.015833 0.019132
1 0.918360 0.564718 0.017812 0.014514
1 0.896837 0.650811 0.015338 0.015174
1 0.832019 0.754057 0.021276 0.010555
1 0.842163 0.771210 0.013854 0.013194
1 0.995547 0.744953 0.008906 0.018472
1 0.938894 0.644346 0.009401 0.013854
1 0.793921 0.897546 0.013359 0.017812
1 0.111014 0.567951 0.013359 0.021771
1 0.069452 0.621718 0.013359 0.019792
1 0.865368 0.692572 0.010391 0.011875
1 0.808220 0.707745 0.009896 0.009236
1 0.802283 0.727207 0.009896 0.013854
1 0.816137 0.694221 0.009896 0.016493
1 0.580420 0.601201 0.016823 0.011215
1 0.534058 0.445903 0.011380 0.017812
1 0.601597 0.473281 0.010885 0.015833
2 0.592443 0.391806 0.019297 0.037604
2 0.006152 0.732946 0.012304 0.026389
2 0.133923 0.162291 0.010885 0.018472
2 0.549248 0.106412 0.012864 0.016493
2 0.681653 0.432313 0.012864 0.011215
2 0.133032 0.902164 0.009896 0.016493