1 0.327128 0.232861 0.015957 0.026005
0 0.423537 0.377069 0.014628 0.030733
0 0.433511 0.492908 0.013298 0.026005
0 0.387633 0.671395 0.011968 0.023641
0 0.536569 0.847518 0.014628 0.016548
0 0.653590 0.379433 0.009309 0.021277
0 0.681516 0.372340 0.017287 0.021277
0 0.714096 0.080378 0.015957 0.033097
0 0.493351 0.079196 0.018617 0.016548
0 0.549202 0.470449 0.013298 0.023641
0 0.768617 0.884161 0.015957 0.018913
0 0.812500 0.460993 0.007979 0.023641
0 0.532580 0.372340 0.017287 0.035461
0 0.676197 0.144208 0.014628 0.028369
0 0.581782 0.816785 0.011968 0.016548
0 0.402261 0.938534 0.009309 0.018913
0 0.896941 0.728132 0.017287 0.023641
1 0.798537 0.031915 0.009309 0.016548
2 0.891622 0.498818 0.011968 0.033097
1 0.734707 0.925532 0.011968 0.021277
1 0.562500 0.647754 0.007979 0.018913
1 0.587766 0.627660 0.010638 0.011820
1 0.366356 0.605201 0.006649 0.018913
1 0.417553 0.665485 0.007979 0.016548
1 0.458777 0.645390 0.007979 0.018913
1 0.506649 0.639480 0.010638 0.016548
1 0.492021 0.911348 0.010638 0.021277
1 0.634309 0.838061 0.007979 0.021277
1 0.674202 0.713948 0.010638 0.014184