1 0.565160 0.513298 0.021277 0.028369
1 0.576463 0.580674 0.014628 0.031915
1 0.728059 0.585993 0.019947 0.010638
1 0.707377 0.663937 0.015817 0.031775
1 0.971410 0.537234 0.014628 0.026596
1 0.950798 0.605496 0.010638 0.021277
2 0.914404 0.571109 0.014698 0.019597
2 0.822718 0.457260 0.014698 0.015864
2 0.794373 0.523983 0.012598 0.014931
2 0.779675 0.559444 0.015398 0.011198
0 0.782825 0.800672 0.013298 0.028929
0 0.687990 0.803005 0.009798 0.022396
0 0.720185 0.966779 0.019597 0.017730
2 0.662444 0.726484 0.014698 0.009332
2 0.692539 0.864595 0.011898 0.020530
2 0.636198 0.870194 0.008399 0.020530
2 0.594555 0.942982 0.011898 0.022396
2 0.568659 0.915454 0.017497 0.010265
2 0.510218 0.977510 0.011198 0.024263
2 0.523866 0.882792 0.010498 0.019597
2 0.632699 0.558977 0.011198 0.021463
2 0.763928 0.704087 0.017497 0.013065
2 0.740132 0.885592 0.016097 0.015864
2 0.749230 0.864128 0.009099 0.012131
2 0.800322 0.888858 0.009099 0.027996
2 0.785624 0.897256 0.013298 0.018664
2 0.820269 0.827734 0.012598 0.023330
2 0.914404 0.741415 0.010498 0.026129
2 0.911254 0.847798 0.008399 0.011198
2 0.893757 0.896323 0.016797 0.018664
2 0.952198 0.901922 0.011898 0.009332
2 0.973544 0.878593 0.011198 0.026129
2 0.997270 0.874860 0.005459 0.013065
2 0.989642 0.830534 0.016797 0.013998
2 0.964096 0.851064 0.017497 0.013998
2 0.960246 0.782475 0.009798 0.026129
2 0.994891 0.771743 0.007699 0.010265
2 0.886058 0.669093 0.019597 0.025196
2 0.858063 0.772210 0.009798 0.020530
2 0.881859 0.807204 0.008399 0.015864
2 0.917553 0.803471 0.011198 0.021463
2 0.909854 0.828201 0.008399 0.009332
2 0.677142 0.750747 0.009099 0.027996
2 0.669443 0.879059 0.013298 0.028929
1 0.569359 0.991041 0.011898 0.010265
1 0.491321 0.748414 0.005599 0.010265
1 0.499020 0.819802 0.006999 0.009332
1 0.462276 0.825401 0.006299 0.007465
1 0.552912 0.856196 0.005599 0.007465
1 0.549062 0.771743 0.009099 0.006532
1 0.732783 0.813736 0.011198 0.010265
1 0.725434 0.762878 0.011898 0.007465
1 0.716335 0.726484 0.006299 0.014931
1 0.749930 0.681691 0.004899 0.007465
1 0.759029 0.529582 0.006299 0.011198
1 0.868911 0.511385 0.004899 0.015864
1 0.802772 0.461459 0.005599 0.007465
1 0.802072 0.558511 0.009798 0.020530
3 0.705837 0.828667 0.009099 0.025196
2 0.833917 0.793673 0.010498 0.020530
2 0.808371 0.853863 0.018197 0.012131
2 0.607153 0.761012 0.021697 0.013065
2 0.575658 0.795539 0.017497 0.018664
2 0.585106 0.775476 0.016797 0.013998
2 0.574608 0.624767 0.019597 0.013065
2 0.492371 0.538914 0.013298 0.013065
2 0.688340 0.896790 0.006299 0.013998
2 0.754479 0.930384 0.009798 0.019597
2 0.817819 0.740482 0.011898 0.020530
2 0.773026 0.632232 0.014698 0.013065
2 0.731733 0.678891 0.016097 0.011198
2 0.743631 0.719485 0.007699 0.010265
2 0.739082 0.742348 0.008399 0.018664
2 0.658595 0.680291 0.015398 0.010265
2 0.635848 0.638764 0.007699 0.013065
2 0.645297 0.721818 0.005599 0.018664
2 0.658245 0.661161 0.014698 0.011198
2 0.876260 0.762411 0.013998 0.017730
2 0.942049 0.878593 0.012598 0.005599
2 0.893057 0.719485 0.004199 0.006532
2 0.956747 0.468458 0.006999 0.017730
2 0.994191 0.483856 0.007699 0.013065
2 0.463326 0.778275 0.009798 0.021463
2 0.628849 0.537047 0.010498 0.009332
2 0.749580 0.545446 0.008399 0.003733
2 0.322141 0.603723 0.008644 0.018617
2 0.348404 0.671986 0.010638 0.016844
2 0.335771 0.615691 0.009309 0.012411
2 0.325133 0.683067 0.007979 0.015957
2 0.277261 0.809397 0.006649 0.023936
2 0.303191 0.792996 0.015957 0.010638
2 0.195146 0.904255 0.015293 0.015071
2 0.286902 0.947695 0.011303 0.022163
2 0.321809 0.941489 0.013298 0.018617
2 0.358045 0.770390 0.016622 0.011525
2 0.335439 0.743794 0.013963 0.013298
2 0.140625 0.801418 0.019282 0.022163
2 0.128657 0.736702 0.016622 0.025709
2 0.072141 0.802748 0.011303 0.030142
2 0.062500 0.836436 0.014628 0.007092
2 0.183511 0.790780 0.011968 0.018617
2 0.195479 0.835550 0.013298 0.024823
2 0.186170 0.867021 0.006649 0.018617
2 0.153590 0.918883 0.009309 0.021277
2 0.142287 0.945479 0.009309 0.012411
2 0.111370 0.972961 0.013963 0.010638
2 0.047207 0.910461 0.019947 0.018617
2 0.014960 0.862145 0.008644 0.019504
2 0.055186 0.798316 0.007979 0.015957
2 0.162234 0.832447 0.009309 0.023936
2 0.174535 0.905585 0.012633 0.014184
2 0.170545 0.949025 0.011303 0.010638
2 0.162566 0.936170 0.016622 0.015071
2 0.250332 0.839096 0.008644 0.012411
2 0.218418 0.882535 0.015293 0.008865
2 0.217088 0.570035 0.017952 0.016844
2 0.015957 0.717642 0.017287 0.012411
1 0.371011 0.697252 0.009309 0.015957
1 0.431516 0.813387 0.009309 0.023050
1 0.406250 0.787234 0.006649 0.006206
1 0.101729 0.482270 0.013298 0.018617
1 0.136303 0.473848 0.007979 0.008865
1 0.397274 0.519504 0.009973 0.009752
1 0.489029 0.501773 0.004654 0.006206
1 0.483378 0.574025 0.003989 0.007092
1 0.446144 0.718085 0.009309 0.011525
1 0.042221 0.590869 0.016622 0.017730
1 0.444149 0.110372 0.011968 0.015957
1 0.474734 0.356826 0.010638 0.019504
1 0.077128 0.415780 0.010638 0.020390
1 0.082114 0.356383 0.009973 0.020390
1 0.159574 0.361702 0.005319 0.006206
1 0.010306 0.249113 0.020612 0.013298
1 0.010971 0.185727 0.008644 0.012411
1 0.270279 0.187943 0.004654 0.011525
1 0.375665 0.271277 0.007979 0.006206
1 0.253989 0.507979 0.007979 0.016844
1 0.236702 0.417110 0.009309 0.007092
1 0.429854 0.846188 0.007314 0.014184
1 0.298537 0.824025 0.007979 0.017730
1 0.301529 0.842199 0.005984 0.006206
1 0.152593 0.867465 0.005984 0.005319
1 0.163564 0.874557 0.007979 0.007092
1 0.147274 0.884752 0.005984 0.009752
1 0.120013 0.908245 0.004654 0.007092
1 0.122673 0.925089 0.009973 0.008865
1 0.213763 0.960550 0.012633 0.017730
1 0.272939 0.971631 0.005984 0.006206
1 0.267620 0.986702 0.013963 0.016844
1 0.281250 0.974291 0.009309 0.006206
1 0.321476 0.872340 0.004654 0.006206
1 0.327128 0.890071 0.006649 0.006206
1 0.443816 0.513741 0.004654 0.008865