0 0.831782 0.195922 0.019947 0.024823
0 0.845745 0.115248 0.013298 0.019504
0 0.867021 0.117908 0.026596 0.031915
0 0.583112 0.264184 0.019947 0.019504
0 0.289229 0.616135 0.017287 0.024823
1 0.548537 0.632979 0.009309 0.019504
1 0.304521 0.233156 0.010638 0.010638
1 0.362367 0.116135 0.009309 0.010638
1 0.474734 0.090426 0.005319 0.005319
1 0.188830 0.708333 0.010638 0.014184
1 0.208777 0.843085 0.010638 0.028369
1 0.232713 0.918440 0.010638 0.015957
1 0.412234 0.875887 0.013298 0.015957
1 0.305851 0.862589 0.010638 0.021277
1 0.216755 0.700355 0.007979 0.012411
1 0.520612 0.686170 0.014628 0.015957
1 0.885638 0.241135 0.010638 0.015957