1 0.615691 0.319149 0.021277 0.026596
1 0.990691 0.439716 0.010638 0.019504
1 0.230053 0.492021 0.010638 0.017730
1 0.121676 0.378546 0.017287 0.017730
1 0.406250 0.382979 0.009309 0.023050
1 0.286569 0.585993 0.009309 0.021277
1 0.267952 0.762411 0.009309 0.012411
1 0.414894 0.636525 0.013298 0.026596
1 0.527926 0.629433 0.018617 0.026596
1 0.680851 0.401596 0.015957 0.028369
1 0.743351 0.189716 0.013298 0.015957
1 0.702128 0.247340 0.010638 0.014184
1 0.830452 0.351950 0.009309 0.010638
1 0.161569 0.677305 0.017287 0.026596
1 0.031915 0.660461 0.023936 0.010638
1 0.633644 0.523936 0.017287 0.021277
1 0.915559 0.644504 0.014628 0.021277
1 0.945479 0.884752 0.007979 0.019504
1 0.473404 0.767730 0.021277 0.015957
1 0.505319 0.634752 0.007979 0.015957
1 0.591755 0.625000 0.015957 0.014184
1 0.669548 0.581560 0.017287 0.015957
1 0.922207 0.545213 0.011968 0.014184
1 0.961436 0.555851 0.010638 0.017730
1 0.520612 0.962766 0.009309 0.026596
1 0.195479 0.538121 0.007979 0.014184