0 0.788564 0.100177 0.023936 0.017730
0 0.930851 0.392730 0.023936 0.021277
0 0.956782 0.526596 0.019947 0.023050
0 0.671543 0.642730 0.013298 0.028369
0 0.738697 0.679078 0.017287 0.023050
1 0.874335 0.664007 0.011968 0.017730
1 0.862367 0.499113 0.017287 0.021277
1 0.849069 0.282801 0.009309 0.017730
1 0.916223 0.181738 0.018617 0.021277
1 0.707447 0.148050 0.013298 0.017730
1 0.711436 0.060284 0.010638 0.019504
1 0.724734 0.519504 0.015957 0.026596
1 0.763963 0.545213 0.017287 0.017730
1 0.730053 0.590426 0.010638 0.015957
1 0.729388 0.568262 0.014628 0.014184
1 0.773271 0.603723 0.003989 0.007092
1 0.648271 0.846631 0.019947 0.021277
1 0.620346 0.907801 0.014628 0.015957
1 0.528590 0.894504 0.009309 0.028369
1 0.406915 0.896277 0.018617 0.024823
1 0.440160 0.902482 0.007979 0.012411
1 0.336436 0.727837 0.026596 0.021277
1 0.462101 0.427305 0.022606 0.012411
1 0.502660 0.401596 0.015957 0.007092
1 0.555851 0.381206 0.015957 0.012411
1 0.592420 0.370567 0.017287 0.008865
1 0.626330 0.367021 0.021277 0.008865
1 0.515957 0.454787 0.007979 0.007092
1 0.593085 0.669326 0.007979 0.014184
1 0.653590 0.769504 0.009309 0.012411
1 0.868351 0.911348 0.007979 0.008865
1 0.764628 0.915780 0.010638 0.017730
3 0.883644 0.689716 0.014628 0.019504
3 0.248005 0.092199 0.011968 0.023050
1 0.105053 0.568262 0.018617 0.014184
1 0.259973 0.726950 0.011968 0.019504
1 0.256649 0.926418 0.023936 0.021277
1 0.226729 0.680851 0.014628 0.023050
1 0.260638 0.687057 0.018617 0.017730
1 0.417553 0.601064 0.021277 0.015957
1 0.343750 0.329787 0.017287 0.023050
1 0.269282 0.396277 0.017287 0.017730
1 0.468750 0.633865 0.003989 0.010638
1 0.501995 0.605496 0.017287 0.007092
1 0.634309 0.644504 0.005319 0.035461
1 0.577793 0.813830 0.006649 0.019504