0 0.636303 0.097518 0.014628 0.019504
0 0.680851 0.094858 0.015957 0.021277
0 0.785239 0.080674 0.019947 0.017730
3 0.714096 0.088652 0.013298 0.026596
0 0.888298 0.091312 0.018617 0.021277
0 0.942819 0.100177 0.010638 0.021277
0 0.206117 0.122340 0.015957 0.023050
0 0.132314 0.048759 0.014628 0.014184
0 0.167553 0.012855 0.023936 0.025709
0 0.376995 0.134752 0.017287 0.023050
0 0.345745 0.218085 0.018617 0.030142
0 0.274601 0.433511 0.022606 0.017730
0 0.186170 0.430851 0.018617 0.019504
3 0.157580 0.422872 0.022606 0.021277
0 0.762633 0.726064 0.011968 0.021277
0 0.963431 0.538121 0.017287 0.028369
0 0.706782 0.224291 0.014628 0.024823
0 0.614362 0.145390 0.013298 0.033688
0 0.515293 0.104610 0.027926 0.012411
0 0.676862 0.273050 0.013298 0.023050
0 0.775266 0.186170 0.013298 0.023050
0 0.784574 0.146277 0.013298 0.028369
0 0.801197 0.262411 0.011968 0.030142
0 0.781915 0.324468 0.010638 0.026596
0 0.880984 0.293440 0.017287 0.021277
3 0.962101 0.262411 0.014628 0.023050
0 0.827793 0.246454 0.017287 0.015957
0 0.831117 0.448582 0.021277 0.023050
0 0.920213 0.421099 0.010638 0.024823
0 0.895612 0.467199 0.014628 0.024823
0 0.649601 0.702128 0.017287 0.026596
0 0.757979 0.843085 0.021277 0.021277
0 0.831782 0.813830 0.014628 0.015957
0 0.611702 0.976950 0.018617 0.030142
0 0.638298 0.946809 0.015957 0.030142
0 0.547207 0.801418 0.017287 0.023050
3 0.521277 0.842199 0.013298 0.030142
0 0.178856 0.710993 0.011968 0.030142
0 0.049202 0.851950 0.013298 0.021277
0 0.335771 0.509752 0.014628 0.021277
0 0.414229 0.429078 0.017287 0.019504
0 0.424867 0.364362 0.011968 0.010638
2 0.408910 0.232270 0.011968 0.040780
2 0.621676 0.278369 0.019947 0.012411
2 0.453457 0.222518 0.018617 0.021277
2 0.550532 0.182624 0.013298 0.026596
2 0.475399 0.179965 0.003989 0.010638
2 0.906250 0.687057 0.011968 0.014184
2 0.985372 0.773050 0.010638 0.023050
2 0.982048 0.665780 0.011968 0.024823
2 0.599069 0.834220 0.025266 0.014184
2 0.576463 0.897163 0.017287 0.030142
3 0.595745 0.631206 0.018617 0.019504
3 0.852394 0.855496 0.010638 0.017730
3 0.888298 0.828014 0.010638 0.019504
3 0.888963 0.856383 0.009309 0.008865
3 0.867021 0.781028 0.005319 0.010638
3 0.910904 0.519504 0.018617 0.019504
3 0.507314 0.481383 0.059840 0.039007
3 0.327128 0.404255 0.010638 0.019504
3 0.466090 0.302305 0.014628 0.010638
3 0.361037 0.252660 0.009309 0.017730
3 0.490691 0.129433 0.010638 0.015957
3 0.628989 0.326241 0.010638 0.015957
3 0.563830 0.750887 0.013298 0.017730
3 0.925532 0.626773 0.007979 0.021277
3 0.547207 0.879433 0.009309 0.015957
0 0.456117 0.594858 0.018617 0.017730
0 0.507314 0.577128 0.014628 0.017730
0 0.502660 0.517730 0.013298 0.023050
0 0.528590 0.561170 0.019947 0.010638
0 0.411569 0.497340 0.014628 0.017730
0 0.473404 0.795213 0.005319 0.010638
3 0.676862 0.771277 0.013298 0.026596
0 0.577128 0.390957 0.013298 0.021277
0 0.665559 0.357270 0.019947 0.014184
0 0.654920 0.407801 0.014628 0.008865
0 0.753989 0.563830 0.018617 0.026596
2 0.740691 0.337766 0.018617 0.031915
2 0.813830 0.285461 0.010638 0.023050
1 0.850399 0.203014 0.006649 0.021277
1 0.938165 0.287234 0.011968 0.012411
1 0.914229 0.328014 0.006649 0.019504
1 0.946809 0.354610 0.005319 0.015957
1 0.986702 0.282801 0.013298 0.014184
1 0.984707 0.410461 0.003989 0.010638
1 0.621011 0.593085 0.007979 0.017730
1 0.565160 0.603723 0.010638 0.010638
2 0.575133 0.657801 0.019947 0.040780
2 0.607048 0.750887 0.017287 0.017730
2 0.432181 0.649823 0.023936 0.017730
2 0.295878 0.628546 0.019947 0.028369
1 0.334441 0.920213 0.011968 0.015957
1 0.781915 0.906028 0.013298 0.015957
1 0.716090 0.924645 0.009309 0.014184
1 0.635638 0.782801 0.005319 0.017730
1 0.650931 0.820922 0.022606 0.019504
1 0.699468 0.777482 0.013298 0.028369
1 0.708777 0.719858 0.005319 0.012411
1 0.716090 0.748227 0.003989 0.008865
1 0.802527 0.670213 0.011968 0.023050
1 0.831117 0.671986 0.021277 0.019504
1 0.801862 0.554965 0.007979 0.023050
1 0.783245 0.540780 0.010638 0.019504
1 0.775266 0.484043 0.013298 0.008865
1 0.772606 0.438830 0.010638 0.021277
2 0.748005 0.420213 0.014628 0.019504
2 0.700133 0.418440 0.009309 0.015957
2 0.625000 0.476064 0.007979 0.003546
2 0.578457 0.316489 0.007979 0.017730
1 0.503324 0.361702 0.011968 0.019504
1 0.472739 0.447695 0.022606 0.017730
1 0.525931 0.398050 0.017287 0.010638
1 0.546543 0.332447 0.007979 0.014184
0 0.571809 0.157801 0.010638 0.019504
1 0.628989 0.223404 0.007979 0.012411
1 0.434840 0.325355 0.013298 0.010638
1 0.572473 0.249113 0.006649 0.014184
1 0.599734 0.348404 0.007979 0.010638
1 0.551862 0.360816 0.007979 0.021277
1 0.529920 0.690603 0.003989 0.014184
1 0.595745 0.694149 0.013298 0.014184
1 0.437500 0.782801 0.007979 0.007092
1 0.137633 0.736702 0.011968 0.014184
1 0.055851 0.752660 0.010638 0.007092
1 0.079787 0.775709 0.007979 0.007092
1 0.025931 0.766844 0.006649 0.007092
1 0.012633 0.742021 0.009309 0.014184
1 0.007314 0.682624 0.011968 0.015957
1 0.049202 0.707447 0.005319 0.005319
1 0.078457 0.611702 0.010638 0.012411
1 0.021277 0.496454 0.013298 0.023050
1 0.034574 0.632092 0.010638 0.014184
1 0.152926 0.598404 0.013298 0.024823
1 0.107713 0.649823 0.010638 0.014184
1 0.367686 0.438830 0.006649 0.014184
1 0.503324 0.341312 0.011968 0.017730
1 0.472739 0.254433 0.009309 0.007092
1 0.321809 0.189716 0.010638 0.008865
1 0.576463 0.419326 0.019947 0.017730
1 0.616356 0.416667 0.009309 0.012411
2 0.675532 0.387411 0.013298 0.014184
2 0.396941 0.566489 0.014628 0.028369
2 0.363032 0.721631 0.021277 0.033688