0 0.422872 0.174941 0.015957 0.028369
0 0.457447 0.046099 0.013298 0.026005
0 0.430851 0.040189 0.007979 0.023641
0 0.529255 0.035461 0.010638 0.018913
0 0.544548 0.075650 0.014628 0.028369
0 0.535239 0.151300 0.011968 0.023641
0 0.613697 0.154846 0.014628 0.011820
0 0.716755 0.262411 0.010638 0.014184
0 0.753989 0.248227 0.010638 0.014184
0 0.646277 0.105201 0.013298 0.016548
0 0.353059 0.388889 0.014628 0.016548
0 0.098404 0.288416 0.015957 0.023641
0 0.057181 0.369976 0.010638 0.026005
0 0.035239 0.602837 0.014628 0.033097
0 0.418883 0.743499 0.021277 0.021277
0 0.406250 0.447991 0.014628 0.030733
0 0.572473 0.770686 0.017287 0.023641
0 0.695479 0.632388 0.010638 0.021277
0 0.702128 0.689125 0.015957 0.016548
0 0.759309 0.607565 0.013298 0.018913
0 0.804521 0.495272 0.018617 0.016548
0 0.883644 0.531915 0.009309 0.033097
0 0.769947 0.839243 0.023936 0.023641
0 0.840426 0.702128 0.018617 0.023641
0 0.619681 0.587470 0.021277 0.016548
0 0.582447 0.563830 0.013298 0.021277
0 0.612367 0.535461 0.011968 0.021277
0 0.629654 0.509456 0.006649 0.030733
0 0.670213 0.478723 0.018617 0.026005
0 0.654920 0.515366 0.017287 0.018913
0 0.659809 0.494368 0.011733 0.009734
0 0.436412 0.901569 0.009671 0.023641
0 0.392892 0.919837 0.014507 0.012895
0 0.617747 0.898345 0.009671 0.021492
0 0.601426 0.986460 0.013298 0.021492
0 0.618351 0.782291 0.010880 0.017193
0 0.721107 0.781216 0.013298 0.015044
0 0.708414 0.740383 0.007253 0.019342
0 0.626209 0.260047 0.014507 0.021492
0 0.570600 0.289061 0.012089 0.015044
0 0.591755 0.396518 0.015716 0.010746
0 0.576644 0.459918 0.012089 0.025790
0 0.534333 0.625403 0.009671 0.025790
0 0.582689 0.647969 0.012089 0.023641
2 0.881286 0.981087 0.019342 0.023641
2 0.539773 0.534064 0.008462 0.032237
2 0.666707 0.161186 0.006044 0.030088
2 0.714458 0.476037 0.012089 0.015044
2 0.414047 0.367505 0.008462 0.030088
2 0.495044 0.125725 0.022969 0.015044
2 0.440039 0.568450 0.014507 0.045132
2 0.384429 0.566301 0.026596 0.032237
2 0.534333 0.435203 0.014507 0.023641
2 0.247824 0.984634 0.012089 0.030732
2 0.733801 0.323447 0.012089 0.019342
2 0.467843 0.252525 0.014507 0.023641
0 0.459381 0.954223 0.024178 0.021492
0 0.578457 0.802708 0.018133 0.023641
0 0.480537 0.356759 0.015716 0.034386
0 0.321567 0.082742 0.012089 0.015044
0 0.840788 0.162261 0.008462 0.027939
1 0.667916 0.339566 0.006044 0.017193
1 0.696929 0.894047 0.008462 0.021492
1 0.699347 0.920911 0.008462 0.015044
1 0.145068 0.795186 0.012089 0.025790
1 0.307664 0.499678 0.013298 0.015044
1 0.621978 0.386847 0.010880 0.012895
1 0.589338 0.435203 0.015716 0.015044
1 0.794246 0.277240 0.012089 0.021492
1 0.447292 0.459918 0.004836 0.008597
1 0.291888 0.053191 0.009309 0.021277
1 0.314495 0.039007 0.017287 0.026005
0 0.511303 0.527187 0.014628 0.018913
0 0.511968 0.663121 0.007979 0.021277
1 0.083112 0.804965 0.009309 0.026005
1 0.077128 0.898345 0.007979 0.014184
1 0.232048 0.505910 0.011968 0.014184
1 0.786569 0.009456 0.011968 0.018912
1 0.632314 0.737589 0.009309 0.023641
1 0.258644 0.634752 0.014628 0.016548
1 0.162234 0.626478 0.015957 0.023641
1 0.148271 0.845154 0.014628 0.021277
1 0.511303 0.820331 0.006649 0.014184
1 0.188830 0.215130 0.010638 0.028369
1 0.061170 0.193853 0.013298 0.018913
1 0.057846 0.044917 0.014628 0.014184
1 0.677527 0.412530 0.006649 0.007092
1 0.919548 0.475177 0.006649 0.014184
1 0.017952 0.774232 0.009309 0.021277
1 0.042553 0.795508 0.010638 0.016548
1 0.480718 0.563830 0.009309 0.011820
1 0.656915 0.413712 0.007979 0.014184
1 0.217420 0.717494 0.009309 0.016548