0 0.936915 0.407771 0.037109 0.045521
1 0.589325 0.443968 0.014651 0.014294
1 0.573602 0.420621 0.018225 0.012388
1 0.655791 0.423004 0.011792 0.022870
1 0.651753 0.549457 0.017867 0.018106
1 0.644964 0.622594 0.014294 0.018582
1 0.783186 0.526539 0.018582 0.018582
1 0.794442 0.628502 0.015366 0.013817
1 0.805246 0.590981 0.013937 0.022156
1 0.901194 0.448899 0.008576 0.023585
1 0.897441 0.359491 0.011792 0.011435
1 0.750786 0.886221 0.009648 0.021441
1 0.435025 0.780670 0.012864 0.025356
1 0.483127 0.971586 0.008390 0.016407
1 0.147308 0.726974 0.009509 0.017898
1 0.045510 0.797822 0.009509 0.026848
1 0.375792 0.480871 0.014542 0.017898
1 0.362089 0.440227 0.015102 0.023119
1 0.456335 0.492654 0.012305 0.019390
1 0.300283 0.431576 0.008949 0.011187
1 0.281266 0.353643 0.010068 0.011932
1 0.280427 0.466254 0.009509 0.010441
1 0.374953 0.840331 0.015102 0.017898
1 0.241834 0.728093 0.011746 0.012678
1 0.056417 0.566038 0.008949 0.013424
2 0.751995 0.414498 0.011187 0.028339
2 0.766537 0.380192 0.013424 0.014915
2 0.807368 0.417108 0.013424 0.011187
2 0.840928 0.389515 0.015661 0.009695
2 0.914199 0.399209 0.016780 0.012678
2 0.895742 0.117086 0.017898 0.008949
2 0.900776 0.131628 0.005593 0.021627
1 0.958106 0.050339 0.015102 0.023119
1 0.975446 0.170035 0.015102 0.016407
1 0.784044 0.695652 0.007271 0.008949
3 0.768104 0.458125 0.010068 0.015661
1 0.577485 0.805429 0.011187 0.016407
2 0.368241 0.879111 0.010627 0.029831
2 0.386140 0.899620 0.011746 0.018644
2 0.937971 0.832799 0.015102 0.014170
2 0.955590 0.868596 0.015661 0.009695
2 0.952513 0.882020 0.013983 0.012678
2 0.939928 0.869714 0.006712 0.023865
2 0.928462 0.848087 0.010627 0.017898
2 0.976564 0.787307 0.008390 0.024610
2 0.401465 0.242747 0.010627 0.020136
2 0.428313 0.162204 0.008390 0.021627
2 0.071519 0.132374 0.010068 0.026102
2 0.393691 0.348199 0.007831 0.017153
2 0.208554 0.479081 0.008949 0.016407
2 0.092884 0.356279 0.010495 0.013993
2 0.077988 0.358084 0.013203 0.012187
2 0.767765 0.151127 0.007351 0.018990
2 0.912261 0.250184 0.007811 0.017153
2 0.956230 0.274320 0.012864 0.009802
2 0.895124 0.287797 0.011946 0.014702
2 0.889840 0.262497 0.008729 0.022666
2 0.878124 0.250245 0.011027 0.015315
2 0.882719 0.265560 0.005513 0.016540
2 0.768317 0.287307 0.008270 0.026954
2 0.752695 0.282100 0.011027 0.012864
2 0.896870 0.328657 0.011027 0.012864
2 0.892964 0.344278 0.010567 0.013477
2 0.883316 0.306910 0.014243 0.007351
2 0.897651 0.492526 0.008729 0.019603
2 0.879043 0.453933 0.017459 0.012252
2 0.842747 0.509066 0.006432 0.024504
2 0.835855 0.508148 0.006432 0.016540
2 0.849868 0.488544 0.013324 0.015315
2 0.875276 0.516418 0.007351 0.019603
2 0.857357 0.517030 0.010108 0.013477
2 0.976354 0.620559 0.018378 0.012252
2 0.978192 0.648125 0.006432 0.011027
2 0.965557 0.654251 0.009648 0.013477
2 0.972678 0.569713 0.008270 0.015927
2 0.995651 0.707853 0.008270 0.017765
2 0.992434 0.747978 0.007351 0.014702
2 0.932477 0.752083 0.009648 0.016540
2 0.946490 0.699706 0.011946 0.015927
2 0.946949 0.678265 0.007351 0.020828
2 0.935004 0.598934 0.004594 0.018990
2 0.880789 0.570755 0.014702 0.014090
2 0.962662 0.289084 0.009189 0.016540
2 0.562760 0.093666 0.007351 0.017765
2 0.360466 0.275300 0.011486 0.009802
2 0.351048 0.248959 0.007351 0.018378
2 0.027046 0.157682 0.010108 0.009802
2 0.163961 0.580679 0.012864 0.020216
2 0.051580 0.533264 0.014702 0.011639
2 0.018041 0.540002 0.011027 0.007964
2 0.009311 0.553173 0.011027 0.004901
2 0.038027 0.568182 0.013324 0.009189
2 0.032513 0.635996 0.015162 0.009802
2 0.025162 0.703994 0.015162 0.008576
2 0.005804 0.677346 0.011608 0.005513
2 0.140943 0.680103 0.011486 0.019603
2 0.012528 0.880483 0.016540 0.021441
2 0.019879 0.858123 0.011027 0.018378
2 0.054797 0.890591 0.011027 0.012252
2 0.064675 0.889978 0.008729 0.030630
2 0.071566 0.854141 0.015162 0.011639
2 0.080526 0.830556 0.011027 0.014702
2 0.077999 0.811872 0.019756 0.011639
2 0.090863 0.794107 0.008729 0.014090
2 0.114065 0.778792 0.008270 0.022666
2 0.129457 0.770216 0.015162 0.017765
2 0.128767 0.796864 0.015621 0.011027
2 0.149672 0.815241 0.028026 0.018378
2 0.168510 0.841277 0.016081 0.016540
2 0.174482 0.819223 0.011486 0.018990
2 0.217441 0.800233 0.007351 0.021441
2 0.225940 0.867312 0.017000 0.014702
2 0.233751 0.905905 0.006892 0.024504
2 0.262237 0.899779 0.012405 0.018378
2 0.250521 0.853529 0.011946 0.016540
2 0.257642 0.796251 0.013324 0.014702
2 0.202049 0.823818 0.012405 0.009802
2 0.204576 0.837907 0.012864 0.015927
2 0.165983 0.760108 0.013783 0.026954
2 0.077539 0.748162 0.009648 0.017765
2 0.251669 0.682002 0.014243 0.011639
2 0.255345 0.661174 0.007811 0.022666
2 0.304735 0.790615 0.014702 0.024504
2 0.289344 0.732419 0.012405 0.008576
2 0.329040 0.818304 0.024351 0.012252
2 0.348337 0.750306 0.014243 0.013477
2 0.354769 0.708344 0.014243 0.023891
2 0.320770 0.709262 0.005973 0.020828
2 0.343742 0.733460 0.005973 0.012864
2 0.337310 0.728253 0.004135 0.020828
2 0.334094 0.746018 0.009648 0.020828
2 0.341445 0.642367 0.006892 0.017153
2 0.412430 0.636241 0.007351 0.017153
2 0.469401 0.758576 0.011027 0.025116
2 0.498116 0.746324 0.008729 0.026342
2 0.483873 0.733460 0.015162 0.017765
2 0.581138 0.505575 0.008270 0.015315
2 0.366761 0.739892 0.013783 0.018378
2 0.357801 0.795945 0.010567 0.020216
2 0.434988 0.711713 0.014243 0.017153
2 0.502068 0.780630 0.013324 0.017765
2 0.521135 0.704668 0.008270 0.022666
2 0.513783 0.816773 0.008270 0.017765
2 0.490122 0.924283 0.014243 0.014702
2 0.513783 0.915094 0.008270 0.023279
2 0.531242 0.797170 0.009189 0.022666
2 0.555134 0.845565 0.013783 0.026342
2 0.563404 0.912031 0.011946 0.019603
2 0.575119 0.859348 0.007811 0.015927
2 0.585687 0.831781 0.010567 0.022053
2 0.595795 0.700686 0.009648 0.020828
2 0.571444 0.704668 0.019756 0.011639
2 0.607970 0.691803 0.007351 0.021441
2 0.593865 0.909275 0.006892 0.020216
2 0.607419 0.874357 0.007351 0.020216
2 0.614999 0.901617 0.012405 0.014702
2 0.618905 0.921833 0.008270 0.015927
2 0.632229 0.925508 0.009189 0.028179
2 0.637374 0.868231 0.014702 0.012864
2 0.633469 0.845259 0.017000 0.011027
2 0.615321 0.809115 0.011027 0.011027
2 0.625888 0.825655 0.006432 0.023279
2 0.598551 0.836682 0.006892 0.017153
2 0.616470 0.716614 0.011486 0.017153
2 0.671144 0.696092 0.020675 0.010414
2 0.614172 0.753676 0.010567 0.020216
2 0.623361 0.747550 0.007811 0.020216
2 0.640820 0.742036 0.012405 0.018990
2 0.626577 0.528547 0.013324 0.015927
2 0.657131 0.490872 0.015621 0.011639
2 0.678954 0.513845 0.008729 0.019603
2 0.719845 0.513232 0.015162 0.022053
2 0.673441 0.561014 0.015162 0.014702
2 0.656901 0.562852 0.018837 0.018378
2 0.672063 0.590419 0.007811 0.019603
2 0.718926 0.567447 0.017918 0.014090
2 0.782100 0.500368 0.015621 0.019603
2 0.771073 0.556114 0.012864 0.013477
2 0.837004 0.593850 0.009648 0.019603
2 0.825058 0.611921 0.011486 0.012864
2 0.848720 0.622948 0.016540 0.009189
2 0.854922 0.633668 0.016081 0.008576
2 0.750077 0.652230 0.018837 0.018990
2 0.711483 0.747060 0.011486 0.020216
2 0.652352 0.773095 0.014702 0.007351
2 0.658785 0.786572 0.012864 0.008576
2 0.655339 0.796986 0.023432 0.012252
2 0.656258 0.808932 0.017918 0.012864
2 0.645690 0.818427 0.011486 0.011027
2 0.680608 0.816589 0.017918 0.012252
2 0.681297 0.792085 0.010108 0.019603
2 0.689108 0.761456 0.009189 0.019603
2 0.700135 0.792085 0.018378 0.012252
2 0.699446 0.816222 0.017918 0.010537
2 0.765927 0.766234 0.013783 0.023279
2 0.761792 0.732847 0.016540 0.010414
2 0.772360 0.715695 0.008270 0.014090
2 0.781089 0.796864 0.011946 0.015927
2 0.796940 0.844646 0.010567 0.017153
2 0.818304 0.901924 0.010108 0.018990
2 0.840128 0.894879 0.009648 0.020828
2 0.879303 0.797167 0.016324 0.017772
2 0.745482 0.852303 0.011486 0.016540
2 0.734685 0.924283 0.016540 0.013477
2 0.743644 0.908049 0.016081 0.011639
2 0.725956 0.862411 0.010108 0.012252
2 0.726415 0.876807 0.008270 0.011639
2 0.684835 0.853835 0.014243 0.017153
2 0.732847 0.803908 0.016540 0.032468
2 0.809345 0.773279 0.012405 0.016540
2 0.745942 0.791044 0.015162 0.011639
2 0.909275 0.753247 0.008270 0.024504
2 0.913869 0.902352 0.014702 0.017153
2 0.897789 0.887344 0.006432 0.016540
2 0.904910 0.842624 0.014243 0.009189
2 0.886992 0.866822 0.009648 0.011027
2 0.899626 0.871416 0.008270 0.017765
2 0.929950 0.877236 0.006432 0.022053
2 0.914099 0.868966 0.013324 0.010414
2 0.913410 0.886425 0.014702 0.009802
2 0.822210 0.737135 0.018837 0.009189
2 0.827034 0.675570 0.014702 0.008576
2 0.848398 0.670363 0.011486 0.006739
2 0.882397 0.749632 0.006892 0.016540
2 0.884509 0.707060 0.006606 0.027815
2 0.895288 0.696862 0.010778 0.014835
2 0.894592 0.714478 0.003825 0.013908
2 0.844177 0.699411 0.005215 0.021789
2 0.856694 0.685504 0.008692 0.010662
2 0.873905 0.701729 0.005563 0.021789
2 0.858606 0.701497 0.009040 0.013908
2 0.007231 0.732419 0.012280 0.026509
2 0.238168 0.820405 0.005718 0.012706
2 0.219109 0.823264 0.004765 0.013341
2 0.785290 0.824535 0.012864 0.013341
2 0.839845 0.731466 0.008576 0.011435
1 0.774808 0.349724 0.008100 0.010800
1 0.753129 0.384347 0.006670 0.017788
1 0.804825 0.521568 0.010006 0.012706
1 0.855806 0.603837 0.007147 0.010800
1 0.860571 0.570485 0.010006 0.008894
1 0.822454 0.593990 0.011912 0.010165
1 0.868909 0.673274 0.014294 0.015247
1 0.871292 0.692014 0.009529 0.018423
1 0.882727 0.765707 0.009529 0.010800
1 0.854377 0.731720 0.008100 0.008894
1 0.720015 0.725367 0.007147 0.007623
1 0.732902 0.884198 0.007257 0.010555
1 0.722347 0.891235 0.005937 0.009676
1 0.726305 0.902230 0.004618 0.008796
1 0.731583 0.897832 0.005278 0.007917
1 0.739170 0.893434 0.005278 0.012315
1 0.791452 0.933237 0.006267 0.010995
1 0.940482 0.971632 0.006267 0.007917
1 0.960769 0.816159 0.003958 0.005718
1 0.848617 0.824955 0.005937 0.010995
1 0.861316 0.756212 0.004288 0.007037
1 0.741578 0.749615 0.004948 0.005278
1 0.753947 0.755113 0.007917 0.012755
1 0.487355 0.838897 0.008576 0.008796
1 0.423858 0.751814 0.006267 0.007037
1 0.327011 0.778203 0.005608 0.011435
1 0.340205 0.798434 0.004288 0.010555
1 0.212220 0.918591 0.009566 0.010555
1 0.258895 0.961912 0.005278 0.008356
1 0.282579 0.840304 0.009236 0.010555
1 0.097429 0.741435 0.006927 0.010555
1 0.004244 0.808946 0.007257 0.008356
1 0.351585 0.570770 0.007541 0.011829
1 0.347815 0.602413 0.007098 0.013604
1 0.454279 0.339563 0.008872 0.010055
1 0.517493 0.341042 0.006654 0.008281
1 0.640149 0.313539 0.008872 0.008872
1 0.752381 0.200035 0.007098 0.011829
1 0.813287 0.370971 0.008428 0.005915
1 0.495845 0.586029 0.007541 0.010646
1 0.387606 0.634234 0.010203 0.010055
1 0.373366 0.376353 0.007098 0.008872
1 0.989058 0.282576 0.009545 0.012726
1 0.910004 0.703702 0.006640 0.017706
1 0.923283 0.706192 0.005810 0.009406
2 0.672758 0.547336 0.019504 0.014386
2 0.528278 0.470364 0.012150 0.013341