2 0.247340 0.243794 0.018617 0.021277
2 0.303191 0.118794 0.015957 0.033688
2 0.567819 0.325355 0.021277 0.024823
2 0.858378 0.564716 0.011968 0.035461
2 0.917553 0.545213 0.026596 0.024823
2 0.600399 0.588652 0.025266 0.030142
2 0.599069 0.646277 0.014628 0.031915
2 0.388298 0.686170 0.021277 0.026596
2 0.559840 0.788121 0.018617 0.031915
2 0.580452 0.811170 0.033245 0.017730
2 0.767287 0.904255 0.010638 0.026596
0 0.636968 0.371454 0.018617 0.021277
0 0.557181 0.428191 0.013298 0.014184
0 0.536569 0.463652 0.011968 0.017730
0 0.449468 0.620567 0.015957 0.026596
0 0.198803 0.560284 0.022606 0.019504
0 0.083112 0.586879 0.022606 0.026596
0 0.277261 0.806738 0.014628 0.026596
0 0.305851 0.760638 0.023936 0.019504
0 0.563165 0.926418 0.019947 0.017730
0 0.382314 0.989805 0.019947 0.020390
0 0.920878 0.917553 0.017287 0.024823
0 0.783910 0.470745 0.014628 0.017730
0 0.679521 0.630319 0.013298 0.031915
0 0.629654 0.836879 0.014628 0.019504
0 0.872340 0.826241 0.015957 0.023050
0 0.622340 0.877660 0.018617 0.037234
1 0.601064 0.293440 0.015957 0.014184
1 0.636968 0.085993 0.010638 0.017730
1 0.669548 0.065603 0.017287 0.019504
1 0.701463 0.213652 0.019947 0.017730
1 0.680851 0.155142 0.010638 0.017730
1 0.600399 0.098404 0.011968 0.010638
1 0.924867 0.207447 0.014628 0.026596
1 0.605718 0.245567 0.009309 0.021277
1 0.799867 0.627660 0.014628 0.023050
1 0.813165 0.388298 0.014628 0.023050
1 0.839096 0.500887 0.013298 0.021277
1 0.908245 0.487589 0.013298 0.012411
1 0.928191 0.508865 0.007979 0.015957
1 0.857713 0.682624 0.015957 0.030142
1 0.332447 0.349291 0.013298 0.023050
1 0.563986 0.187735 0.006258 0.011473
1 0.660591 0.257092 0.013298 0.010430
1 0.742725 0.114727 0.013298 0.011473
1 0.617960 0.269608 0.015645 0.008344
1 0.711827 0.336879 0.007822 0.009387
1 0.721996 0.420839 0.009387 0.018773
1 0.773623 0.341573 0.007822 0.012516
1 0.538173 0.349917 0.010951 0.016688
1 0.599578 0.538694 0.010169 0.018773
1 0.889393 0.313934 0.010951 0.011473
1 0.819384 0.616395 0.010169 0.011473
1 0.988345 0.215373 0.005476 0.010430
1 0.953145 0.269608 0.008605 0.012516
1 0.629693 0.587714 0.009387 0.018773
2 0.458385 0.475073 0.014080 0.018773
2 0.990691 0.642991 0.017991 0.025031
2 0.806086 0.650814 0.022685 0.015645
2 0.920291 0.583020 0.010169 0.021902
2 0.501017 0.493325 0.014862 0.015645
2 0.961749 0.564247 0.013298 0.015645
2 0.793179 0.418231 0.009387 0.009387
2 0.810779 0.502712 0.011733 0.021902
2 0.878442 0.521485 0.007822 0.015645
2 0.892131 0.518878 0.007040 0.010430
2 0.980523 0.587714 0.007040 0.016688
2 0.788094 0.528786 0.007040 0.011473
2 0.619524 0.640905 0.007822 0.012516
2 0.411452 0.580935 0.012516 0.017730
2 0.560466 0.355131 0.008605 0.014602
2 0.743116 0.918857 0.010951 0.017730
2 0.737641 0.856279 0.025031 0.015645
2 0.513533 0.902691 0.017991 0.022945
2 0.502972 0.855236 0.014080 0.023988
2 0.508839 0.797351 0.016427 0.014602
2 0.577675 0.705569 0.010169 0.025031
2 0.612093 0.707134 0.014862 0.021902
2 0.504537 0.680538 0.014080 0.012516
2 0.725516 0.753546 0.014862 0.020859
2 0.689534 0.754589 0.008605 0.016688
2 0.691880 0.707134 0.017991 0.026074
2 0.702441 0.699312 0.018773 0.016688
2 0.741943 0.726429 0.013298 0.027117
2 0.754459 0.736337 0.014862 0.028160
2 0.626173 0.736337 0.017991 0.023988
2 0.607791 0.749374 0.014080 0.018773
2 0.590973 0.743638 0.013298 0.028160
2 0.662547 0.768148 0.012516 0.016688
2 0.644556 0.627868 0.014080 0.017730
2 0.758761 0.776491 0.015645 0.018773
2 0.826033 0.695661 0.015645 0.013559
2 0.777926 0.698269 0.011733 0.020859
2 0.910122 0.745724 0.013298 0.028160
2 0.954318 0.733208 0.017209 0.026074
2 0.868664 0.707655 0.014862 0.016688
2 0.889002 0.732165 0.014862 0.017730
2 0.973482 0.694097 0.010169 0.018773
2 0.919509 0.685232 0.022685 0.013559
2 0.984434 0.777534 0.014862 0.008344
2 0.978567 0.798915 0.012516 0.019816
2 0.745463 0.837505 0.014080 0.015645
2 0.765019 0.949103 0.010951 0.017730
2 0.810388 0.901648 0.012516 0.020859
2 0.844024 0.901648 0.009387 0.025031
2 0.856931 0.860972 0.011733 0.022945
2 0.864753 0.741552 0.013298 0.021902
2 0.889393 0.771798 0.009387 0.013559
2 0.935936 0.748853 0.010169 0.015645
2 0.961358 0.713392 0.007822 0.009387
2 0.989675 0.739466 0.020650 0.026074
2 0.984825 0.834898 0.010951 0.014602
2 0.966051 0.848456 0.014080 0.022945
2 0.992804 0.853150 0.014392 0.017730
2 0.973874 0.871402 0.032854 0.020859
2 0.976220 0.901126 0.014080 0.023988
2 0.894477 0.804652 0.007040 0.006258
2 0.927331 0.801523 0.014862 0.012516
2 0.910513 0.775448 0.015645 0.006258
2 0.942584 0.780663 0.015645 0.012516
2 0.946105 0.804130 0.007040 0.005215
2 0.903082 0.796308 0.014862 0.012516
2 0.871793 0.803087 0.021120 0.023988
2 0.853411 0.793700 0.009387 0.015645
2 0.885482 0.855236 0.012516 0.013559
2 0.931242 0.838548 0.010169 0.013559
2 0.946496 0.970484 0.014080 0.020859
2 0.862797 0.891218 0.012516 0.014602
2 0.986546 0.987849 0.026908 0.024301
2 0.806868 0.836462 0.022685 0.028160
2 0.828770 0.794222 0.013298 0.014602
2 0.826815 0.850021 0.014080 0.013559
2 0.828379 0.865144 0.010951 0.014602
2 0.834637 0.822382 0.017209 0.020859
2 0.699312 0.794222 0.014080 0.020859
2 0.771277 0.814038 0.017209 0.006258
2 0.768539 0.798394 0.013298 0.020859
2 0.786921 0.786921 0.010951 0.018773
2 0.705569 0.735294 0.009387 0.019816
2 0.613658 0.796308 0.007040 0.025031
2 0.638298 0.897476 0.012516 0.022945
2 0.475986 0.872445 0.013298 0.020859
2 0.461514 0.926679 0.018773 0.008344
2 0.481070 0.909470 0.006258 0.021902
2 0.466599 0.802044 0.011733 0.023988
1 0.454865 0.888611 0.014862 0.019816
2 0.461514 0.915207 0.010951 0.012516
2 0.880788 0.912078 0.014080 0.025031
2 0.887046 0.836462 0.014080 0.019816
2 0.316020 0.464122 0.012516 0.019816
2 0.079787 0.529307 0.009387 0.020859
2 0.333620 0.299332 0.010169 0.023988
2 0.228411 0.685232 0.017209 0.013559
2 0.235451 0.748331 0.009387 0.022945
2 0.257744 0.710263 0.019556 0.011473
2 0.265566 0.639341 0.013298 0.015645
2 0.131805 0.561118 0.011733 0.019816
2 0.287078 0.532436 0.015645 0.012516
2 0.240144 0.891740 0.012516 0.015645
2 0.294900 0.566333 0.009387 0.017730
1 0.508057 0.967355 0.007040 0.010430
1 0.492804 0.730079 0.007822 0.011473
1 0.567115 0.735816 0.007822 0.016688
1 0.582760 0.772841 0.006258 0.013559
1 0.542866 0.735294 0.010951 0.013559
1 0.470901 0.772841 0.006258 0.009387
1 0.413798 0.866187 0.010951 0.016688
1 0.452128 0.827076 0.009387 0.011473
1 0.448999 0.840634 0.006258 0.009387
1 0.486937 0.820818 0.005476 0.013559
1 0.355914 0.653942 0.012516 0.011473
1 0.303113 0.665937 0.007040 0.010430
1 0.360607 0.518878 0.007822 0.012516
1 0.249140 0.536608 0.008605 0.008344
1 0.239753 0.552774 0.014862 0.007301
1 0.266349 0.532958 0.003911 0.011473
1 0.223326 0.765019 0.003911 0.008344
1 0.286686 0.713392 0.005476 0.007301
1 0.273780 0.727472 0.009387 0.016688
1 0.210419 0.731644 0.006258 0.012516
1 0.241708 0.694618 0.009387 0.019816
1 0.231931 0.818732 0.008605 0.011473
1 0.236233 0.844285 0.007822 0.010430
2 0.175610 0.751460 0.013298 0.031289
2 0.413407 0.758761 0.016427 0.047977
2 0.319149 0.837505 0.014080 0.019816
2 0.292944 0.901126 0.024249 0.032332
2 0.391896 0.818210 0.026596 0.016688
2 0.421230 0.823425 0.016427 0.020859
2 0.371949 0.778056 0.017991 0.019816
2 0.371558 0.803609 0.020338 0.012516
2 0.330100 0.803087 0.007822 0.011473
2 0.314064 0.816646 0.017991 0.015645
2 0.355131 0.780142 0.010951 0.019816
2 0.308589 0.861494 0.016427 0.019816
2 0.399718 0.916249 0.017209 0.022945
2 0.255788 0.937109 0.009387 0.016688
2 0.137672 0.644556 0.009387 0.017730
2 0.112641 0.759804 0.018773 0.014602
2 0.100125 0.771277 0.015645 0.016688
2 0.086436 0.790572 0.016427 0.019816
2 0.161139 0.729558 0.012516 0.014602
2 0.142365 0.715478 0.009387 0.013559
2 0.159574 0.680017 0.018773 0.011473
2 0.158010 0.665415 0.010951 0.015645
2 0.271433 0.567897 0.017209 0.012516
2 0.190864 0.896433 0.012516 0.022945
2 0.222935 0.927722 0.014080 0.022945
2 0.247966 0.872445 0.009387 0.018773
2 0.197121 0.825511 0.021902 0.012516
2 0.193992 0.862015 0.014080 0.020859
2 0.182259 0.855757 0.010951 0.022945
2 0.174046 0.881831 0.011733 0.016688
2 0.141974 0.863579 0.014862 0.021902
2 0.105601 0.936066 0.010951 0.020859
2 0.129459 0.963183 0.016427 0.014602
2 0.082134 0.903734 0.014080 0.012516
2 0.222935 0.735294 0.012516 0.026074
2 0.238971 0.725907 0.016427 0.009387
2 0.208464 0.327493 0.008605 0.017730
2 0.255788 0.138194 0.012516 0.010430
1 0.324625 0.121506 0.018773 0.018773
1 0.140801 0.196078 0.009387 0.009387
1 0.123592 0.205987 0.010951 0.016688
1 0.071574 0.349395 0.013298 0.019816
1 0.119290 0.149145 0.013298 0.013559
1 0.077441 0.163746 0.009387 0.011473