0 0.859884 0.026801 0.028945 0.042882
1 0.931041 0.031089 0.020101 0.025729
1 0.896468 0.411664 0.013669 0.032161
1 0.773049 0.363422 0.019297 0.025729
1 0.752144 0.614065 0.019297 0.021441
1 0.944709 0.731990 0.018493 0.019297
1 0.799582 0.703045 0.020905 0.025729
1 0.525005 0.614601 0.018493 0.022513
1 0.700686 0.800600 0.014473 0.025729
1 0.919740 0.801172 0.013937 0.021441
1 0.915720 0.787950 0.009112 0.010720
1 0.994443 0.687893 0.011113 0.017867
1 0.348878 0.858705 0.019297 0.013579
1 0.411056 0.956261 0.010720 0.014294
1 0.458226 0.824757 0.011792 0.021441
1 0.222109 0.890866 0.013401 0.023585
1 0.172742 0.939465 0.016081 0.029302
1 0.478595 0.693968 0.008576 0.012864
1 0.467874 0.702544 0.008576 0.014294
1 0.878037 0.811535 0.008576 0.019297
1 0.463350 0.533905 0.018868 0.021727
1 0.123385 0.725443 0.015437 0.018296
1 0.925519 0.645058 0.010203 0.016561
1 0.867407 0.639735 0.009316 0.015378
1 0.855873 0.638552 0.010203 0.015378
1 0.472556 0.423848 0.010646 0.015378
1 0.556840 0.480807 0.010646 0.013604
1 0.551074 0.585497 0.007985 0.013604
2 0.459825 0.589637 0.009139 0.013604
1 0.232440 0.465695 0.009648 0.020583
2 0.645120 0.860178 0.007055 0.023239
2 0.570215 0.926520 0.008300 0.022686
2 0.639974 0.948597 0.012864 0.016599
2 0.748077 0.836275 0.017429 0.024346
2 0.675580 0.753334 0.011205 0.012726
2 0.836344 0.858186 0.017844 0.016599
2 0.918096 0.840757 0.009545 0.022686
2 0.996708 0.905494 0.006584 0.023792
2 0.987191 0.912134 0.011620 0.014939
2 0.941750 0.910198 0.014524 0.015493
2 0.774097 0.967465 0.010375 0.018259
2 0.762145 0.538317 0.016184 0.030432
2 0.980759 0.503514 0.011205 0.012173
2 0.989681 0.085763 0.013279 0.014386
2 0.837091 0.032922 0.007885 0.022686
2 0.700354 0.221491 0.015769 0.012726
2 0.747662 0.321861 0.009960 0.022686
2 0.645991 0.594644 0.025729 0.018259
2 0.291554 0.583356 0.014524 0.016046
2 0.258977 0.612682 0.012450 0.017153
2 0.133030 0.682399 0.017014 0.027112
2 0.324047 0.395562 0.013279 0.016046
2 0.377580 0.297294 0.013279 0.011620
2 0.181085 0.870636 0.017014 0.029326
2 0.185235 0.891385 0.012035 0.022132
2 0.206192 0.881979 0.016599 0.018813
2 0.065305 0.862336 0.012864 0.027112
2 0.914569 0.505727 0.013279 0.016599
2 0.782189 0.712887 0.013279 0.024346
2 0.442072 0.365650 0.010627 0.026102
1 0.387147 0.080692 0.009509 0.014915
1 0.362536 0.331270 0.012864 0.019390
1 0.245078 0.315460 0.011746 0.016407
1 0.294578 0.471698 0.010068 0.015661
1 0.204974 0.544187 0.012305 0.014170
1 0.159837 0.512492 0.015102 0.017898
1 0.101946 0.524424 0.012305 0.020881
1 0.017209 0.891043 0.029644 0.035797
1 0.453874 0.981057 0.012305 0.014170
1 0.423391 0.887837 0.011746 0.018644
1 0.779402 0.797449 0.008949 0.017153
1 0.812122 0.867552 0.011746 0.014170
1 0.919513 0.701245 0.013983 0.015661
1 0.974724 0.751144 0.010006 0.009053
1 0.786545 0.555317 0.007862 0.008100
1 0.950853 0.473318 0.007147 0.010482
1 0.864089 0.409710 0.007862 0.011912
1 0.707750 0.385887 0.011078 0.009053
1 0.499846 0.527067 0.007719 0.013722
1 0.459451 0.649949 0.010292 0.010292
1 0.448645 0.646518 0.006175 0.007547
1 0.435009 0.655094 0.007719 0.012350
1 0.107170 0.082676 0.015437 0.032247