2 0.287350 0.701544 0.019297 0.034305
2 0.379425 0.603384 0.014034 0.017932
2 0.391120 0.613130 0.014034 0.010915
2 0.334808 0.810151 0.009941 0.025729
2 0.357906 0.832372 0.007017 0.028068
2 0.379834 0.942928 0.011110 0.018712
2 0.342995 0.943318 0.013449 0.013254
2 0.310541 0.841962 0.007017 0.019492
2 0.237447 0.788165 0.015203 0.019492
2 0.249142 0.836114 0.007017 0.023390
2 0.266977 0.962420 0.009941 0.020271
2 0.326037 0.986200 0.015788 0.017932
2 0.304694 0.982691 0.014034 0.010915
2 0.248616 0.909013 0.012280 0.013254
2 0.244230 0.870030 0.014034 0.027288
2 0.214993 0.832216 0.009356 0.020271
2 0.194819 0.804148 0.023975 0.023390
2 0.230489 0.903165 0.009941 0.015593
2 0.209438 0.924216 0.005263 0.015593
2 0.219963 0.939420 0.015788 0.017932
2 0.163243 0.978403 0.012280 0.014814
2 0.115586 0.836504 0.018712 0.010136
2 0.124064 0.804538 0.011110 0.033526
2 0.106230 0.799860 0.014034 0.019492
2 0.063835 0.868860 0.009941 0.017153
2 0.093365 0.590909 0.015203 0.017932
2 0.387202 0.687588 0.013449 0.021051
2 0.520642 0.779199 0.015788 0.021831
2 0.635253 0.793622 0.016958 0.014814
2 0.647532 0.777639 0.014619 0.012475
2 0.665367 0.759707 0.018712 0.014034
2 0.626014 0.911742 0.015788 0.015593
2 0.652327 0.941369 0.009941 0.023390
2 0.568708 0.976064 0.011110 0.022610
2 0.727935 0.878372 0.009356 0.024949
2 0.726181 0.848355 0.009356 0.016373
2 0.736999 0.854202 0.009941 0.023390
2 0.734952 0.750897 0.009356 0.022610
2 0.721796 0.723608 0.011110 0.011695
2 0.800737 0.719710 0.009941 0.008576
2 0.796059 0.736083 0.008771 0.014814
2 0.795182 0.882894 0.015203 0.017153
2 0.805122 0.861843 0.009356 0.018712
2 0.811262 0.927725 0.013449 0.022610
2 0.694605 0.870809 0.008186 0.024170
2 0.713317 0.865352 0.015203 0.013254
2 0.863013 0.853267 0.015203 0.015593
2 0.875877 0.825589 0.011695 0.019492
2 0.874123 0.805317 0.018712 0.013254
2 0.887572 0.792063 0.008186 0.014814
2 0.910962 0.768673 0.012864 0.017932
2 0.929089 0.762826 0.014034 0.021831
2 0.926166 0.785436 0.010525 0.009356
2 0.940200 0.802199 0.012864 0.016373
2 0.955111 0.795572 0.013449 0.014034
2 0.970314 0.799860 0.011110 0.017932
2 0.963590 0.827538 0.016373 0.012475
2 0.965344 0.738656 0.015203 0.032746
2 0.938738 0.667706 0.019297 0.023390
2 0.821612 0.700608 0.017542 0.010915
2 0.790328 0.677218 0.016958 0.012475
2 0.828512 0.629814 0.014034 0.015593
2 0.691915 0.555278 0.009356 0.020271
2 0.850733 0.523702 0.012864 0.011695
2 0.966806 0.567753 0.011110 0.018712
2 0.884356 0.344067 0.028653 0.019492
2 0.894004 0.292999 0.014034 0.018712
2 0.857750 0.116794 0.008186 0.028068
2 0.790211 0.208015 0.018127 0.014034
2 0.762670 0.009356 0.018712 0.018712
2 0.197275 0.946047 0.009941 0.018712
2 0.272708 0.881725 0.016958 0.017932
2 0.212186 0.876657 0.016373 0.014034
2 0.362642 0.793934 0.018127 0.013254
2 0.394219 0.744036 0.014619 0.011695
2 0.274053 0.569780 0.019881 0.020271
2 0.502924 0.711913 0.011695 0.017932
2 0.632855 0.623889 0.019881 0.012475
2 0.473686 0.221581 0.025729 0.021831
2 0.851025 0.890691 0.011110 0.031187
2 0.954526 0.338921 0.012280 0.008576
2 0.200199 0.520973 0.012280 0.021831
2 0.204584 0.574380 0.015203 0.027288
2 0.183066 0.739046 0.015203 0.022610
2 0.219613 0.755419 0.007602 0.019492
1 0.549411 0.896148 0.018127 0.015593
1 0.556136 0.929284 0.015203 0.021051
1 0.665192 0.709418 0.009941 0.025729
1 0.739572 0.600655 0.025144 0.026509
1 0.716474 0.604943 0.015203 0.014814
1 0.672910 0.599485 0.012280 0.030407
1 0.570579 0.551536 0.030992 0.028068
1 0.446320 0.715266 0.011695 0.023390
1 0.429362 0.694605 0.008186 0.011695
1 0.746881 0.871979 0.016373 0.032746
1 0.726415 0.832995 0.021051 0.009356
1 0.769102 0.854046 0.014034 0.015593
1 0.860089 0.709808 0.017542 0.014034
1 0.905115 0.690317 0.012864 0.023390
1 0.803661 0.693435 0.015788 0.018712
1 0.778809 0.631062 0.014034 0.018712
1 0.853364 0.588180 0.019297 0.014034
1 0.838746 0.797131 0.009941 0.026509
1 0.863305 0.466085 0.016958 0.020271
1 0.788165 0.444644 0.025729 0.016373
1 0.723550 0.406050 0.019297 0.014034
1 0.927920 0.259161 0.016373 0.015593
1 0.907454 0.171449 0.012864 0.017932
1 0.825296 0.182364 0.015788 0.011695
1 0.814478 0.171059 0.014034 0.015593
1 0.850148 0.064322 0.016373 0.011695
1 0.854826 0.042882 0.008186 0.012475
1 0.713609 0.105645 0.008771 0.019492
2 0.669402 0.189771 0.022805 0.015593
1 0.672618 0.206144 0.017542 0.012475
1 0.774072 0.317636 0.018127 0.023390
1 0.593969 0.171838 0.009941 0.020271
1 0.542511 0.174567 0.015788 0.022610
1 0.503918 0.174567 0.027483 0.021051
1 0.460646 0.144940 0.016958 0.019492
1 0.414042 0.136364 0.018712 0.013254
1 0.561399 0.246920 0.014034 0.021051
1 0.631276 0.268361 0.018127 0.015593
1 0.619172 0.371511 0.016373 0.017932
1 0.522688 0.380867 0.016373 0.021051
1 0.426789 0.447139 0.008186 0.027288
1 0.376501 0.280680 0.010525 0.024949
1 0.354397 0.233042 0.016373 0.014814
1 0.222536 0.082177 0.011110 0.020271
1 0.313465 0.308748 0.009356 0.023390
1 0.262299 0.427101 0.015788 0.018712
1 0.252943 0.609933 0.018127 0.016373
1 0.518478 0.488383 0.011695 0.024949
1 0.544207 0.466552 0.015203 0.012475
1 0.591104 0.498051 0.016373 0.017153
1 0.618880 0.514424 0.021636 0.028068
1 0.641685 0.523000 0.018127 0.023390
1 0.599875 0.764385 0.008186 0.017153
1 0.867106 0.682520 0.007017 0.015593
1 0.036293 0.554499 0.017542 0.020271
1 0.013196 0.587635 0.011110 0.017932
1 0.019920 0.696398 0.011695 0.015593
1 0.069917 0.581787 0.012280 0.021831
1 0.081319 0.528380 0.009356 0.013254
1 0.327323 0.720724 0.009941 0.012475
1 0.214174 0.902386 0.012864 0.012475
1 0.173534 0.914471 0.008771 0.010136
1 0.173534 0.926945 0.011110 0.011695
1 0.180610 0.269765 0.017542 0.014034
1 0.241131 0.241697 0.006432 0.009356