0 0.617686 0.622340 0.017287 0.023050
0 0.656915 0.498227 0.018617 0.023050
0 0.700133 0.533688 0.014628 0.023050
0 0.632979 0.573582 0.021277 0.014184
0 0.359707 0.486702 0.022606 0.017730
1 0.273936 0.311170 0.013298 0.024823
1 0.319149 0.042553 0.018617 0.026596
1 0.103059 0.068262 0.017287 0.024823
1 0.226064 0.116135 0.015957 0.028369
1 0.035239 0.114362 0.019947 0.017730
1 0.025266 0.153369 0.021277 0.014184
1 0.075133 0.159574 0.025266 0.015957
1 0.146277 0.477837 0.015957 0.039007
1 0.505319 0.746454 0.018617 0.023050
1 0.517952 0.622340 0.014628 0.019504
1 0.543883 0.741135 0.010638 0.023050
1 0.759309 0.668440 0.015957 0.019504
1 0.776596 0.434397 0.010638 0.019504
1 0.804521 0.202128 0.010638 0.019504
1 0.738697 0.100177 0.006649 0.024823
1 0.761303 0.115248 0.019947 0.019504
1 0.250665 0.602837 0.011968 0.015957
1 0.349069 0.740248 0.006649 0.014184
2 0.567154 0.607270 0.019947 0.028369
2 0.656915 0.828901 0.015957 0.024823
2 0.558511 0.644504 0.013298 0.028369
2 0.589096 0.649823 0.010638 0.014184
2 0.570479 0.734929 0.007979 0.010638
2 0.685505 0.763298 0.011968 0.024823
2 0.890293 0.848404 0.011968 0.017730
1 0.777261 0.314716 0.011968 0.017730
1 0.696144 0.282801 0.009309 0.014184
1 0.723404 0.320035 0.021277 0.014184
1 0.424202 0.837766 0.013298 0.024823
0 0.392287 0.839539 0.021277 0.021277
0 0.135638 0.853723 0.026596 0.046099
0 0.199468 0.958333 0.010638 0.021277
0 0.170878 0.989805 0.009309 0.020390
0 0.040559 0.671099 0.017287 0.014184
0 0.008644 0.531028 0.003989 0.017730