1 0.576930 0.578662 0.018010 0.024700
1 0.590309 0.522401 0.011835 0.016467
1 0.518010 0.704014 0.017496 0.019897
1 0.384734 0.654957 0.010292 0.013722
1 0.339708 0.822710 0.008748 0.018525
1 0.325043 0.649811 0.009262 0.014408
1 0.377530 0.801029 0.008233 0.011664
1 0.779160 0.603499 0.016981 0.015094
1 0.730017 0.125557 0.012350 0.021955
1 0.760789 0.232864 0.008233 0.013722
1 0.629262 0.223671 0.010292 0.012350
1 0.465626 0.237393 0.012350 0.015094
1 0.406964 0.024357 0.020583 0.024014
1 0.383551 0.814820 0.013894 0.020583
1 0.380515 0.713962 0.015437 0.016467
1 0.311818 0.645695 0.009777 0.015780
1 0.193208 0.738662 0.017496 0.021955
1 0.730429 0.900583 0.015437 0.016467
1 0.261184 0.617839 0.008748 0.014408
1 0.242556 0.970909 0.013894 0.024014
2 0.116484 0.937976 0.016981 0.019897
2 0.298388 0.866621 0.013379 0.019897
2 0.209623 0.841578 0.015952 0.023328
2 0.116226 0.853928 0.009262 0.021955
2 0.054734 0.917736 0.013894 0.026072
2 0.015369 0.783190 0.018525 0.014408
2 0.111338 0.599726 0.021098 0.011664
2 0.383190 0.859074 0.011321 0.028130
2 0.445403 0.765077 0.006690 0.018525
2 0.468302 0.800069 0.012350 0.017153
2 0.543431 0.889949 0.010292 0.028130
2 0.476792 0.935575 0.010806 0.024700
2 0.462384 0.938662 0.011835 0.019897
2 0.624477 0.843979 0.018010 0.013036
2 0.636569 0.812075 0.012350 0.034305
2 0.618045 0.805557 0.015437 0.018525
2 0.757753 0.785660 0.016981 0.021269
2 0.712727 0.802127 0.025729 0.022642
2 0.735112 0.832659 0.010806 0.026072
2 0.768559 0.830943 0.009777 0.024014
2 0.760583 0.864563 0.011321 0.022642
2 0.744631 0.905729 0.015437 0.017153
2 0.768045 0.900583 0.019039 0.016467
2 0.791973 0.878285 0.018525 0.014408
2 0.782196 0.956158 0.010292 0.023328
2 0.722762 0.923568 0.008748 0.015780
2 0.734082 0.935918 0.014923 0.015780
2 0.709383 0.947238 0.012864 0.021955
2 0.685969 0.922539 0.009262 0.027444
2 0.674134 0.981544 0.018525 0.013722
2 0.817959 0.973310 0.015952 0.016467
2 0.837256 0.976398 0.009262 0.014408
2 0.893602 0.925626 0.011835 0.022642
2 0.876878 0.817907 0.008233 0.029503
2 0.880995 0.782916 0.014408 0.013036
2 0.855780 0.798353 0.010292 0.026072
2 0.829280 0.833002 0.007719 0.018525
2 0.907496 0.673482 0.011835 0.023328
2 0.903122 0.596638 0.014408 0.020583
2 0.913413 0.601098 0.016467 0.010292
2 0.799434 0.563362 0.018010 0.017153
2 0.912075 0.730566 0.014408 0.012350
2 0.651286 0.344768 0.008233 0.024014
2 0.541681 0.171870 0.016467 0.022642
2 0.469383 0.071012 0.019039 0.015780
2 0.308319 0.034991 0.009777 0.021955
2 0.447050 0.511286 0.012864 0.013722
2 0.149108 0.780515 0.016981 0.010978
2 0.141132 0.752041 0.011321 0.008919
2 0.758113 0.441578 0.009262 0.020583
2 0.721835 0.513276 0.015952 0.022642
2 0.856810 0.927684 0.013379 0.011664
2 0.208491 0.330223 0.011835 0.022642
2 0.564683 0.877942 0.007719 0.017839
2 0.543585 0.684117 0.018010 0.021269
2 0.391269 0.889949 0.021098 0.021269
2 0.604305 0.587925 0.018010 0.019897
2 0.703619 0.738525 0.018010 0.023328
2 0.566329 0.237393 0.012864 0.030189
2 0.249245 0.713070 0.033448 0.029503
1 0.499022 0.256947 0.008748 0.011664
1 0.412316 0.479794 0.008233 0.010292
1 0.320978 0.414614 0.008748 0.014408
1 0.650257 0.219417 0.007204 0.010978
1 0.615523 0.771458 0.009777 0.012350
1 0.556861 0.747444 0.008748 0.010978
1 0.577187 0.832590 0.007204 0.014408
1 0.395026 0.687822 0.010292 0.011664
1 0.239211 0.802127 0.008233 0.017153