2 0.873971 0.251286 0.021870 0.042882
0 0.879117 0.078902 0.032161 0.030875
0 0.793568 0.042882 0.025729 0.034305
2 0.760763 0.087479 0.016724 0.027444
2 0.516981 0.155232 0.012864 0.025729
2 0.446870 0.165523 0.014151 0.032590
2 0.370326 0.309605 0.012864 0.032590
0 0.374185 0.357633 0.030875 0.036021
2 0.327873 0.469125 0.018010 0.018868
0 0.036492 0.359348 0.024443 0.025729
2 0.054503 0.506861 0.024443 0.022298
2 0.242324 0.632933 0.011578 0.027444
2 0.339451 0.666381 0.018010 0.018868
0 0.272556 0.911664 0.028302 0.025729
2 0.561364 0.271012 0.021870 0.017153
2 0.520840 0.017153 0.020583 0.017153
2 0.674571 0.240137 0.014151 0.017153
2 0.689365 0.254717 0.023156 0.015437
2 0.824443 0.268439 0.010292 0.022298
2 0.831518 0.289880 0.014151 0.030875
2 0.772341 0.350772 0.011578 0.032590
1 0.534348 0.351630 0.014151 0.020583
0 0.657204 0.410806 0.015437 0.032590
0 0.762050 0.498285 0.019297 0.039451
2 0.938937 0.540309 0.012864 0.027444
2 0.909348 0.665523 0.015437 0.024014
2 0.766552 0.628645 0.012864 0.025729
2 0.794211 0.668096 0.016724 0.022298
0 0.615394 0.593482 0.024443 0.027444
2 0.526629 0.598628 0.021870 0.020583
2 0.382547 0.834477 0.019297 0.018868
2 0.352959 0.892796 0.014151 0.022298
2 0.388336 0.944254 0.012864 0.022298
2 0.540137 0.839623 0.012864 0.022298
2 0.523413 0.951973 0.018010 0.024014
2 0.680360 0.981132 0.020583 0.020583
1 0.715094 0.917667 0.012864 0.013722
1 0.738894 0.873070 0.014151 0.020583
2 0.721527 0.734134 0.030875 0.037736
0 0.675214 0.654374 0.023156 0.029160
0 0.832804 0.849914 0.016724 0.036021
2 0.772341 0.867925 0.019297 0.017153
2 0.763336 0.939966 0.019297 0.017153
2 0.877830 0.792453 0.021870 0.027444
1 0.914494 0.827616 0.015437 0.018868
2 0.804503 0.075472 0.019297 0.020583