2 0.471955 0.819897 0.180103 0.360206
1 0.547634 0.301141 0.019297 0.038369
1 0.661525 0.392645 0.014000 0.019675
1 0.813364 0.695843 0.009081 0.015639
1 0.841363 0.771264 0.007567 0.013117
1 0.862741 0.692312 0.007946 0.010594
1 0.599097 0.716083 0.009189 0.015519
1 0.681491 0.738218 0.011027 0.011435
1 0.682410 0.844401 0.005513 0.014702
2 0.579188 0.599771 0.013477 0.015519
2 0.884873 0.638977 0.007351 0.018786
2 0.593952 0.386180 0.011639 0.034305
2 0.628870 0.599363 0.007964 0.017969
2 0.217696 0.622233 0.015315 0.009802
2 0.192579 0.786000 0.017765 0.015519
2 0.314792 0.968145 0.007351 0.023687
2 0.104978 0.925263 0.021441 0.037572
2 0.116618 0.806828 0.012864 0.013069
2 0.172670 0.930573 0.011027 0.005718
2 0.191048 0.876256 0.012252 0.011435
2 0.191354 0.856653 0.007964 0.016336
2 0.071286 0.839092 0.011639 0.012252
2 0.087213 0.778241 0.011639 0.011435
2 0.150923 0.709222 0.016540 0.010618
2 0.157049 0.688802 0.017765 0.023687
2 0.170220 0.700645 0.018378 0.022870
2 0.185841 0.693703 0.012864 0.023687
2 0.131933 0.671649 0.017765 0.015519
2 0.178490 0.578535 0.011639 0.013885
2 0.140509 0.586703 0.012864 0.017153
2 0.063322 0.651638 0.012864 0.022870
2 0.005166 0.730050 0.010332 0.019603
2 0.004554 0.592992 0.009107 0.037572
2 0.053214 0.581148 0.012252 0.010618
2 0.039737 0.586458 0.009802 0.014702
2 0.032386 0.597484 0.009802 0.023687
2 0.058115 0.424324 0.012252 0.026954
2 0.122131 0.283917 0.007964 0.022870
2 0.185228 0.364780 0.014090 0.016336
2 0.324594 0.135343 0.018378 0.020420
2 0.378196 0.145553 0.014090 0.011435
2 0.078943 0.745160 0.014702 0.015519
2 0.099159 0.737809 0.008576 0.025321
2 0.072205 0.721473 0.026954 0.012252
2 0.537532 0.547905 0.006126 0.019603
2 0.609573 0.837867 0.007351 0.016336
2 0.963346 0.994691 0.010414 0.009802
2 0.959977 0.814180 0.006126 0.019603
2 0.981724 0.765580 0.011639 0.015519
2 0.995610 0.748019 0.008780 0.019603
2 0.547639 0.105611 0.015315 0.017153
2 0.335375 0.093114 0.011027 0.017969
2 0.133158 0.899534 0.010414 0.017153
2 0.021665 0.848076 0.011639 0.020420
2 0.110798 0.634077 0.019603 0.008985
2 0.252920 0.942416 0.014702 0.016336
2 0.108041 0.235236 0.016540 0.011435
2 0.131933 0.158458 0.007964 0.017969
2 0.021972 0.194397 0.011027 0.019603
2 0.055664 0.151107 0.007351 0.016336
2 0.157662 0.310381 0.012864 0.009802
1 0.799477 0.722699 0.006126 0.011435
1 0.687985 0.786409 0.006126 0.013069
1 0.596708 0.773340 0.007351 0.011435
1 0.571898 0.736993 0.007964 0.010618
1 0.657355 0.818263 0.006126 0.009802
1 0.517561 0.962427 0.009802 0.023687
3 0.316997 0.922813 0.013477 0.029405
1 0.108103 0.568325 0.017153 0.019603
1 0.311545 0.530752 0.009189 0.016336
1 0.315221 0.445806 0.010414 0.022870
1 0.050274 0.864821 0.007351 0.014702
1 0.252430 0.852977 0.014702 0.018786
1 0.065466 0.619783 0.017153 0.021237
2 0.681859 0.432492 0.013477 0.010618
2 0.574655 0.431022 0.011027 0.010618
2 0.608348 0.432247 0.008576 0.011435
2 0.601303 0.479213 0.010414 0.020420
2 0.406988 0.210733 0.007964 0.016336
2 0.360124 0.217675 0.007351 0.013885
2 0.222290 0.280160 0.017153 0.013069
1 0.266091 0.717798 0.007964 0.014702
1 0.532386 0.444090 0.007351 0.015519
1 0.608041 0.361594 0.005513 0.013885
1 0.583231 0.398350 0.013477 0.008985
1 0.228416 0.360206 0.020828 0.016336
3 0.206057 0.347137 0.025116 0.026137