0 0.791638 0.216981 0.057890 0.066895
0 0.841810 0.602916 0.045026 0.084048
2 0.686225 0.031447 0.020726 0.026682
2 0.829164 0.007623 0.016438 0.013341
2 0.867400 0.189632 0.008576 0.022870
2 0.969244 0.165333 0.007862 0.027635
2 0.967815 0.419097 0.017867 0.015247
2 0.795931 0.650943 0.015723 0.023823
2 0.766629 0.736230 0.010006 0.020964
2 0.347389 0.939203 0.014294 0.040023
2 0.439585 0.907280 0.017153 0.025729
2 0.410282 0.547360 0.018582 0.011435
2 0.736040 0.438441 0.014294 0.020011
1 0.039213 0.108729 0.012864 0.025729
1 0.378335 0.078712 0.017867 0.019059
1 0.479822 0.133981 0.013579 0.038117
1 0.494116 0.146369 0.015009 0.028588
1 0.745474 0.142081 0.018582 0.029541
1 0.934153 0.097770 0.015723 0.022870
1 0.904136 0.216409 0.020011 0.021917
1 0.828021 0.255956 0.013579 0.028588
1 0.811583 0.280732 0.012150 0.015247
1 0.968816 0.279779 0.012150 0.024776
1 0.959524 0.349819 0.020726 0.021917
1 0.917000 0.337431 0.018582 0.021917
1 0.902349 0.434629 0.015009 0.025729
1 0.947732 0.464646 0.014294 0.022870
1 0.958452 0.498475 0.012864 0.023823
1 0.684725 0.215456 0.020011 0.018106
1 0.734396 0.248809 0.017867 0.016200
1 0.598604 0.202592 0.019297 0.022870
1 0.616829 0.259767 0.017153 0.026682
1 0.729036 0.385554 0.017153 0.022870
1 0.757623 0.385077 0.011435 0.025729
1 0.765842 0.462550 0.025014 0.019059
1 0.685797 0.447303 0.016438 0.024776
1 0.613970 0.418715 0.018582 0.028588
1 0.527135 0.415857 0.015009 0.020964
1 0.451734 0.413474 0.014294 0.016200
1 0.431366 0.416333 0.013579 0.033352
1 0.473175 0.450162 0.020011 0.019059
1 0.294859 0.509720 0.020726 0.018106
1 0.240542 0.505908 0.013579 0.029541
1 0.347032 0.632552 0.013579 0.038117
1 0.360968 0.652087 0.015723 0.037164
1 0.218387 0.932056 0.013579 0.027635
1 0.150133 0.792929 0.012864 0.027635
1 0.328092 0.952544 0.012864 0.017153
1 0.430294 0.831999 0.020011 0.029541
1 0.466743 0.766724 0.014294 0.030494
1 0.493901 0.749571 0.014294 0.019059
1 0.513913 0.743854 0.012864 0.022870
1 0.514270 0.636173 0.017867 0.036211
1 0.503192 0.547075 0.020011 0.020011
1 0.572518 0.528492 0.014294 0.020964
1 0.580022 0.562798 0.015009 0.036211
1 0.609682 0.547075 0.025729 0.020011
1 0.548575 0.625214 0.015009 0.023823
1 0.687583 0.562321 0.020011 0.029541
1 0.756551 0.588527 0.015009 0.028588
1 0.641843 0.639508 0.014294 0.023823
1 0.667572 0.666667 0.018582 0.028588
1 0.689013 0.687631 0.014294 0.017153
1 0.717243 0.690490 0.013579 0.022870
1 0.734396 0.661902 0.020726 0.026682
1 0.782995 0.644273 0.013579 0.016200
1 0.821589 0.666667 0.017867 0.020964
1 0.912069 0.624738 0.020726 0.013341
1 0.902063 0.701925 0.026444 0.024776
1 0.925291 0.736707 0.011435 0.023823
1 0.964241 0.810082 0.012150 0.029541
1 0.956022 0.824376 0.011435 0.016200
1 0.932438 0.855346 0.014294 0.024776
1 0.859896 0.944444 0.010720 0.021917
1 0.835239 0.944444 0.017153 0.025729
1 0.809153 0.944921 0.017867 0.030494
1 0.766986 0.717648 0.019297 0.023823
1 0.747689 0.717172 0.012150 0.022870
1 0.697661 0.720507 0.013579 0.027635
1 0.564370 0.790547 0.011435 0.032399
1 0.634410 0.784353 0.020011 0.020011
1 0.695874 0.839623 0.014294 0.031447
1 0.733395 0.863922 0.017867 0.020964
1 0.746974 0.871546 0.020726 0.026682
1 0.760554 0.913951 0.019297 0.033352
1 0.737683 0.948733 0.016438 0.015247
1 0.764127 0.996760 0.012150 0.006480
1 0.677649 0.919192 0.012150 0.028588
1 0.602964 0.917286 0.014294 0.026682
1 0.577949 0.919192 0.018582 0.022870