0 0.425539 0.334176 0.088443 0.131402
1 0.662652 0.585692 0.018531 0.054470
1 0.616324 0.502583 0.016846 0.035377
1 0.718750 0.472260 0.006739 0.016285
1 0.542706 0.434075 0.010950 0.018531
1 0.777586 0.714286 0.009687 0.026393
1 0.417242 0.035097 0.008844 0.024708
1 0.638772 0.115117 0.015583 0.008423
1 0.719677 0.227987 0.015162 0.024146
1 0.913199 0.284423 0.022321 0.014600
2 0.922019 0.207225 0.015421 0.018949
2 0.796958 0.315796 0.009978 0.024190
2 0.784712 0.352080 0.006652 0.019352
1 0.174831 0.616312 0.010885 0.013707
1 0.218523 0.682632 0.011188 0.011692
2 0.190403 0.635865 0.009978 0.015723
1 0.565614 0.929165 0.007257 0.019352
1 0.679003 0.774351 0.011490 0.006451