2 0.347074 0.211879 0.023936 0.042553
2 0.511303 0.211879 0.006649 0.014184
2 0.482048 0.137411 0.009309 0.010638
2 0.539229 0.184397 0.011968 0.019504
2 0.561170 0.179965 0.007979 0.017730
2 0.727394 0.109043 0.013298 0.028369
2 0.677527 0.126773 0.006649 0.014184
2 0.750665 0.121454 0.017287 0.014184
2 0.902926 0.093085 0.007979 0.017730
2 0.672207 0.230496 0.017287 0.023050
2 0.500665 0.235816 0.011968 0.019504
2 0.557846 0.235816 0.003989 0.012411
2 0.397606 0.359043 0.013298 0.014184
2 0.485372 0.341312 0.013298 0.024823
2 0.636303 0.316489 0.006649 0.024823
2 0.765957 0.289007 0.010638 0.023050
2 0.746676 0.335106 0.014628 0.019504
2 0.769282 0.346631 0.009309 0.014184
2 0.749335 0.456560 0.014628 0.021277
2 0.492686 0.522163 0.009309 0.024823
2 0.557181 0.555851 0.015957 0.021277
2 0.519282 0.573582 0.011968 0.039007
2 0.562500 0.483156 0.005319 0.017730
2 0.720080 0.523050 0.014628 0.012411
2 0.797207 0.515071 0.009309 0.014184
2 0.886968 0.470745 0.007979 0.014184
2 0.925532 0.482270 0.007979 0.015957
2 0.952793 0.501773 0.003989 0.012411
2 0.843085 0.571809 0.021277 0.031915
2 0.726064 0.555851 0.010638 0.017730
2 0.680186 0.527482 0.006649 0.010638
2 0.669548 0.549645 0.011968 0.008865
2 0.705452 0.557624 0.019947 0.014184
2 0.696144 0.630319 0.011968 0.010638
2 0.736037 0.659574 0.006649 0.012411
2 0.817154 0.672872 0.017287 0.021277
2 0.877660 0.617908 0.015957 0.017730
2 0.921543 0.717199 0.005319 0.017730
2 0.928856 0.664894 0.014628 0.015957
2 0.990027 0.687943 0.019946 0.026596
2 0.983378 0.726064 0.017287 0.024823
2 0.974734 0.773050 0.013298 0.023050
2 0.930851 0.780142 0.013298 0.008865
2 0.922207 0.833333 0.011968 0.015957
2 0.933511 0.862589 0.010638 0.007092
2 0.931516 0.887411 0.019947 0.028369
1 0.940824 0.934397 0.011968 0.023050
0 0.472739 0.640071 0.017287 0.026596
0 0.899601 0.797872 0.017287 0.026596
0 0.706117 0.803191 0.013298 0.033688
2 0.498005 0.628546 0.009309 0.017730
2 0.556516 0.635638 0.009309 0.021277
2 0.565160 0.719858 0.010638 0.026596
2 0.650266 0.677305 0.026596 0.015957
2 0.845080 0.740248 0.011968 0.028369
2 0.815824 0.775709 0.011968 0.017730
2 0.704787 0.725177 0.010638 0.015957
2 0.689495 0.709220 0.014628 0.012411
2 0.747340 0.810284 0.023936 0.012411
2 0.749335 0.836879 0.017287 0.030142
2 0.724734 0.902482 0.015957 0.040780
2 0.822473 0.899823 0.019947 0.021277
2 0.878989 0.869681 0.015957 0.017730
2 0.826463 0.808511 0.041223 0.019504
2 0.785904 0.771277 0.015957 0.019504
2 0.880319 0.901596 0.015957 0.024823
2 0.905585 0.891844 0.010638 0.033688
2 0.837766 0.846631 0.013298 0.031915
2 0.875000 0.820035 0.013298 0.017730
2 0.894947 0.849291 0.013298 0.026596
2 0.958777 0.711879 0.007979 0.010638
2 0.488697 0.914007 0.019947 0.017730
2 0.434176 0.976064 0.019947 0.024823
2 0.519947 0.945035 0.010638 0.019504
2 0.543883 0.973404 0.026596 0.015957
2 0.557846 0.867908 0.009309 0.021277
2 0.593750 0.871454 0.014628 0.042553
2 0.613697 0.860816 0.009309 0.031915
2 0.610372 0.906028 0.010638 0.015957
2 0.670213 0.870567 0.015957 0.015957
2 0.660904 0.895390 0.023936 0.023050
2 0.680851 0.939716 0.015957 0.015957
2 0.641622 0.929078 0.014628 0.023050
2 0.707447 0.902482 0.007979 0.019504
2 0.615027 0.828901 0.017287 0.014184
2 0.598404 0.753546 0.018617 0.030142
2 0.582447 0.675532 0.015957 0.019504
2 0.587766 0.721631 0.013298 0.015957
2 0.531915 0.762411 0.023936 0.012411
2 0.512633 0.778369 0.025266 0.026596
2 0.501995 0.795213 0.022606 0.024823
2 0.480053 0.826241 0.010638 0.012411
2 0.388963 0.781028 0.017287 0.031915
2 0.368351 0.713652 0.013298 0.017730
2 0.246011 0.599291 0.013298 0.023050
2 0.264628 0.612589 0.015957 0.007092
2 0.249335 0.687057 0.011968 0.021277
2 0.271277 0.667553 0.007979 0.014184
2 0.281915 0.769504 0.023936 0.012411
2 0.230053 0.790780 0.010638 0.008865
2 0.214096 0.735816 0.015957 0.008865
2 0.177527 0.730496 0.009309 0.012411
2 0.205452 0.811170 0.011968 0.035461
2 0.228059 0.825355 0.006649 0.007092
2 0.213431 0.938830 0.014628 0.024823
2 0.197473 0.984043 0.022606 0.015957
2 0.252660 0.936170 0.015957 0.012411
2 0.123670 0.901596 0.007979 0.010638
2 0.073803 0.797872 0.025266 0.026596
2 0.113697 0.786348 0.019947 0.024823
2 0.128324 0.835106 0.022606 0.030142
2 0.091755 0.827128 0.013298 0.035461
2 0.081782 0.915780 0.017287 0.024823
2 0.098404 0.937057 0.018617 0.031915
2 0.145612 0.536348 0.014628 0.021277
2 0.145612 0.572695 0.019947 0.012411
2 0.120346 0.304078 0.017287 0.010638
2 0.084441 0.197695 0.011968 0.024823
2 0.162899 0.098404 0.009309 0.014184
2 0.251995 0.721631 0.011968 0.012411
2 0.279255 0.752660 0.010638 0.017730
2 0.355053 0.818262 0.015957 0.028369
2 0.439495 0.838652 0.009309 0.015957
2 0.436835 0.881206 0.009309 0.019504
2 0.164229 0.419326 0.014628 0.017730
2 0.015957 0.357270 0.010638 0.017730
2 0.009309 0.419326 0.013298 0.017730
2 0.085106 0.866135 0.005319 0.010638
2 0.259309 0.743794 0.010638 0.010638
2 0.315824 0.740248 0.006649 0.007092
2 0.657580 0.819149 0.006649 0.008865
2 0.740691 0.744681 0.013298 0.015957
2 0.956782 0.345745 0.011968 0.012411
2 0.977394 0.320035 0.010638 0.021277
2 0.987367 0.413121 0.011968 0.012411
2 0.996011 0.561170 0.005319 0.014184
2 0.736702 0.859043 0.021277 0.014184