1 0.367021 0.026596 0.026596 0.023050
1 0.264628 0.038121 0.013298 0.028369
1 0.430186 0.071809 0.019947 0.024823
1 0.500665 0.170213 0.017287 0.023050
1 0.605718 0.195035 0.006649 0.008865
1 0.609043 0.347518 0.010638 0.019504
1 0.603723 0.400709 0.010638 0.026596
1 0.633644 0.476064 0.017287 0.017730
2 0.670878 0.804965 0.019947 0.026596
2 0.732713 0.835106 0.029255 0.030142
2 0.695479 0.836879 0.010638 0.026596
2 0.720080 0.864362 0.011968 0.021277
2 0.690160 0.879433 0.026596 0.023050
2 0.687500 0.936170 0.026596 0.033688
2 0.792553 0.832447 0.013298 0.021277
2 0.715426 0.784574 0.018617 0.010638
2 0.728723 0.907801 0.015957 0.015957
2 0.642952 0.919326 0.017287 0.021277
2 0.634309 0.985816 0.015957 0.019504
2 0.742021 0.959220 0.013298 0.019504
2 0.544548 0.579787 0.011968 0.019504
2 0.769947 0.549645 0.015957 0.023050
2 0.832447 0.711879 0.013298 0.028369
2 0.815824 0.804078 0.014628 0.031915
2 0.819149 0.945035 0.015957 0.033688
1 0.843085 0.781028 0.018617 0.017730
1 0.873005 0.731383 0.011968 0.014184
1 0.863697 0.671986 0.014628 0.023050
1 0.874335 0.597518 0.022606 0.026596
1 0.887633 0.659574 0.009309 0.019504
1 0.908910 0.681738 0.006649 0.010638
1 0.894282 0.758865 0.017287 0.015957
1 0.938830 0.767730 0.007979 0.005319
1 0.959441 0.792553 0.006649 0.023050
1 0.837766 0.820035 0.013298 0.031915
1 0.662234 0.736702 0.023936 0.031915
1 0.529920 0.726064 0.022606 0.024823
1 0.354388 0.606383 0.017287 0.030142
1 0.341755 0.656915 0.010638 0.010638
1 0.338431 0.713652 0.011968 0.014184
1 0.425532 0.803191 0.015957 0.015957
1 0.502660 0.687057 0.015957 0.017730
1 0.423537 0.238475 0.009309 0.021277
1 0.477394 0.204787 0.013298 0.014184
1 0.520612 0.158688 0.009309 0.024823
1 0.700798 0.298759 0.013298 0.017730
1 0.750665 0.270390 0.022606 0.007092
1 0.825798 0.203901 0.015957 0.012411
1 0.804521 0.257092 0.010638 0.012411
1 0.594415 0.811170 0.015957 0.046099
1 0.583777 0.843972 0.021277 0.015957
1 0.569814 0.806738 0.014628 0.015957
1 0.496011 0.889184 0.015957 0.035461
1 0.520612 0.881206 0.011968 0.030142
1 0.507979 0.917553 0.010638 0.014184
1 0.662234 0.950355 0.007979 0.019504
1 0.795878 0.971631 0.011968 0.015957
1 0.856383 0.930851 0.015957 0.023050
1 0.748670 0.885638 0.013298 0.014184
1 0.561835 0.588652 0.017287 0.026596
1 0.753324 0.560284 0.017287 0.019504
1 0.428191 0.934397 0.026596 0.026596
1 0.361702 0.924645 0.026596 0.024823
1 0.367021 0.840426 0.023936 0.026596
1 0.332447 0.799645 0.005319 0.012411
1 0.210106 0.711879 0.034574 0.028369
1 0.301197 0.796099 0.011968 0.008865
1 0.297207 0.822695 0.014628 0.012411
1 0.338431 0.853723 0.009309 0.014184
1 0.345745 0.890957 0.021277 0.021277
1 0.534574 0.831560 0.026596 0.023050
1 0.864362 0.218972 0.002660 0.010638