3 0.045878 0.717199 0.033245 0.092199
0 0.443484 0.567376 0.019947 0.030142
0 0.700798 0.680851 0.010638 0.023050
0 0.750000 0.622340 0.021277 0.023050
0 0.850399 0.529255 0.017287 0.010638
0 0.867021 0.517730 0.013298 0.026596
0 0.615027 0.683511 0.014628 0.024823
0 0.392287 0.619681 0.010638 0.017730
1 0.457447 0.232270 0.010638 0.030142
1 0.458112 0.426418 0.017287 0.014184
1 0.567154 0.447695 0.011968 0.024823
1 0.605053 0.494681 0.015957 0.008865
1 0.572473 0.484043 0.009309 0.008865
1 0.303191 0.473404 0.010638 0.012411
1 0.307846 0.453901 0.009309 0.012411
1 0.301197 0.328901 0.022606 0.021277
1 0.501995 0.570922 0.011968 0.019504
1 0.490027 0.642730 0.009309 0.014184
1 0.449468 0.639184 0.010638 0.017730
1 0.527261 0.635638 0.009309 0.014184
1 0.704122 0.536348 0.014628 0.017730
1 0.930851 0.507979 0.007979 0.021277
1 0.985372 0.575355 0.010638 0.017730
1 0.974734 0.690603 0.005319 0.014184
1 0.779255 0.136525 0.010638 0.015957
1 0.609043 0.794326 0.010638 0.019504
1 0.165559 0.835106 0.009309 0.019504
1 0.231383 0.523936 0.007979 0.014184
1 0.217420 0.421099 0.006649 0.017730