0 0.359707 0.135638 0.019947 0.024823
0 0.441489 0.051418 0.018617 0.015957
0 0.479388 0.132092 0.017287 0.028369
0 0.631649 0.023936 0.023936 0.024823
0 0.746676 0.406915 0.017287 0.028369
0 0.706117 0.445035 0.013298 0.019504
0 0.746676 0.488475 0.011968 0.021277
0 0.773271 0.577128 0.014628 0.024823
0 0.831117 0.381206 0.013298 0.015957
0 0.761968 0.160461 0.013298 0.039007
0 0.458112 0.266844 0.006649 0.014184
0 0.486037 0.711879 0.022606 0.028369
0 0.435505 0.622340 0.022606 0.012411
0 0.416888 0.598404 0.011968 0.017730
0 0.410904 0.493794 0.010638 0.021277
0 0.878989 0.601064 0.023936 0.023050
0 0.757314 0.813830 0.014628 0.026596
0 0.902926 0.469858 0.010638 0.012411
0 0.849734 0.399823 0.018617 0.017730
0 0.919548 0.379433 0.017287 0.008865
3 0.165559 0.655142 0.030585 0.028369
2 0.325798 0.596631 0.023936 0.031915
2 0.523936 0.796099 0.010638 0.015957
2 0.477394 0.513298 0.023936 0.024823
2 0.469415 0.315603 0.007979 0.015957
2 0.834441 0.575355 0.019947 0.031915
2 0.952793 0.867908 0.094414 0.198582
2 0.530585 0.545213 0.026596 0.120567
2 0.628989 0.597518 0.082447 0.037234
0 0.744016 0.936170 0.017287 0.023050
0 0.712766 0.914007 0.018617 0.010638
0 0.657580 0.851064 0.017287 0.019504
0 0.880319 0.992021 0.021277 0.014184
0 0.926197 0.726064 0.019947 0.021277
0 0.801862 0.714539 0.018617 0.019504
0 0.490027 0.987589 0.017287 0.023050
0 0.413564 0.736702 0.013298 0.010638
0 0.392952 0.618794 0.006649 0.005319
0 0.615027 0.265071 0.011968 0.024823
0 0.644947 0.150709 0.013298 0.012411
0 0.773936 0.676418 0.018617 0.024823
0 0.610372 0.858156 0.010638 0.019504
0 0.626330 0.889184 0.010638 0.014184
0 0.478723 0.415780 0.010638 0.017730
0 0.694149 0.231383 0.005319 0.010638
0 0.672207 0.333333 0.011968 0.012411