1 0.437221 0.337907 0.028302 0.030875
1 0.064021 0.506067 0.020488 0.031764
1 0.006877 0.608348 0.013754 0.011435
1 0.568262 0.808105 0.012060 0.030017
1 0.612082 0.763329 0.016081 0.020941
1 0.681229 0.692860 0.012864 0.018225
1 0.804004 0.415523 0.010452 0.027873
1 0.993863 0.399443 0.012274 0.019297
1 0.587720 0.298563 0.008844 0.022513
1 0.973655 0.954438 0.008844 0.016081
1 0.403516 0.191895 0.011256 0.017153
1 0.394672 0.163486 0.019297 0.013937
1 0.496440 0.578149 0.011695 0.020271
1 0.496829 0.556838 0.008576 0.017153
1 0.487668 0.575290 0.006627 0.015593
1 0.597406 0.692240 0.008576 0.012475
1 0.575186 0.485524 0.009356 0.008836
1 0.848181 0.424314 0.011256 0.010720
1 0.829152 0.344983 0.013937 0.012150
2 0.497892 0.007504 0.017153 0.015008
2 0.592499 0.107919 0.009112 0.028588
2 0.609920 0.342982 0.016081 0.015009
2 0.628949 0.293310 0.012328 0.018582
2 0.496016 0.318325 0.009112 0.020011
2 0.415344 0.559463 0.008576 0.018582
2 0.410520 0.541595 0.012864 0.014294
2 0.358687 0.627501 0.017689 0.013722
2 0.457100 0.886935 0.010184 0.024300
2 0.465409 0.861206 0.010720 0.024300
2 0.477737 0.869425 0.008576 0.022156
2 0.480417 0.834405 0.019297 0.013579
2 0.460585 0.756861 0.009648 0.025729
2 0.446916 0.731132 0.014473 0.011435
2 0.389830 0.765795 0.017153 0.010720
2 0.373160 0.781161 0.018761 0.012864
2 0.361635 0.797241 0.017153 0.016438
2 0.356650 0.916595 0.017689 0.010720
2 0.382111 0.944468 0.008576 0.020726
2 0.332797 0.908019 0.008576 0.012150
2 0.300904 0.974485 0.009112 0.022156
2 0.118389 0.608062 0.008576 0.015723
2 0.131254 0.614851 0.012864 0.012150
2 0.044847 0.721841 0.012864 0.007147
2 0.105417 0.788308 0.013937 0.011435
2 0.132218 0.740780 0.011792 0.012150
2 0.101129 0.825829 0.007504 0.025014
2 0.123642 0.933391 0.011792 0.021441
2 0.089605 0.930174 0.014473 0.009291
2 0.074864 0.973771 0.015009 0.020726
2 0.056640 0.968053 0.012864 0.010720
2 0.007147 0.896941 0.014294 0.014294
2 0.008398 0.828330 0.015009 0.022870
2 0.252394 0.779517 0.013937 0.017867
2 0.244622 0.759863 0.012328 0.010006
2 0.765902 0.863350 0.017153 0.018582
2 0.770994 0.899800 0.006968 0.022870
2 0.809588 0.890509 0.008040 0.020011
2 0.791631 0.849771 0.013937 0.020011
2 0.758398 0.797241 0.007504 0.023585
2 0.921884 0.880860 0.012864 0.019297
2 0.889723 0.801172 0.025729 0.010006
2 0.848449 0.781161 0.010720 0.024300
2 0.801547 0.789737 0.014473 0.014294
2 0.705332 0.842624 0.016081 0.011435
2 0.696219 0.809748 0.016081 0.008576
2 0.679335 0.817610 0.011256 0.017153
2 0.605846 0.817967 0.020369 0.012150
2 0.609598 0.838336 0.010720 0.020011
2 0.598342 0.865137 0.016081 0.010720
2 0.590034 0.899800 0.010184 0.022870
2 0.576901 0.904445 0.011792 0.015009
2 0.527855 0.893010 0.013401 0.016438
2 0.423814 0.874786 0.007504 0.020011
2 0.517885 0.684534 0.020905 0.010006
2 0.549510 0.710263 0.017689 0.012864
2 0.668561 0.772799 0.011792 0.016438
2 0.659180 0.783162 0.006968 0.018582
2 0.647388 0.783162 0.012328 0.015723
2 0.706886 0.574828 0.012328 0.020726
2 0.558408 0.637364 0.018761 0.011435
2 0.805782 0.655232 0.008576 0.018582
2 0.899639 0.695540 0.015545 0.021441
2 0.909555 0.724843 0.012864 0.015723
2 0.887043 0.721627 0.006432 0.017867
2 0.891063 0.736278 0.012328 0.010006
2 0.877930 0.733062 0.007504 0.025014
2 0.867692 0.699114 0.008040 0.022870
2 0.899049 0.782376 0.010720 0.016438
2 0.971144 0.695183 0.013401 0.015009
2 0.977308 0.779517 0.012864 0.017867
2 0.751108 0.904231 0.013937 0.011435
2 0.751644 0.921026 0.011792 0.009291
2 0.713586 0.818897 0.009648 0.020011
2 0.754914 0.470912 0.009112 0.015009
2 0.958869 0.167953 0.008576 0.017153
2 0.901515 0.271584 0.012864 0.010006
2 0.934748 0.343053 0.008576 0.017153
2 0.347806 0.145440 0.010720 0.016438
2 0.420651 0.180460 0.012328 0.016438
2 0.355525 0.528087 0.009648 0.023585
2 0.581940 0.529874 0.017153 0.011435
2 0.531822 0.551315 0.010184 0.008576
2 0.506093 0.619926 0.004824 0.014294
2 0.485992 0.605274 0.007504 0.025014
2 0.527534 0.730060 0.013401 0.013579
2 0.512257 0.736850 0.010720 0.017153
2 0.524585 0.750071 0.006432 0.019297
2 0.537182 0.874786 0.009112 0.018582
2 0.542274 0.939108 0.007504 0.020011
2 0.799296 0.676815 0.015545 0.010006
2 0.750518 0.835477 0.010184 0.010006
2 0.741942 0.835477 0.005896 0.018582
2 0.795276 0.951973 0.006432 0.021441
2 0.474843 0.904374 0.006432 0.017153
2 0.080064 0.802173 0.008040 0.022870
2 0.024853 0.872213 0.015545 0.012864
2 0.059159 0.833619 0.005896 0.018582
2 0.319504 0.892581 0.008576 0.017867
2 0.059963 0.353416 0.013937 0.006432
2 0.418936 0.243496 0.006968 0.017867
2 0.542221 0.129360 0.011256 0.014294
2 0.566127 0.564751 0.015545 0.011435
2 0.622945 0.803316 0.012328 0.015723
2 0.708226 0.753288 0.015009 0.035735
2 0.827491 0.835835 0.015545 0.020726
2 0.907411 0.863208 0.008576 0.028588
2 0.814144 0.670240 0.023585 0.011435
2 0.675743 0.674886 0.022513 0.016438
1 0.588104 0.562750 0.012328 0.018582
1 0.542810 0.535592 0.007504 0.008576
1 0.577115 0.667739 0.008576 0.013579
1 0.533966 0.690252 0.005896 0.008576
1 0.499393 0.729202 0.007504 0.012150
1 0.511399 0.769297 0.010720 0.008576
1 0.518636 0.822541 0.011256 0.009291
1 0.686410 0.728202 0.008040 0.009291
1 0.551333 0.788236 0.009112 0.010720
1 0.523460 0.848628 0.006968 0.011435
1 0.789755 0.720698 0.009112 0.012864
1 0.915720 0.844340 0.009112 0.011435
1 0.914916 0.823614 0.013937 0.018582
1 0.828884 0.458405 0.010184 0.011435
1 0.593732 0.035377 0.008576 0.012150
1 0.625357 0.102201 0.009648 0.011435
1 0.164755 0.695040 0.008040 0.013579
1 0.122677 0.685034 0.008576 0.012150
1 0.194772 0.711835 0.010184 0.010006
1 0.233902 0.717553 0.012328 0.010006
1 0.279838 0.747927 0.006432 0.010720
1 0.314680 0.658591 0.007504 0.009291
1 0.436356 0.667882 0.007504 0.012150
1 0.413040 0.679317 0.008040 0.010720
1 0.363726 0.703259 0.005896 0.008576
1 0.340730 0.858205 0.005360 0.010006
2 0.454581 0.857276 0.008576 0.020726
1 0.745748 0.822756 0.006432 0.010006
1 0.631039 0.744854 0.007504 0.010006
1 0.552780 0.624071 0.007504 0.010006
1 0.852201 0.190466 0.005360 0.012150
1 0.892939 0.248714 0.007504 0.014294
1 0.917328 0.370926 0.006968 0.012864
1 0.995319 0.093268 0.006432 0.015009
1 0.630021 0.346269 0.008040 0.015009
1 0.187697 0.519797 0.009112 0.010720
1 0.355471 0.359348 0.010184 0.011435
1 0.022334 0.948756 0.010720 0.020726
1 0.197613 0.783662 0.007504 0.013579
1 0.779838 0.815109 0.006432 0.012150
1 0.869354 0.767224 0.007504 0.016438
2 0.890527 0.582333 0.019833 0.031447
1 0.896959 0.560892 0.006968 0.010006