0 0.147614 0.417112 0.040864 0.048431
2 0.087302 0.654223 0.053728 0.066593
1 0.450535 0.659772 0.024972 0.039350
1 0.510695 0.771769 0.012108 0.031278
1 0.844945 0.566340 0.023459 0.029260
1 0.919862 0.618807 0.012864 0.021189
1 0.715165 0.162950 0.028756 0.021189
1 0.697003 0.170518 0.025729 0.026233
1 0.852512 0.086268 0.020432 0.035314
1 0.578953 0.080718 0.021189 0.024216
1 0.586217 0.525578 0.010594 0.017153
1 0.381142 0.273837 0.010594 0.028251
3 0.324009 0.620422 0.014378 0.021189
1 0.588109 0.981233 0.018918 0.025224
1 0.943169 0.726768 0.009838 0.015135
1 0.867117 0.707093 0.007567 0.018162
2 0.120220 0.134194 0.021189 0.018162
2 0.186434 0.052971 0.014378 0.031278
2 0.230703 0.300676 0.012108 0.024216
2 0.217082 0.519423 0.009081 0.018162
2 0.252270 0.590051 0.009838 0.024216
2 0.243568 0.607709 0.016648 0.013117
2 0.226163 0.626375 0.015135 0.014126
2 0.180380 0.619816 0.014378 0.009081
2 0.092599 0.578953 0.014378 0.012108
2 0.079356 0.530522 0.018162 0.026233
2 0.051357 0.514882 0.013621 0.021189
2 0.038114 0.607204 0.029513 0.028251
2 0.095626 0.762486 0.012864 0.033296
2 0.071411 0.733226 0.015891 0.013117
2 0.047573 0.737262 0.027242 0.017153
2 0.074816 0.759459 0.019675 0.013117
1 0.038493 0.795782 0.016648 0.031278
2 0.233730 0.717082 0.024216 0.011099
2 0.251513 0.738271 0.017405 0.019171
2 0.187764 0.802916 0.004288 0.031447
2 0.202344 0.763465 0.014580 0.017724
2 0.207490 0.723442 0.006861 0.015437
2 0.214780 0.738022 0.010292 0.017153
2 0.223571 0.743739 0.013293 0.014866
2 0.219926 0.763465 0.010292 0.015437
2 0.230003 0.758891 0.003002 0.022298
2 0.225286 0.783762 0.013293 0.014866
2 0.159677 0.716009 0.018439 0.022298
2 0.121941 0.759748 0.006432 0.027444
2 0.053545 0.824643 0.010292 0.024585
2 0.045397 0.898685 0.010292 0.026301
2 0.064694 0.894111 0.014580 0.027444
2 0.266967 0.860663 0.008148 0.020011
2 0.356804 0.740881 0.006861 0.032018
2 0.331504 0.749457 0.017153 0.013722
2 0.357662 0.934019 0.018868 0.028588
2 0.367953 0.923156 0.012007 0.025157
2 0.413665 0.713036 0.013722 0.013150
2 0.391581 0.677873 0.019297 0.018296
2 0.405303 0.748771 0.012436 0.014866
2 0.542953 0.645798 0.008148 0.015437
2 0.488279 0.616695 0.009434 0.016009
2 0.483133 0.568668 0.006861 0.025157
2 0.403202 0.586106 0.014580 0.014294
2 0.797584 0.497599 0.015009 0.015437
2 0.814094 0.108348 0.013722 0.020011
2 0.603845 0.088908 0.010720 0.021155
2 0.595483 0.129788 0.018868 0.020583
2 0.420097 0.299886 0.016295 0.014294
2 0.390938 0.148942 0.011149 0.023442
2 0.342910 0.057747 0.008576 0.016009
2 0.268082 0.177816 0.013293 0.013722
2 0.175543 0.300743 0.010720 0.021727
2 0.097284 0.278445 0.011149 0.037736
2 0.107361 0.347913 0.015009 0.024585
2 0.207919 0.392624 0.007719 0.021155
2 0.227644 0.393482 0.007719 0.022870
2 0.191838 0.427787 0.007290 0.022870
2 0.179617 0.427216 0.008576 0.022870
2 0.183262 0.460949 0.012436 0.021727
2 0.314008 0.418639 0.011149 0.025157
2 0.325372 0.418353 0.009005 0.012007
2 0.123185 0.410063 0.014580 0.012579
2 0.090637 0.465009 0.015009 0.010863
2 0.054403 0.401544 0.012864 0.010863
2 0.021598 0.429560 0.015009 0.014294
2 0.003616 0.509605 0.007232 0.024585
2 0.061478 0.497027 0.011578 0.015437
2 0.106718 0.502173 0.010292 0.016581
2 0.176401 0.667696 0.013293 0.020583
2 0.095998 0.723156 0.007719 0.032018
2 0.094926 0.808348 0.014151 0.025157
2 0.156461 0.847513 0.015437 0.018868
2 0.139308 0.859520 0.013722 0.028016
2 0.144240 0.888393 0.008148 0.020583
2 0.162250 0.890680 0.014151 0.032018
2 0.174471 0.875243 0.012007 0.021727
2 0.135878 0.909548 0.013722 0.018296
2 0.119797 0.879817 0.014151 0.019440
2 0.114651 0.890395 0.014151 0.017724
2 0.118511 0.851515 0.017581 0.015437
2 0.021598 0.839794 0.011578 0.012579
2 0.144668 0.764608 0.009005 0.017724
2 0.075200 0.702287 0.021870 0.017724
2 0.222499 0.820640 0.008576 0.023442
2 0.238794 0.798914 0.010292 0.017724
2 0.324085 0.848656 0.013293 0.007433
2 0.381118 0.811778 0.014151 0.013722
2 0.418982 0.694683 0.013722 0.016009
2 0.433991 0.701544 0.019726 0.024014
2 0.454574 0.699828 0.013722 0.016009
2 0.317567 0.652087 0.010720 0.021155
2 0.428674 0.539909 0.019726 0.013150
2 0.364694 0.637393 0.010978 0.012579
2 0.678459 0.209262 0.006432 0.026301
2 0.632790 0.213836 0.007719 0.017153
2 0.484934 0.271870 0.010292 0.014294
2 0.283905 0.605203 0.012864 0.017724
2 0.181204 0.581189 0.009863 0.016581
2 0.027173 0.770040 0.014151 0.014866
2 0.010234 0.820640 0.015437 0.013150
1 0.003616 0.697427 0.007232 0.013722
2 0.341710 0.785477 0.013722 0.016009
1 0.299042 0.876387 0.010720 0.017153
1 0.521812 0.853631 0.013722 0.020583
1 0.466281 0.777301 0.010720 0.022298
1 0.643082 0.952487 0.019726 0.022298
1 0.926444 0.393882 0.012007 0.016581
1 0.805089 0.441910 0.012007 0.017724
1 0.388751 0.909720 0.008148 0.014294
1 0.518682 0.946884 0.014151 0.018868
1 0.536049 0.716752 0.006003 0.012579
1 0.518468 0.625843 0.007719 0.011435
1 0.493168 0.651572 0.008576 0.012579
1 0.374900 0.633676 0.007719 0.012007
1 0.362679 0.604231 0.009005 0.011435
1 0.404059 0.551915 0.008576 0.012007
1 0.381761 0.528188 0.006861 0.011435
1 0.022241 0.528816 0.008576 0.014294
1 0.649342 0.141681 0.012864 0.014866