1 0.533228 0.791445 0.011458 0.014039
1 0.450824 0.553904 0.008052 0.011148
1 0.475381 0.324291 0.012077 0.008258
2 0.994519 0.568108 0.005884 0.026838
1 0.736653 0.611627 0.005574 0.011974
1 0.757092 0.082332 0.006813 0.008258
1 0.687260 0.059210 0.007123 0.009910
1 0.617614 0.226558 0.006813 0.007019
1 0.540041 0.307775 0.010839 0.007432
1 0.141583 0.281308 0.010529 0.007845
1 0.142574 0.448739 0.009910 0.009910
1 0.111761 0.910318 0.010839 0.010322
1 0.139322 0.877493 0.007123 0.013213
1 0.444413 0.755605 0.007123 0.008258