0 0.677527 0.883865 0.057181 0.081560
0 0.855718 0.599291 0.011968 0.026596
0 0.558511 0.576241 0.015957 0.030142
0 0.562500 0.656915 0.015957 0.031915
0 0.273936 0.695035 0.015957 0.026596
0 0.255984 0.820922 0.009309 0.019504
0 0.282580 0.912234 0.011968 0.021277
0 0.680851 0.028369 0.010638 0.019504
0 0.745346 0.135638 0.017287 0.017730
0 0.809176 0.146277 0.014628 0.010638
0 0.916223 0.117021 0.018617 0.015957
0 0.888963 0.147163 0.014628 0.015957
0 0.982713 0.216312 0.015957 0.019504
0 0.984707 0.278369 0.019947 0.026596
0 0.797872 0.292553 0.010638 0.023050
0 0.921543 0.450355 0.013298 0.030142
0 0.950133 0.488475 0.022606 0.028369
0 0.873005 0.591312 0.017287 0.003546
0 0.611702 0.525709 0.015957 0.024823
0 0.793883 0.750000 0.018617 0.023050
0 0.796543 0.836879 0.013298 0.033688
0 0.487367 0.764184 0.014628 0.019504
0 0.331782 0.010638 0.017287 0.019504
2 0.521277 0.468085 0.010638 0.030142
2 0.878324 0.674645 0.009309 0.017730
2 0.642287 0.492021 0.013298 0.024823
2 0.515293 0.584220 0.014628 0.024823
2 0.628324 0.764184 0.011968 0.030142
2 0.668883 0.732270 0.007979 0.015957
2 0.676197 0.636525 0.011968 0.012411
2 0.762633 0.618794 0.011968 0.026596
2 0.768617 0.661348 0.013298 0.023050
2 0.900266 0.746454 0.018617 0.019504
2 0.965426 0.828014 0.018617 0.030142
1 0.581782 0.436170 0.011968 0.015957
1 0.583777 0.245567 0.010638 0.014184
1 0.603723 0.296099 0.015957 0.008865
1 0.466755 0.306738 0.010638 0.012411
1 0.545213 0.388298 0.010638 0.023050
1 0.507979 0.347518 0.010638 0.015957
1 0.505984 0.039894 0.014628 0.028369
1 0.528590 0.038121 0.014628 0.017730
1 0.611702 0.075355 0.010638 0.017730
1 0.671543 0.358156 0.015957 0.023050
1 0.587766 0.327128 0.010638 0.014184
1 0.339096 0.364362 0.010638 0.031915
1 0.173537 0.324468 0.011968 0.015957
1 0.380319 0.729610 0.010638 0.024823
1 0.362367 0.687943 0.009309 0.026596
1 0.536569 0.727837 0.006649 0.021277
1 0.569149 0.837766 0.010638 0.024823