0 0.200798 0.181738 0.015957 0.035461
0 0.442819 0.659574 0.015957 0.033688
0 0.451463 0.758865 0.006649 0.008865
0 0.495346 0.900709 0.014628 0.019504
0 0.356383 0.963652 0.018617 0.017730
0 0.583777 0.772163 0.007979 0.010638
0 0.742021 0.835106 0.013298 0.026596
0 0.827793 0.869681 0.014628 0.021277
0 0.845080 0.671099 0.011968 0.017730
0 0.898936 0.741135 0.010638 0.019504
0 0.773936 0.655142 0.013298 0.028369
0 0.734707 0.549645 0.017287 0.015957
0 0.529920 0.617908 0.009309 0.021277
0 0.602394 0.549645 0.005319 0.019504
2 0.717420 0.624113 0.014628 0.026596
2 0.808511 0.938830 0.010638 0.014184
2 0.810505 0.730496 0.019947 0.019504
1 0.172207 0.626773 0.014628 0.024823