1 0.497279 0.468715 0.007862 0.022980
1 0.544600 0.473754 0.015421 0.011289
1 0.620313 0.526649 0.018445 0.015320
1 0.679094 0.517537 0.014211 0.008063
2 0.636460 0.546565 0.004536 0.016933
0 0.726869 0.689486 0.026911 0.026205
1 0.733521 0.645743 0.009978 0.016933
0 0.827951 0.232825 0.022980 0.037897
1 0.777002 0.210047 0.008164 0.024593
1 0.867108 0.262458 0.008164 0.018949
1 0.576137 0.222585 0.018142 0.024190
1 0.530781 0.218352 0.024190 0.010079
1 0.629112 0.365183 0.008466 0.022980
1 0.461206 0.684486 0.016630 0.015723
1 0.417211 0.739921 0.009071 0.020158
1 0.581096 0.754032 0.020561 0.014514
1 0.241806 0.644977 0.011792 0.013304
1 0.209301 0.534914 0.016933 0.011692
1 0.250877 0.522416 0.009373 0.020561
1 0.251179 0.414973 0.012397 0.015320
1 0.276457 0.073174 0.016630 0.012095
1 0.298984 0.028221 0.012700 0.016530