0 0.541223 0.189716 0.037234 0.037234
0 0.948803 0.187943 0.014628 0.026596
0 0.968085 0.243794 0.023936 0.028369
0 0.698138 0.670213 0.015957 0.037234
0 0.197473 0.507979 0.017287 0.021277
0 0.466755 0.432624 0.021277 0.023050
0 0.803856 0.465426 0.017287 0.014184
0 0.798537 0.515957 0.011968 0.012411
1 0.955452 0.442376 0.014628 0.021277
1 0.964761 0.960993 0.009309 0.015957
1 0.547207 0.641844 0.011968 0.026596
1 0.516622 0.611702 0.017287 0.015957
1 0.708112 0.495567 0.022606 0.014184
1 0.779255 0.670213 0.013298 0.008865
1 0.607713 0.819149 0.015957 0.023050
1 0.361702 0.746454 0.007979 0.008865
1 0.396277 0.447695 0.007979 0.010638