1 0.093096 0.084048 0.021870 0.030875
1 0.187650 0.358491 0.023156 0.048027
1 0.915399 0.032092 0.017429 0.021026
1 0.715528 0.734801 0.015009 0.014294
1 0.863255 0.812655 0.008576 0.020964
1 0.157852 0.940633 0.017153 0.031447
2 0.820588 0.029541 0.009291 0.020964
2 0.975319 0.083381 0.014294 0.012388
2 0.979607 0.242520 0.008576 0.014294
2 0.967100 0.503145 0.012150 0.013341
2 0.783067 0.702783 0.017153 0.020011
2 0.763770 0.716123 0.012864 0.025729
2 0.905279 0.800076 0.010006 0.019059
2 0.731655 0.838926 0.014875 0.024121
2 0.903114 0.842946 0.009648 0.021441
2 0.901104 0.876447 0.012060 0.015545
2 0.937889 0.826865 0.014875 0.019297
2 0.925828 0.830885 0.007638 0.018761
2 0.985728 0.912093 0.008442 0.026801
2 0.973065 0.914237 0.008040 0.019297
2 0.984120 0.785056 0.011658 0.017153
2 0.629060 0.860635 0.006834 0.021441
2 0.624437 0.949078 0.014473 0.015009
2 0.553682 0.928977 0.008040 0.025193
2 0.758710 0.969715 0.010452 0.015545
2 0.190864 0.883416 0.015679 0.020905
2 0.163727 0.864119 0.016885 0.013401
2 0.170361 0.891188 0.010050 0.017153
2 0.160712 0.882879 0.007638 0.012328
2 0.391509 0.572738 0.036985 0.041274
2 0.423385 0.444039 0.027873 0.015009
2 0.242835 0.612405 0.012864 0.016599
2 0.276448 0.583356 0.016184 0.016046
2 0.518616 0.624861 0.006811 0.022198
2 0.625694 0.596610 0.024216 0.014126
2 0.641018 0.765311 0.006432 0.014126
2 0.266032 0.799259 0.019089 0.011620
1 0.444721 0.534305 0.010216 0.017657
1 0.482746 0.527495 0.008324 0.011099
1 0.539502 0.480325 0.006054 0.009585
1 0.549528 0.489910 0.007189 0.009585
1 0.455693 0.424327 0.008702 0.008576
1 0.461929 0.694161 0.007831 0.010441
1 0.451301 0.702737 0.006712 0.014170
1 0.483463 0.701991 0.009509 0.012678
1 0.441513 0.826534 0.009509 0.015661
1 0.514226 0.728839 0.006153 0.009695
1 0.592251 0.710195 0.006712 0.008203
1 0.613506 0.693415 0.005593 0.008949
1 0.660769 0.786636 0.007271 0.010441
1 0.405996 0.889925 0.008949 0.014170
1 0.393970 0.959281 0.008390 0.014170
1 0.438717 0.983519 0.009509 0.011932
1 0.910004 0.644194 0.008390 0.011932
1 0.922310 0.672906 0.010627 0.009695
1 0.903852 0.701991 0.010627 0.014170
1 0.858267 0.700500 0.011187 0.011187
1 0.852674 0.641957 0.008949 0.010441
1 0.842326 0.640465 0.008390 0.019390
1 0.914199 0.872026 0.012305 0.012678
1 0.758986 0.795958 0.006153 0.011187
1 0.819394 0.858975 0.011746 0.013424
1 0.848199 0.409650 0.006712 0.009695
1 0.593146 0.414498 0.011187 0.011932
1 0.345533 0.330972 0.011746 0.014915
1 0.305541 0.397345 0.010068 0.016407
1 0.277631 0.472295 0.008390 0.011187
1 0.215266 0.465956 0.010068 0.014915
1 0.108435 0.725856 0.011187 0.017153
1 0.048866 0.866806 0.012864 0.012678
2 0.008632 0.890670 0.017264 0.038034
2 0.514265 0.796112 0.020583 0.016009
1 0.901912 0.595751 0.010375 0.009406
1 0.789866 0.612350 0.006225 0.012726
1 0.748160 0.551209 0.004980 0.011066
1 0.668359 0.211476 0.005395 0.013279
1 0.371023 0.082277 0.008300 0.011620
1 0.361063 0.297571 0.010790 0.011066
1 0.085358 0.525586 0.009291 0.021441
1 0.143785 0.512007 0.010363 0.013341