0 0.700943 0.572041 0.072041 0.070326
1 0.913593 0.094340 0.016958 0.021831
1 0.843716 0.121238 0.011695 0.019492
1 0.939615 0.124747 0.014034 0.014034
1 0.802783 0.105255 0.014034 0.012475
1 0.737876 0.042102 0.015203 0.014034
1 0.716533 0.092390 0.019297 0.019492
1 0.629697 0.002729 0.011695 0.005458
1 0.665952 0.047560 0.016373 0.018712
1 0.590227 0.017542 0.015788 0.011695
1 0.546078 0.092001 0.019881 0.014034
1 0.614202 0.127086 0.009941 0.018712
1 0.694312 0.190628 0.025144 0.016373
1 0.732906 0.191408 0.016958 0.030407
1 0.731152 0.259629 0.013449 0.028068
1 0.878216 0.337128 0.014034 0.028068
1 0.896928 0.405349 0.017542 0.022610
1 0.862136 0.455637 0.016958 0.031187
1 0.835237 0.490332 0.022805 0.016373
1 0.791088 0.535553 0.017542 0.031966
1 0.801029 0.605645 0.024559 0.012475
1 0.828512 0.600187 0.014034 0.023390
1 0.849563 0.630594 0.017542 0.032746
1 0.837576 0.654374 0.009941 0.022610
1 0.927335 0.513644 0.015203 0.010915
1 0.895174 0.520661 0.011695 0.024949
1 0.932890 0.609543 0.018127 0.017153
1 0.920318 0.686730 0.018712 0.020271
1 0.958327 0.684001 0.016373 0.014814
1 0.995829 0.802199 0.008342 0.028848
1 0.985225 0.704351 0.015203 0.015593
1 0.945170 0.859504 0.013449 0.029627
1 0.908623 0.827148 0.010525 0.027288
1 0.941954 0.917199 0.012864 0.021831
1 0.901898 0.933183 0.009941 0.017932
1 0.836699 0.930844 0.023390 0.022610
1 0.858919 0.785826 0.019881 0.021051
1 0.788165 0.756978 0.019881 0.021051
1 0.746355 0.827538 0.013449 0.024949
1 0.746940 0.792453 0.014619 0.023390
1 0.727643 0.795572 0.008771 0.021831
1 0.712440 0.803368 0.018127 0.023390
1 0.706007 0.872758 0.012280 0.034305
1 0.717995 0.942928 0.015203 0.018712
1 0.666829 0.924606 0.009941 0.024170
1 0.667121 0.955013 0.009356 0.022610
1 0.639638 0.921877 0.012864 0.020271
1 0.562861 0.914081 0.011110 0.023390
1 0.581280 0.956573 0.016373 0.021051
1 0.615196 0.820911 0.014034 0.021051
1 0.600577 0.841962 0.019881 0.014814
1 0.598530 0.765944 0.019297 0.018712
1 0.604085 0.723063 0.019881 0.032746
1 0.644726 0.724622 0.018127 0.024949
1 0.635370 0.748402 0.025144 0.017932
1 0.511870 0.693435 0.020466 0.015593
2 0.392874 0.757368 0.022220 0.015593
1 0.409832 0.859894 0.014034 0.033526
1 0.372992 0.939810 0.011695 0.026509
1 0.337323 0.923437 0.014034 0.023390
1 0.313348 0.786995 0.017542 0.017153
1 0.351064 0.671215 0.013449 0.025729
1 0.409832 0.559722 0.010525 0.025729
1 0.613792 0.617652 0.019881 0.021831
1 0.628996 0.610245 0.016373 0.024170
1 0.713492 0.702635 0.018127 0.014034
1 0.751033 0.638703 0.013449 0.017153
1 0.703376 0.491112 0.016373 0.014814
1 0.656771 0.448230 0.020466 0.019492
1 0.596542 0.555044 0.021636 0.014814
1 0.478715 0.504756 0.024559 0.015593
2 0.469067 0.522298 0.020466 0.011695
2 0.799743 0.255419 0.016373 0.014034
2 0.897805 0.309216 0.007602 0.021831
2 0.680512 0.235537 0.019297 0.024170
1 0.558300 0.232419 0.020466 0.021051
1 0.450121 0.175113 0.016958 0.031187
1 0.600402 0.297910 0.018127 0.030407
1 0.576134 0.345860 0.019881 0.020271
1 0.616190 0.355216 0.016958 0.023390
1 0.586660 0.365352 0.011695 0.018712
1 0.565901 0.373928 0.015788 0.024949
1 0.590168 0.416810 0.016373 0.024949
1 0.646597 0.419538 0.016958 0.024170
1 0.627300 0.420318 0.019297 0.014814
1 0.502456 0.388352 0.014034 0.033526
2 0.518537 0.416108 0.009941 0.024170
1 0.533740 0.435989 0.015788 0.028068
1 0.545143 0.474973 0.012864 0.029627
2 0.469710 0.431701 0.014034 0.038204
2 0.467663 0.320989 0.020466 0.014814
1 0.461816 0.278497 0.013449 0.029627
1 0.374688 0.320599 0.020466 0.018712
1 0.431701 0.285124 0.012864 0.025729
2 0.327616 0.438718 0.019881 0.014814
2 0.591630 0.151177 0.007602 0.021051
2 0.588707 0.041322 0.011110 0.014034
1 0.172072 0.632231 0.012864 0.033526
1 0.135525 0.829565 0.019297 0.038983
1 0.042843 0.826446 0.021051 0.040543
1 0.118626 0.585140 0.015203 0.014814
1 0.232652 0.814751 0.015203 0.014034
1 0.430590 0.776548 0.019297 0.029627
1 0.096055 0.250790 0.014896 0.032500
2 0.059154 0.275616 0.010156 0.026180
2 0.293085 0.319401 0.014896 0.010833
2 0.142435 0.650898 0.014219 0.018055
2 0.234517 0.526316 0.012864 0.021667