2 0.512479 0.159520 0.019297 0.034305
2 0.794211 0.538593 0.021870 0.037736
2 0.534991 0.519726 0.023156 0.041166
2 0.742110 0.753002 0.020583 0.041166
2 0.613465 0.835334 0.030875 0.041166
1 0.536921 0.586621 0.014151 0.024014
1 0.101458 0.478559 0.020583 0.017153
1 0.828945 0.229846 0.016724 0.020583
2 0.736964 0.454545 0.020583 0.027444
1 0.507333 0.583190 0.014151 0.024014
1 0.180575 0.651801 0.014151 0.027444
1 0.527273 0.706690 0.020583 0.027444
1 0.343954 0.614923 0.014151 0.025729
1 0.662350 0.728988 0.012864 0.024014
1 0.931218 0.952830 0.015437 0.025729
1 0.888122 0.634648 0.016724 0.027444