2 0.242686 0.605496 0.030585 0.035461
2 0.329787 0.677305 0.013298 0.023050
2 0.280585 0.855496 0.015957 0.014184
2 0.400931 0.085993 0.017287 0.017730
2 0.615691 0.308511 0.013298 0.030142
2 0.742686 0.125000 0.014628 0.014184
2 0.178856 0.409574 0.009309 0.023050
2 0.279920 0.477837 0.022606 0.021277
2 0.597739 0.617021 0.017287 0.033688
0 0.785904 0.180851 0.021277 0.030142
0 0.886303 0.159574 0.011968 0.019504
0 0.444149 0.557624 0.021277 0.017730
3 0.293883 0.506206 0.015957 0.021277
1 0.580452 0.888298 0.006649 0.023050
1 0.584441 0.240248 0.014628 0.014184
1 0.872340 0.320922 0.005319 0.008865
1 0.575133 0.364362 0.009309 0.007092
1 0.375665 0.171099 0.006649 0.010638
1 0.632314 0.511525 0.006649 0.010638
1 0.869681 0.660461 0.013298 0.007092
1 0.377660 0.677305 0.005319 0.008865
2 0.102394 0.770390 0.013298 0.014184
2 0.813165 0.166667 0.017287 0.023050
1 0.509309 0.525709 0.010638 0.021277