0 0.561835 0.193262 0.019947 0.026596
0 0.665559 0.298759 0.014628 0.017730
0 0.938830 0.425532 0.010638 0.023050
0 0.918883 0.486702 0.013298 0.021277
0 0.924202 0.551418 0.029255 0.023050
0 0.683511 0.729610 0.010638 0.024823
1 0.089096 0.377660 0.010638 0.026596
1 0.194149 0.494681 0.018617 0.030142
1 0.257979 0.609929 0.013298 0.023050
1 0.330452 0.617021 0.009309 0.012411
1 0.442819 0.705674 0.018617 0.019504
1 0.490027 0.625000 0.017287 0.028369
1 0.446809 0.503546 0.013298 0.008865
1 0.540559 0.590426 0.009309 0.008865
1 0.549867 0.626773 0.014628 0.014184
1 0.874335 0.643617 0.011968 0.019504
1 0.887633 0.769504 0.009309 0.026596
1 0.722739 0.406028 0.009309 0.015957
1 0.580452 0.372340 0.006649 0.012411
1 0.626995 0.288121 0.006649 0.010638
1 0.666223 0.244681 0.007979 0.012411
1 0.609707 0.559397 0.009309 0.014184
1 0.629654 0.579787 0.011968 0.023050
1 0.633644 0.609043 0.017287 0.010638
1 0.519282 0.631206 0.006649 0.008865
1 0.574468 0.718085 0.007979 0.008865
1 0.659574 0.672872 0.005319 0.010638
1 0.232048 0.757979 0.009309 0.010638
1 0.184176 0.749113 0.009309 0.010638
3 0.231383 0.300532 0.018617 0.021277
1 0.369681 0.547872 0.005319 0.012411