0 0.938830 0.334220 0.013298 0.031915
0 0.929521 0.547872 0.010638 0.023050
0 0.981383 0.605496 0.021277 0.017730
0 0.958777 0.643617 0.013298 0.019504
0 0.810505 0.955674 0.014628 0.026596
0 0.612367 0.988475 0.011968 0.017730
0 0.632314 0.836879 0.011968 0.012411
0 0.310505 0.914894 0.014628 0.015957
0 0.416223 0.353723 0.007979 0.017730
1 0.463431 0.452128 0.011968 0.008865
1 0.547207 0.191489 0.017287 0.015957
1 0.627660 0.175532 0.005319 0.008865
1 0.707447 0.273050 0.007979 0.008865
1 0.755984 0.351064 0.009309 0.023050
1 0.825798 0.273936 0.002660 0.007092
1 0.865691 0.250887 0.005319 0.007092
1 0.626330 0.638298 0.007979 0.012411
1 0.613032 0.569149 0.010638 0.015957
1 0.602394 0.709220 0.010638 0.015957
1 0.556516 0.748227 0.009309 0.008865
1 0.555186 0.842199 0.009309 0.012411
1 0.553191 0.890071 0.007979 0.012411
1 0.626995 0.668440 0.009309 0.012411
1 0.609043 0.773050 0.005319 0.008865
1 0.252660 0.437057 0.018617 0.021277
1 0.609707 0.398050 0.009309 0.017730
1 0.735372 0.512411 0.013298 0.012411
1 0.761968 0.518617 0.015957 0.017730