1 0.048070 0.050600 0.016724 0.018868
1 0.640384 0.573542 0.009648 0.025729
1 0.652042 0.566038 0.018493 0.019297
1 0.463497 0.546205 0.011256 0.024657
1 0.383496 0.609455 0.021709 0.013937
1 0.188840 0.583190 0.014473 0.023585
1 0.200900 0.527980 0.009648 0.016081
1 0.136980 0.702187 0.010452 0.019297
1 0.087934 0.700043 0.012060 0.019297
1 0.324880 0.826226 0.017301 0.014787
1 0.614167 0.765172 0.017765 0.017969
1 0.987360 0.676141 0.009189 0.014702
1 0.805419 0.189496 0.009189 0.021237
1 0.014927 0.705546 0.010414 0.013069
1 0.015846 0.791309 0.008576 0.011435
1 0.323675 0.511803 0.010414 0.009802
1 0.326738 0.525688 0.012864 0.008168
1 0.563812 0.696480 0.011639 0.018786
1 0.973454 0.051050 0.007351 0.010618
1 0.368639 0.236870 0.007964 0.009802
1 0.459610 0.182553 0.009802 0.010618
1 0.018602 0.652046 0.006739 0.010618
1 0.029935 0.682267 0.009802 0.010618
2 0.482276 0.553949 0.014702 0.013069
2 0.497897 0.548722 0.015315 0.019603
2 0.514743 0.604590 0.011027 0.017969
2 0.526689 0.612758 0.014090 0.014702
2 0.764131 0.519235 0.007964 0.023687
2 0.821408 0.552316 0.007351 0.022870
2 0.816507 0.536388 0.013477 0.010618
2 0.779752 0.769583 0.023279 0.014702
2 0.795679 0.754880 0.019603 0.009802
2 0.863800 0.745487 0.008576 0.028588
2 0.849097 0.718533 0.013477 0.012252
2 0.962428 0.789594 0.011027 0.030221
2 0.944050 0.695254 0.015927 0.011435
2 0.994997 0.735277 0.010006 0.027771
2 0.925059 0.714449 0.012252 0.010618
2 0.910051 0.720167 0.011639 0.013885
2 0.916483 0.672384 0.017153 0.008168
2 0.954464 0.625337 0.015927 0.013069
2 0.960590 0.556726 0.014702 0.011435
2 0.974986 0.520787 0.012864 0.013069
2 0.940068 0.528139 0.011639 0.011435
2 0.991628 0.796618 0.016744 0.013885
2 0.994997 0.815405 0.010006 0.020420
2 0.984787 0.841950 0.015315 0.013069
2 0.975905 0.878706 0.011027 0.032672
2 0.965490 0.881565 0.011027 0.017153
2 0.934554 0.918321 0.011639 0.023687
2 0.921077 0.875439 0.011639 0.016336
2 0.931185 0.853794 0.009802 0.017153
2 0.876971 0.855019 0.009189 0.019603
2 0.872989 0.886874 0.006126 0.016336
2 0.855836 0.868088 0.011027 0.024504
2 0.864719 0.844401 0.007964 0.019603
2 0.854611 0.842359 0.008576 0.022053
2 0.841440 0.858695 0.014090 0.015519
2 0.825513 0.864004 0.006739 0.024504
2 0.781712 0.935882 0.012252 0.024504
2 0.699012 0.971004 0.011027 0.022870
2 0.757821 0.910153 0.015927 0.010618
2 0.767316 0.788859 0.018990 0.014702
2 0.655211 0.777424 0.014090 0.019603
2 0.647860 0.758638 0.012864 0.014702
2 0.637140 0.711264 0.013477 0.017969
2 0.763640 0.621008 0.021441 0.010618
2 0.509720 0.944050 0.009802 0.022870
2 0.490729 0.832966 0.008576 0.031038
2 0.495018 0.794576 0.017153 0.011435
2 0.468063 0.811321 0.009802 0.028588
2 0.454893 0.989790 0.016540 0.017969
2 0.434064 0.985706 0.015315 0.014702
2 0.396083 0.965286 0.011639 0.022870
2 0.403741 0.888508 0.019603 0.013069
2 0.379543 0.910153 0.014090 0.017153
2 0.370354 0.871763 0.011639 0.025321
2 0.378625 0.837867 0.008576 0.022870
2 0.366679 0.792534 0.016540 0.020420
2 0.343400 0.836641 0.009189 0.026954
2 0.320734 0.806420 0.025116 0.020420
2 0.247529 0.809279 0.013477 0.037572
2 0.228845 0.805603 0.016540 0.013885
2 0.237728 0.841950 0.018378 0.009802
2 0.286735 0.984073 0.014702 0.013069
2 0.321347 0.951401 0.010414 0.021237
2 0.357184 0.910970 0.013477 0.018786
2 0.346770 0.942824 0.012252 0.015519
2 0.347382 0.957527 0.009802 0.010618
2 0.333905 0.929756 0.008576 0.022053
2 0.518909 0.685861 0.009802 0.028588
2 0.401903 0.567263 0.014702 0.017153
2 0.162440 0.884424 0.011639 0.027771
2 0.182349 0.875439 0.009802 0.019603
2 0.094135 0.794168 0.014702 0.013885
2 0.214510 0.591440 0.015315 0.018786
2 0.258923 0.351384 0.009802 0.019603
2 0.100261 0.093686 0.015927 0.017153
2 0.896267 0.318713 0.007351 0.021237
2 0.977436 0.121866 0.007964 0.029405
2 0.933023 0.139018 0.011027 0.019603
2 0.822143 0.242751 0.007351 0.017969
2 0.721371 0.886057 0.006739 0.016336
2 0.021665 0.844809 0.007964 0.026954
2 0.339909 0.881565 0.014702 0.017153
2 0.043106 0.919137 0.015315 0.017153
2 0.017990 0.951401 0.010414 0.011435
2 0.473454 0.943233 0.015927 0.011435
2 0.439455 0.843176 0.009189 0.020420
2 0.092114 0.252798 0.011639 0.013885
2 0.162869 0.185412 0.013477 0.026137
2 0.526934 0.744344 0.016540 0.013885
2 0.845728 0.657355 0.015315 0.013069
2 0.880952 0.011435 0.026954 0.022870
2 0.183084 0.256473 0.013477 0.014702
2 0.021665 0.804786 0.011639 0.020420
2 0.160418 0.683493 0.017153 0.016336
2 0.097015 0.924447 0.021441 0.019603
2 0.994078 0.345095 0.011843 0.012252
2 0.072817 0.513926 0.012252 0.011435
2 0.309585 0.741485 0.016540 0.024504
2 0.341685 0.906477 0.014090 0.014702
2 0.822450 0.180511 0.011639 0.017969
2 0.611411 0.218084 0.014702 0.019603
2 0.020440 0.515397 0.009189 0.027771
1 0.915294 0.805946 0.010292 0.010292
1 0.879917 0.821384 0.014151 0.011435
1 0.908862 0.754202 0.008576 0.009720
1 0.979617 0.551801 0.010292 0.017724
1 0.684463 0.745054 0.005575 0.009720
1 0.744282 0.850257 0.006003 0.012007
1 0.731418 0.904002 0.005146 0.009720
1 0.299214 0.919154 0.008148 0.010292
1 0.299643 0.931447 0.007290 0.009720
1 0.192267 0.829674 0.008148 0.010863