2 0.333031 0.398000 0.008466 0.022980
1 0.712294 0.746573 0.013002 0.017336
1 0.704433 0.224319 0.009978 0.008466
1 0.683267 0.274512 0.008769 0.014514
1 0.345398 0.797573 0.009978 0.012095
1 0.365506 0.856233 0.012095 0.017336
1 0.894987 0.511087 0.009373 0.010482
1 0.969823 0.444969 0.007862 0.009676
1 0.755896 0.582648 0.005140 0.008466
1 0.229318 0.551403 0.010281 0.006451
1 0.627691 0.921182 0.006350 0.008063
1 0.815977 0.366594 0.004838 0.008063
1 0.809325 0.350669 0.007862 0.008466
1 0.693064 0.359740 0.006955 0.008870
1 0.700018 0.379697 0.002721 0.004435