2 0.855961 0.144940 0.011578 0.032590
0 0.911921 0.196398 0.020583 0.032590
2 0.749828 0.187822 0.023156 0.018868
2 0.729888 0.208405 0.021870 0.018868
1 0.787779 0.263293 0.014151 0.022298
2 0.845669 0.313894 0.014151 0.024014
2 0.738250 0.342196 0.023156 0.018868
2 0.601887 0.044597 0.015437 0.017153
1 0.409563 0.234991 0.014151 0.024014
2 0.282847 0.285592 0.010292 0.025729
1 0.255832 0.444254 0.018010 0.024014
2 0.493182 0.592624 0.016724 0.029160
0 0.543997 0.626930 0.025729 0.025729
2 0.708662 0.590051 0.025729 0.024014
2 0.623756 0.561750 0.030875 0.029160
2 0.722813 0.687822 0.018010 0.034305
2 0.563293 0.714408 0.018010 0.032590
2 0.478388 0.771012 0.018010 0.032590
2 0.541424 0.782161 0.015437 0.030875
1 0.610892 0.812178 0.018010 0.022298
1 0.680360 0.915094 0.015437 0.022298
1 0.701587 0.802744 0.016724 0.017153
2 0.857890 0.825043 0.015437 0.027444
1 0.800643 0.605489 0.016724 0.020583