1 0.602530 0.469983 0.011578 0.027444
2 0.212093 0.695540 0.020583 0.036021
0 0.857247 0.123499 0.016724 0.024014
1 0.805789 0.258148 0.014151 0.022298
1 0.732461 0.626930 0.009005 0.025729
1 0.769768 0.703259 0.014151 0.017153
1 0.774914 0.819897 0.014151 0.030875
1 0.673928 0.780446 0.012864 0.027444
1 0.634691 0.500858 0.014151 0.020583
1 0.713165 0.587479 0.014151 0.025729
1 0.278345 0.705832 0.019297 0.025729
2 0.561364 0.945111 0.021870 0.020583
1 0.790995 0.799314 0.015437 0.017153
0 0.598027 0.874786 0.020583 0.037736