1 0.635348 0.289067 0.016927 0.023472
1 0.675634 0.358581 0.017604 0.019861
1 0.769071 0.821071 0.016250 0.013542
1 0.587953 0.793536 0.014219 0.018055
1 0.569671 0.895549 0.014219 0.023472
1 0.072696 0.248262 0.012864 0.021667
1 0.301751 0.299991 0.016250 0.013542
1 0.863659 0.908640 0.011510 0.013542
1 0.607926 0.947007 0.009479 0.014444
2 0.558500 0.733953 0.012187 0.018055
2 0.721337 0.657218 0.022344 0.010833
2 0.753972 0.315519 0.012864 0.017153
2 0.913763 0.313713 0.012864 0.011736
2 0.619788 0.608979 0.027060 0.036671
1 0.154072 0.849628 0.010006 0.017788