0 0.573138 0.507979 0.026596 0.039007
0 0.588431 0.420213 0.017287 0.030142
0 0.531250 0.742908 0.014628 0.026596
0 0.549867 0.763298 0.019947 0.028369
0 0.568484 0.809397 0.011968 0.024823
0 0.464761 0.457447 0.019947 0.026596
0 0.584441 0.288121 0.017287 0.024823
0 0.559176 0.270390 0.009309 0.014184
0 0.731383 0.021277 0.026596 0.030142
0 0.950133 0.148936 0.017287 0.019504
0 0.890293 0.310284 0.011968 0.015957
0 0.584441 0.713652 0.027926 0.024823
0 0.723404 0.535461 0.023936 0.026596
0 0.894282 0.710993 0.025266 0.037234
0 0.617686 0.282801 0.014628 0.035461
0 0.698803 0.265957 0.022606 0.033688
0 0.925532 0.623227 0.021277 0.028369
0 0.945479 0.430851 0.026596 0.026596
0 0.426197 0.597518 0.030585 0.023050
0 0.536569 0.845745 0.019947 0.026596
0 0.595080 0.988918 0.014628 0.022163
0 0.746676 0.632092 0.011968 0.021277
0 0.792553 0.744681 0.013298 0.023050
0 0.960771 0.696809 0.017287 0.015957
0 0.869016 0.671099 0.017287 0.010638
0 0.990027 0.467199 0.014628 0.010638
0 0.960771 0.398050 0.011968 0.017730
0 0.967420 0.283688 0.019947 0.023050
0 0.865691 0.182624 0.021277 0.033688
0 0.739362 0.839539 0.037234 0.031915
0 0.715426 0.890957 0.018617 0.028369
0 0.528590 0.332447 0.022606 0.046099
1 0.468085 0.759752 0.023936 0.024823
1 0.624335 0.862589 0.017287 0.017730
1 0.670213 0.821809 0.007979 0.017730
1 0.512633 0.734929 0.011968 0.014184
1 0.287899 0.756206 0.017287 0.021277
1 0.246011 0.825355 0.013298 0.024823
1 0.216755 0.884752 0.013298 0.008865
1 0.269282 0.921986 0.011968 0.012411
1 0.248005 0.978723 0.009309 0.008865
1 0.359707 0.932624 0.009309 0.019504
1 0.426862 0.857270 0.013298 0.031915
1 0.425532 0.953014 0.010638 0.010638
1 0.471410 0.884752 0.009309 0.005319
1 0.567154 0.968972 0.017287 0.014184
1 0.556516 0.914007 0.006649 0.007092
1 0.736037 0.922872 0.022606 0.014184
1 0.707447 0.852837 0.010638 0.015957
1 0.710771 0.791667 0.011968 0.014184
1 0.796543 0.794326 0.015957 0.012411
1 0.871676 0.884752 0.027926 0.044326
1 0.798537 0.925532 0.025266 0.023050
1 0.953457 0.792553 0.023936 0.030142
1 0.797872 0.234043 0.018617 0.019504
1 0.884973 0.529255 0.006649 0.021277
1 0.778590 0.503546 0.014628 0.008865
1 0.732048 0.596631 0.019947 0.017730
1 0.651596 0.643617 0.026596 0.023050
1 0.251995 0.533688 0.011968 0.015957
1 0.209441 0.500000 0.009309 0.012411
1 0.236037 0.640071 0.009309 0.015957
1 0.251330 0.695035 0.005319 0.008865
1 0.319149 0.625887 0.015957 0.026596
1 0.322473 0.793440 0.030585 0.021277