2 0.661569 0.717199 0.011968 0.056738
2 0.408245 0.330674 0.005319 0.021277
2 0.916888 0.503546 0.014628 0.026596
0 0.242021 0.434397 0.013298 0.026596
0 0.223404 0.568262 0.026596 0.028369
2 0.309176 0.677305 0.022606 0.026596
1 0.417553 0.658688 0.013298 0.017730
1 0.697473 0.437057 0.014628 0.024823
1 0.722074 0.375000 0.013298 0.017730
1 0.739362 0.391844 0.018617 0.026596
1 0.802527 0.373227 0.019947 0.024823
1 0.805186 0.399823 0.011968 0.021277
1 0.574468 0.044326 0.018617 0.019504
1 0.507314 0.071809 0.011968 0.024823
1 0.457447 0.140957 0.007979 0.017730
1 0.373005 0.294326 0.014628 0.015957
1 0.525266 0.511525 0.015957 0.028369
1 0.643617 0.462766 0.018617 0.012411
1 0.597074 0.292553 0.010638 0.019504
1 0.858378 0.457447 0.006649 0.012411
1 0.757979 0.515071 0.007979 0.017730
1 0.757314 0.580674 0.006649 0.031915
1 0.492686 0.623227 0.011968 0.014184
1 0.385638 0.583333 0.010638 0.015957
1 0.393617 0.703901 0.015957 0.019504
1 0.095745 0.360816 0.010638 0.010638
1 0.095080 0.446809 0.009309 0.012411
1 0.256649 0.446809 0.007979 0.023050
1 0.190824 0.782801 0.014628 0.031915
1 0.174867 0.653369 0.006649 0.021277
1 0.520612 0.875000 0.011968 0.010638