1 0.651596 0.640957 0.015957 0.021277
1 0.819814 0.607270 0.011968 0.028369
0 0.897606 0.264184 0.018617 0.015957
0 0.640293 0.438830 0.017287 0.017730
0 0.432181 0.179078 0.015957 0.030142
0 0.090426 0.815603 0.015957 0.019504
1 0.246011 0.677305 0.010638 0.012411
1 0.260638 0.520390 0.010638 0.021277
1 0.373005 0.584220 0.011968 0.017730
1 0.523936 0.654255 0.013298 0.015957
1 0.581782 0.945922 0.009309 0.014184
1 0.455452 0.991578 0.011968 0.016844
1 0.734043 0.837766 0.010638 0.024823
1 0.753989 0.916667 0.005319 0.023050