1 0.394125 0.233276 0.021870 0.051458
1 0.713165 0.029160 0.024443 0.034305
1 0.772341 0.194683 0.019297 0.039451
1 0.794873 0.270889 0.027567 0.023279
1 0.899167 0.365229 0.028486 0.022053
1 0.993920 0.376868 0.012160 0.018378
1 0.792346 0.434391 0.013324 0.034918
1 0.726875 0.503369 0.018378 0.020216
1 0.895951 0.795945 0.023891 0.030017
1 0.903072 0.880483 0.020675 0.036143
1 0.778333 0.908356 0.031242 0.023279
1 0.661358 0.960120 0.029405 0.020216
1 0.564414 0.836682 0.028486 0.017153
1 0.463106 0.983276 0.014243 0.033448
1 0.446566 0.556236 0.020675 0.037981
1 0.393960 0.609532 0.021135 0.011027
1 0.146272 0.702524 0.016081 0.017153
1 0.970473 0.789267 0.011027 0.030630
1 0.053924 0.834416 0.024351 0.025116
1 0.198879 0.581965 0.014702 0.023279
1 0.212433 0.527751 0.013324 0.018990
1 0.173361 0.189156 0.025014 0.031447
1 0.056151 0.050029 0.020726 0.025729
1 0.105108 0.253955 0.018582 0.027635
1 0.102249 0.344483 0.012864 0.020011
1 0.096889 0.154374 0.017867 0.017153
1 0.562941 0.552316 0.014294 0.028588
1 0.585454 0.562988 0.025014 0.028588
1 0.865857 0.646655 0.008729 0.025729
1 0.815548 0.190211 0.010108 0.020216
2 0.905094 0.319162 0.007811 0.020828
2 0.989862 0.129564 0.014702 0.018990
2 0.831582 0.241975 0.007811 0.018378
2 0.774611 0.518562 0.008729 0.022666
2 0.776449 0.619027 0.017000 0.010414
2 0.832042 0.551335 0.007811 0.020828
2 0.828826 0.535714 0.012405 0.010414
2 0.961422 0.625766 0.010567 0.016540
2 0.983246 0.521012 0.010108 0.015315
2 0.969692 0.557155 0.016081 0.012864
2 0.925355 0.671710 0.016540 0.011639
2 0.954990 0.695908 0.014243 0.011027
2 0.930639 0.717961 0.020675 0.011027
2 0.932017 0.736339 0.007811 0.013477
2 0.993001 0.843114 0.013998 0.018990
2 0.986462 0.875276 0.009189 0.020828
2 0.975435 0.878951 0.009189 0.013477
2 0.930639 0.876195 0.013324 0.017765
2 0.922599 0.847403 0.008270 0.014090
2 0.872978 0.747856 0.007351 0.025729
2 0.861492 0.718451 0.011946 0.013477
2 0.807737 0.755820 0.016540 0.012252
2 0.787981 0.772053 0.015621 0.011639
2 0.774887 0.787368 0.018837 0.011639
2 0.886302 0.854447 0.008270 0.020828
2 0.874127 0.850159 0.009648 0.024504
2 0.865627 0.841583 0.010108 0.019603
2 0.865627 0.870069 0.011027 0.022666
2 0.943963 0.919076 0.009648 0.018990
2 0.939139 0.853222 0.007351 0.018378
2 0.709645 0.969309 0.011486 0.021441
2 0.792346 0.936535 0.010567 0.020828
2 0.664987 0.776954 0.013324 0.016540
2 0.659014 0.760720 0.010567 0.012252
2 0.664987 0.823756 0.013324 0.012864
2 0.732066 0.884710 0.006892 0.017153
2 0.529542 0.685923 0.008729 0.027567
2 0.538042 0.742894 0.015621 0.012864
2 0.505651 0.795271 0.017918 0.013477
2 0.477625 0.812730 0.007811 0.028792
2 0.499908 0.832945 0.008270 0.026342
2 0.520813 0.944805 0.013324 0.023891
2 0.483827 0.942967 0.016540 0.010414
2 0.444775 0.985236 0.016540 0.015315
2 0.389549 0.911112 0.014702 0.014090
2 0.413440 0.889059 0.015621 0.015315
2 0.386563 0.837907 0.008729 0.022053
2 0.377604 0.792882 0.017459 0.018990
2 0.331199 0.806971 0.024810 0.020216
2 0.353253 0.838520 0.006432 0.020828
2 0.367496 0.909887 0.015621 0.015315
2 0.357847 0.944499 0.020216 0.007351
2 0.334875 0.952769 0.009189 0.020216
2 0.296971 0.984318 0.013324 0.014702
2 0.247121 0.842808 0.017459 0.012252
2 0.237472 0.802989 0.013783 0.013477
2 0.172231 0.884465 0.008270 0.029405
2 0.105611 0.921220 0.021135 0.019603
2 0.053005 0.920914 0.014243 0.020216
2 0.039221 0.876807 0.019756 0.020216
2 0.029803 0.844033 0.008270 0.019603
2 0.030262 0.804215 0.009189 0.018378
2 0.023141 0.705587 0.009648 0.009802
2 0.411970 0.566099 0.017459 0.016540
2 0.508729 0.598260 0.011027 0.022053
2 0.524580 0.605305 0.014243 0.017765
2 0.536526 0.611125 0.016081 0.013477
2 0.628599 0.631647 0.016081 0.017765
2 0.940747 0.138140 0.010567 0.017765
2 0.269404 0.353467 0.010567 0.022053
2 0.379901 0.870497 0.011027 0.022053
2 0.406549 0.966369 0.011946 0.018990
1 0.350037 0.906028 0.011946 0.014702
1 0.309146 0.902352 0.007351 0.009802
1 0.308457 0.921343 0.009648 0.009802
1 0.307997 0.934820 0.008729 0.008576
1 0.607556 0.783999 0.008729 0.011027
1 0.574247 0.694560 0.010108 0.017153
1 0.925815 0.803847 0.009189 0.008576
1 0.995758 0.674896 0.008484 0.014090
1 0.648080 0.712938 0.012405 0.014702
1 0.102625 0.710181 0.013324 0.014090
1 0.024289 0.791656 0.006432 0.010414
1 0.027965 0.653394 0.010108 0.012252
1 0.612748 0.552438 0.008270 0.011027
1 0.358950 0.955219 0.009189 0.009189
1 0.334949 0.519726 0.019297 0.027444