1 0.552358 0.661235 0.032161 0.036021
1 0.797638 0.833385 0.019881 0.038204
1 0.574848 0.972166 0.018712 0.041322
1 0.560288 0.729690 0.022805 0.027288
1 0.342118 0.924216 0.017542 0.031187
1 0.295338 0.591845 0.017542 0.024170
1 0.632914 0.414237 0.021636 0.019492
1 0.671215 0.390847 0.017542 0.024170
3 0.931136 0.348355 0.023975 0.045221
1 0.845470 0.547482 0.021051 0.023390
1 0.801322 0.729924 0.018127 0.018712
1 0.758635 0.787619 0.023975 0.023390
1 0.687003 0.288866 0.021051 0.017932
1 0.616248 0.269765 0.029237 0.020271
1 0.596367 0.216357 0.015203 0.027288
1 0.518303 0.192578 0.025144 0.018712
2 0.944117 0.557851 0.025144 0.017932
1 0.205286 0.424138 0.012864 0.024949