0 0.703457 0.073286 0.010638 0.018913
0 0.723404 0.133570 0.010638 0.030733
0 0.710106 0.390071 0.013298 0.028369
0 0.551862 0.106383 0.018617 0.023641
0 0.581782 0.249409 0.009309 0.035461
0 0.535239 0.533097 0.011968 0.030733
0 0.484043 0.820331 0.015957 0.018913
0 0.653590 0.695035 0.017287 0.033097
0 0.617686 0.758865 0.009309 0.033097
0 0.797207 0.472813 0.011968 0.023641
0 0.807181 0.602837 0.007979 0.033097
0 0.750665 0.676123 0.009309 0.014184
0 0.795213 0.886525 0.015957 0.014184
0 0.902926 0.261229 0.010638 0.016548
0 0.906250 0.130024 0.011968 0.018913
0 0.634973 0.628842 0.011968 0.028369
0 0.597739 0.399527 0.019947 0.014184
0 0.242021 0.580378 0.013298 0.021277
1 0.509973 0.684397 0.009309 0.016548
1 0.621011 0.250591 0.007979 0.018913
1 0.542553 0.368794 0.010638 0.023641
1 0.462101 0.554374 0.011968 0.026005
1 0.452128 0.267139 0.007979 0.014184
1 0.475399 0.504728 0.006649 0.016548
1 0.501330 0.475177 0.013298 0.014184
1 0.503324 0.398345 0.006649 0.011820
1 0.541223 0.661939 0.007979 0.009456
1 0.608378 0.456265 0.009309 0.018913
1 0.600399 0.608747 0.009309 0.016548
1 0.852394 0.436170 0.005319 0.011820
1 0.852394 0.481087 0.007979 0.007092
1 0.841090 0.702128 0.009309 0.014184
1 0.887633 0.664303 0.011968 0.014184
1 0.720080 0.773050 0.009309 0.014184
1 0.349069 0.704492 0.017287 0.028369
1 0.441489 0.511820 0.007979 0.016548
1 0.451463 0.715130 0.009309 0.011820
1 0.448138 0.559102 0.007979 0.026005
1 0.678191 0.358156 0.010638 0.021277
1 0.628324 0.078014 0.009309 0.014184
1 0.584441 0.010638 0.011968 0.016548
1 0.500665 0.914894 0.009309 0.023641
1 0.502660 0.962175 0.007979 0.014184
1 0.215426 0.710402 0.010638 0.021277