0 0.661569 0.297872 0.022606 0.030142
0 0.673537 0.236702 0.022606 0.024823
0 0.737367 0.091312 0.009309 0.014184
0 0.577793 0.062943 0.014628 0.017730
0 0.585771 0.083333 0.019947 0.023050
0 0.610372 0.027482 0.007979 0.010638
0 0.612367 0.309397 0.014628 0.024823
0 0.571144 0.394504 0.017287 0.021277
0 0.606383 0.517730 0.021277 0.019504
0 0.660904 0.527482 0.026596 0.028369
0 0.612367 0.615248 0.019947 0.030142
0 0.582447 0.708333 0.013298 0.028369
0 0.618351 0.651596 0.015957 0.024823
0 0.301862 0.919326 0.013298 0.039007
0 0.335771 0.759752 0.019947 0.014184
0 0.878989 0.977837 0.015957 0.024823
1 0.623670 0.843085 0.010638 0.021277
1 0.528590 0.890071 0.011968 0.008865
1 0.543218 0.698582 0.006649 0.019504
1 0.523936 0.647163 0.010638 0.023050
1 0.538564 0.591312 0.007979 0.024823
1 0.534574 0.529255 0.007979 0.014184
1 0.528590 0.460106 0.011968 0.014184
1 0.573138 0.515957 0.007979 0.008865
1 0.696144 0.757092 0.011968 0.040780
1 0.803191 0.728723 0.018617 0.023050
1 0.886968 0.636525 0.010638 0.008865
1 0.876995 0.694149 0.025266 0.028369
1 0.851064 0.707447 0.015957 0.026596
1 0.922872 0.634752 0.005319 0.008865
1 0.942154 0.634752 0.006649 0.012411
1 0.954122 0.784574 0.017287 0.021277
1 0.946809 0.805851 0.013298 0.017730
1 0.985372 0.775709 0.007979 0.017730
1 0.987367 0.697695 0.006649 0.014184
1 0.992686 0.635638 0.009309 0.014184
1 0.985372 0.586879 0.005319 0.023050
1 0.880984 0.266844 0.017287 0.021277
1 0.822473 0.323582 0.011968 0.021277
1 0.434176 0.327128 0.014628 0.017730
1 0.491356 0.490248 0.009309 0.024823
1 0.366356 0.512411 0.014628 0.023050
1 0.365691 0.583333 0.018617 0.019504
1 0.328457 0.607270 0.018617 0.024823
1 0.303191 0.460106 0.007979 0.010638
1 0.394947 0.393617 0.010638 0.026596
3 0.079787 0.546099 0.029255 0.044326
3 0.379654 0.039894 0.011968 0.014184
3 0.906250 0.849291 0.017287 0.015957
3 0.985372 0.829787 0.015957 0.023050
3 0.992021 0.861702 0.015957 0.023050
3 0.901596 0.889184 0.013298 0.021277
3 0.333112 0.067376 0.011968 0.023050
3 0.232048 0.507979 0.006649 0.010638
3 0.246011 0.868794 0.010638 0.030142
3 0.722074 0.593972 0.029255 0.015957