2 0.559176 0.376773 0.017287 0.035461
2 0.516622 0.245567 0.014628 0.024823
2 0.406250 0.443262 0.019947 0.012411
2 0.394282 0.525709 0.014628 0.031915
2 0.427527 0.489362 0.019947 0.026596
1 0.744016 0.231383 0.011968 0.017730
1 0.843750 0.224291 0.019947 0.014184
1 0.854388 0.356383 0.019947 0.026596
1 0.149601 0.751773 0.017287 0.026596
1 0.049867 0.649823 0.017287 0.017730
1 0.035239 0.953014 0.017287 0.024823
1 0.312500 0.370567 0.015957 0.023050
1 0.307181 0.274823 0.018617 0.019504
1 0.379654 0.375000 0.011968 0.017730
1 0.470080 0.393617 0.011968 0.015957
1 0.430851 0.449468 0.013298 0.028369
1 0.653590 0.390957 0.022606 0.014184
1 0.615691 0.468085 0.013298 0.019504
1 0.382314 0.263298 0.009309 0.010638
1 0.396941 0.238475 0.006649 0.007092
1 0.484707 0.184397 0.009309 0.015957
1 0.557846 0.207447 0.017287 0.015957
1 0.573138 0.334220 0.007979 0.021277
1 0.681516 0.301418 0.003989 0.026596
1 0.636303 0.015071 0.022606 0.010638
1 0.933511 0.194149 0.010638 0.010638
1 0.892952 0.253546 0.006649 0.001773
1 0.487367 0.630319 0.014628 0.035461
1 0.255319 0.612589 0.021277 0.017730
1 0.190824 0.633865 0.011968 0.021277
1 0.216090 0.662234 0.022606 0.014184
1 0.238697 0.741135 0.011968 0.015957
1 0.227394 0.683511 0.018617 0.014184
1 0.207447 0.481383 0.018617 0.017730
1 0.357713 0.683511 0.015957 0.017730
1 0.600399 0.594858 0.017287 0.021277
1 0.730053 0.626773 0.018617 0.031915
1 0.670878 0.762411 0.006649 0.005319
1 0.595080 0.696809 0.027926 0.033688
1 0.466755 0.765071 0.005319 0.003546
1 0.416223 0.758865 0.013298 0.015957
1 0.616356 0.547872 0.011968 0.012411
1 0.837101 0.523050 0.017287 0.033688