1 0.445422 0.740123 0.024492 0.011692
1 0.516630 0.629858 0.006652 0.024996
1 0.603622 0.656870 0.008769 0.012901
1 0.697206 0.516288 0.016933 0.014917
1 0.677250 0.536647 0.014514 0.020158
1 0.768928 0.596839 0.007257 0.017336
1 0.771650 0.578899 0.009071 0.012095
1 0.810051 0.670416 0.022980 0.033866
1 0.657656 0.882721 0.014514 0.008870
1 0.627721 0.980487 0.030842 0.017336
1 0.762125 0.992985 0.016630 0.010885
1 0.440342 0.480285 0.013607 0.008870
1 0.214653 0.324948 0.020864 0.027012
1 0.151851 0.444646 0.009071 0.012901
1 0.247978 0.888544 0.011456 0.016173
1 0.347372 0.857772 0.012129 0.014825
1 0.306332 0.389856 0.012397 0.014917
1 0.300738 0.238671 0.010885 0.018949
1 0.348996 0.391792 0.008466 0.004435
1 0.307723 0.514151 0.014816 0.008063
1 0.169025 0.154814 0.013304 0.010079
1 0.829312 0.787252 0.008769 0.012095
1 0.802492 0.523746 0.006047 0.004838
1 0.997309 0.108249 0.005382 0.029028