0 0.601064 0.191489 0.021277 0.026596
0 0.505319 0.134752 0.021277 0.015957
0 0.624335 0.028369 0.022606 0.015957
0 0.549202 0.125887 0.010638 0.026596
0 0.650266 0.098404 0.015957 0.021277
0 0.782580 0.197695 0.009309 0.028369
0 0.857048 0.270390 0.019947 0.028369
0 0.782580 0.006649 0.014628 0.013298
0 0.802527 0.068262 0.014628 0.021277
0 0.642952 0.320035 0.019947 0.028369
0 0.595080 0.282801 0.011968 0.024823
0 0.527261 0.234043 0.017287 0.023050
0 0.400266 0.406028 0.018617 0.030142
0 0.481383 0.373227 0.015957 0.028369
0 0.470745 0.283688 0.007979 0.012411
0 0.581117 0.541667 0.026596 0.028369
0 0.672207 0.677305 0.017287 0.026596
0 0.779255 0.563830 0.015957 0.015957
0 0.766622 0.602837 0.019947 0.012411
0 0.661569 0.903369 0.014628 0.035461
0 0.632979 0.890071 0.010638 0.023050
0 0.555851 0.827128 0.021277 0.017730
0 0.479388 0.858156 0.009309 0.023050
0 0.504654 0.849291 0.011968 0.015957
0 0.718750 0.539894 0.022606 0.021277
0 0.728723 0.702128 0.018617 0.026596
0 0.721410 0.924645 0.017287 0.024823
0 0.399601 0.552305 0.019947 0.024823
0 0.390293 0.625887 0.014628 0.030142
0 0.115691 0.063830 0.015957 0.019504
0 0.172872 0.254433 0.013298 0.021277
0 0.964761 0.222518 0.011968 0.028369
0 0.894282 0.371454 0.014628 0.014184
0 0.921543 0.425532 0.018617 0.023050
0 0.951463 0.489362 0.014628 0.023050
0 0.648936 0.398936 0.029255 0.015957
0 0.646277 0.443262 0.015957 0.026596
0 0.608378 0.443262 0.030585 0.040780
1 0.164894 0.622340 0.015957 0.019504
1 0.179521 0.665780 0.021277 0.021277
1 0.063830 0.482270 0.010638 0.023050
1 0.065824 0.559397 0.011968 0.017730
1 0.047207 0.602837 0.009309 0.012411
1 0.140957 0.736702 0.007979 0.014184
1 0.146277 0.783688 0.007979 0.008865
1 0.146941 0.835106 0.011968 0.019504
1 0.316489 0.890957 0.023936 0.021277
1 0.463431 0.763298 0.014628 0.017730
1 0.477394 0.804078 0.026596 0.014184
1 0.595745 0.625000 0.007979 0.017730
1 0.593750 0.760638 0.006649 0.008865
1 0.792553 0.810284 0.015957 0.015957
1 0.880984 0.920213 0.011968 0.023050
1 0.836436 0.173759 0.018617 0.015957
1 0.762633 0.135638 0.003989 0.007092