2 0.835795 0.693920 0.019535 0.014612
2 0.827219 0.702497 0.017629 0.017788
2 0.874150 0.831459 0.012388 0.025411
2 0.651976 0.897402 0.018582 0.015247
2 0.439235 0.108951 0.011435 0.029858
2 0.341798 0.321581 0.008100 0.021600
2 0.471063 0.298710 0.013341 0.021600
2 0.453672 0.344006 0.016676 0.016899
2 0.206435 0.527730 0.013341 0.026047
2 0.207388 0.626263 0.019059 0.016517
2 0.262896 0.560193 0.009053 0.020329
2 0.240026 0.762849 0.019535 0.015247
2 0.223826 0.780319 0.017629 0.014612
2 0.212868 0.793025 0.015723 0.015882
2 0.108332 0.773648 0.010959 0.017788
2 0.270806 0.871990 0.008100 0.025411
2 0.324074 0.866463 0.009053 0.023505
2 0.313115 0.858522 0.010006 0.031764
2 0.307874 0.755606 0.008100 0.030494
2 0.291675 0.730830 0.014770 0.016517
2 0.208055 0.912839 0.016200 0.010800
2 0.234976 0.935709 0.012864 0.029858
2 0.356998 0.735722 0.009529 0.013341
2 0.361762 0.685535 0.016200 0.012070
2 0.402262 0.639159 0.018106 0.013341
2 0.375341 0.552570 0.012864 0.007623
2 0.279048 0.696779 0.010482 0.016517
2 0.372626 0.895369 0.013341 0.016517
2 0.389445 0.937933 0.008100 0.024141
2 0.421606 0.906804 0.013341 0.017788
2 0.434613 0.902357 0.012864 0.033035
2 0.450384 0.821295 0.020964 0.011435
2 0.393967 0.714281 0.021353 0.013404
2 0.523283 0.819706 0.011435 0.022235
2 0.453958 0.840988 0.013817 0.022870
2 0.442523 0.866400 0.014770 0.008894
2 0.550203 0.846388 0.015723 0.013341
2 0.541151 0.815260 0.017629 0.010800
2 0.513277 0.776825 0.014294 0.019059
2 0.606474 0.799695 0.011435 0.022870
2 0.613144 0.868941 0.015247 0.017788
2 0.619100 0.905470 0.008100 0.022235
2 0.638873 0.855282 0.013341 0.018423
2 0.697001 0.789213 0.013341 0.022235
2 0.707484 0.736484 0.010482 0.024776
2 0.716536 0.703132 0.007623 0.024141
2 0.749651 0.702497 0.014770 0.024141
2 0.742980 0.742837 0.011912 0.010800
2 0.736786 0.725367 0.009053 0.017788
2 0.729163 0.741249 0.007147 0.021600
2 0.833508 0.788895 0.015723 0.022870
2 0.860571 0.748237 0.010959 0.027952
2 0.887491 0.734261 0.008576 0.025411
2 0.920367 0.646274 0.013341 0.018423
2 0.927038 0.624992 0.012388 0.020329
2 0.936329 0.646592 0.015723 0.016517
2 0.984213 0.558923 0.011435 0.025411
2 0.736691 0.640874 0.011912 0.025411
2 0.975589 0.687186 0.011912 0.024776
2 0.987501 0.671940 0.010959 0.019694
2 0.953434 0.689092 0.016200 0.013341
2 0.909361 0.692586 0.008100 0.024141
2 0.889588 0.769074 0.012388 0.017788
2 0.875294 0.720158 0.012388 0.024141
2 0.840274 0.729052 0.010959 0.025411
2 0.824074 0.749063 0.010006 0.020964
2 0.872912 0.910743 0.015247 0.017788
2 0.898164 0.898037 0.009529 0.024141
2 0.937710 0.894543 0.010482 0.023505
2 0.969633 0.885649 0.008576 0.022235
2 0.988215 0.878978 0.011435 0.019059
2 0.991551 0.900260 0.014294 0.015882
2 0.898879 0.803062 0.009053 0.014612
2 0.899593 0.786545 0.015247 0.010800
2 0.917223 0.784004 0.009529 0.018423
2 0.931040 0.784321 0.005718 0.022870
2 0.996728 0.835144 0.006543 0.019059
2 0.975113 0.816085 0.009053 0.020329
2 0.992742 0.790674 0.011912 0.013976
2 0.995537 0.809733 0.008926 0.012706
2 0.923417 0.821803 0.008576 0.013976
2 0.935090 0.835144 0.011912 0.012706
2 0.939616 0.818627 0.011435 0.015247
2 0.954148 0.853885 0.015723 0.009529
2 0.953910 0.838638 0.012388 0.015882
2 0.964154 0.812909 0.010959 0.027952
2 0.983451 0.849438 0.009529 0.018423
2 0.777381 0.889778 0.018582 0.025411
2 0.781002 0.625373 0.015723 0.016517
2 0.644972 0.678991 0.015247 0.013976
2 0.649022 0.658344 0.010959 0.020964
2 0.324217 0.831459 0.020964 0.015247
2 0.382345 0.873769 0.011435 0.022870
2 0.597945 0.922686 0.013817 0.015247
2 0.557922 0.824217 0.010959 0.022870
2 0.492170 0.784829 0.010006 0.022870
2 0.488835 0.834064 0.011912 0.020964
2 0.751223 0.788006 0.012388 0.021600
2 0.647735 0.793279 0.016200 0.013341
2 0.550013 0.577727 0.012864 0.024141
2 0.966346 0.495712 0.016676 0.017153
2 0.683422 0.729750 0.013817 0.012070
2 0.993060 0.699956 0.013880 0.019059
2 0.741408 0.095293 0.013341 0.021600
2 0.816689 0.164538 0.009529 0.024141
2 0.742504 0.243123 0.010006 0.019694
2 0.753701 0.270758 0.014294 0.010165
2 0.737739 0.294899 0.019535 0.012706
2 0.576933 0.369227 0.008576 0.021600
2 0.599896 0.473556 0.011256 0.020011
2 0.369890 0.750643 0.010720 0.020726
2 0.370694 0.729560 0.014473 0.011435
2 0.321916 0.901801 0.010184 0.020011
2 0.303423 0.885720 0.012864 0.017867
2 0.301815 0.857490 0.012864 0.014294
2 0.287343 0.871784 0.011792 0.017153
2 0.552030 0.759005 0.017153 0.032876
2 0.738565 0.807890 0.022513 0.010006
2 0.812643 0.627001 0.021441 0.027873
2 0.741084 0.579831 0.020905 0.052173
2 0.633558 0.719340 0.012328 0.029302
2 0.414165 0.809320 0.013937 0.032876
2 0.286700 0.667381 0.016081 0.014294
2 0.453241 0.462336 0.015545 0.026444
2 0.641063 0.492067 0.011256 0.019297
2 0.759684 0.871855 0.012864 0.030732
2 0.925368 0.420097 0.014473 0.017153
2 0.703080 0.322899 0.019297 0.022870
2 0.424135 0.531518 0.017153 0.013579
1 0.655482 0.294668 0.019297 0.012150
1 0.613940 0.517296 0.012328 0.018582
1 0.577437 0.638150 0.019297 0.016438
1 0.341213 0.755932 0.012328 0.017867
1 0.213640 0.817396 0.017689 0.013579
1 0.697506 0.425743 0.010720 0.015009
1 0.677137 0.347484 0.012864 0.015723
1 0.675529 0.460406 0.012864 0.014294
1 0.767671 0.854202 0.011256 0.012864
1 0.956457 0.787236 0.011256 0.019297
1 0.133398 0.884077 0.012864 0.021441
1 0.363779 0.822827 0.008576 0.013579
1 0.470019 0.925529 0.012864 0.011435
1 0.524425 0.682533 0.015545 0.022870
1 0.450722 0.754717 0.012864 0.027158
1 0.252662 0.197970 0.010184 0.018582
1 0.766813 0.831189 0.013401 0.018582
1 0.473396 0.349342 0.006968 0.015723
1 0.091749 0.712907 0.011256 0.013579
1 0.028230 0.690037 0.007504 0.013579
1 0.049725 0.519368 0.010184 0.016438
1 0.136024 0.745569 0.008040 0.012864
1 0.167381 0.658734 0.007504 0.015009
1 0.156875 0.969483 0.009648 0.020726
1 0.368657 0.848342 0.006968 0.012864
1 0.529410 0.730060 0.010720 0.010720
1 0.475540 0.747570 0.009112 0.010006
1 0.590248 0.826544 0.009112 0.009291
1 0.587836 0.839051 0.007504 0.012864
1 0.431050 0.564894 0.014473 0.020011
1 0.409877 0.568110 0.012864 0.012150
1 0.257915 0.542739 0.011256 0.012864
1 0.270351 0.189394 0.010184 0.014294
1 0.909555 0.753645 0.008576 0.017867
1 0.719000 0.772942 0.006968 0.010720
1 0.733741 0.792596 0.007504 0.008576
1 0.626965 0.819397 0.008576 0.013579
1 0.645190 0.963408 0.007504 0.012864