0 0.886192 0.740995 0.030875 0.030875
0 0.495755 0.485420 0.029588 0.037736
1 0.709949 0.302744 0.018010 0.025729
1 0.894442 0.392685 0.021994 0.022686
1 0.895894 0.330161 0.014939 0.021579
1 0.899214 0.262104 0.014939 0.017153
1 0.751895 0.311348 0.017429 0.012726
1 0.782396 0.345100 0.020334 0.017153
1 0.734466 0.287279 0.010790 0.014386
1 0.748866 0.440989 0.017014 0.015493
1 0.860081 0.535606 0.013694 0.014386
1 0.882905 0.545012 0.013694 0.011066
1 0.618602 0.285509 0.011620 0.022132
1 0.547433 0.145798 0.017844 0.018259
1 0.534568 0.210535 0.014524 0.020473
1 0.620470 0.160460 0.015354 0.014386
1 0.696827 0.139158 0.011205 0.018259
1 0.804722 0.061464 0.010720 0.014294
1 0.578021 0.356775 0.013579 0.019059
1 0.475105 0.365828 0.016438 0.023823
1 0.376477 0.283305 0.010720 0.018106
1 0.514413 0.548885 0.010720 0.024776
1 0.870974 0.608919 0.012864 0.019059
1 0.948876 0.883457 0.014294 0.020011
1 0.764484 0.831523 0.015723 0.019059
1 0.716600 0.709548 0.015723 0.015247
1 0.626906 0.788641 0.009291 0.020964
1 0.396060 0.724795 0.016438 0.022870
1 0.356394 0.693349 0.012864 0.022870
1 0.292786 0.773871 0.011435 0.021917
1 0.232752 0.954450 0.010006 0.028588
1 0.780565 0.275300 0.015009 0.014294
1 0.555436 0.779112 0.013579 0.017153
1 0.388265 0.742636 0.009509 0.014915
1 0.743966 0.517581 0.011946 0.016540
1 0.368326 0.396448 0.013694 0.016046
1 0.796991 0.905732 0.012864 0.022156
2 0.595715 0.647013 0.010184 0.025014
2 0.520941 0.702044 0.009648 0.020726
2 0.519064 0.633076 0.012328 0.014294
2 0.420437 0.866066 0.013401 0.008576
2 0.326097 0.881075 0.009112 0.010006
2 0.287182 0.601272 0.014473 0.015009
2 0.295705 0.389651 0.016081 0.035735
2 0.836013 0.352416 0.006432 0.020726
2 0.854506 0.377073 0.013401 0.011435
2 0.264455 0.115780 0.013401 0.015723
2 0.057551 0.153302 0.018761 0.016438
2 0.393636 0.791166 0.011256 0.018582
2 0.706940 0.781518 0.013937 0.013579
2 0.685499 0.824757 0.015009 0.012864
2 0.721941 0.758719 0.013293 0.022870
2 0.050000 0.909091 0.015437 0.030875