1 0.388298 0.036643 0.015957 0.016548
1 0.580452 0.180851 0.011968 0.016548
1 0.499335 0.256501 0.014628 0.016548
0 0.686170 0.295508 0.010638 0.028369
0 0.539894 0.322695 0.015957 0.021277
0 0.770612 0.791962 0.014628 0.018913
0 0.760638 0.845154 0.007979 0.026005
2 0.468085 0.416076 0.015957 0.018913
2 0.515957 0.476359 0.013298 0.021277
2 0.658245 0.521277 0.007979 0.030733
2 0.470745 0.496454 0.015957 0.018913
1 0.439495 0.677305 0.011968 0.011820
1 0.312500 0.820331 0.021277 0.023641
2 0.595745 0.988180 0.007979 0.018913
1 0.317154 0.460993 0.009309 0.014184
0 0.315824 0.208038 0.017287 0.018913
0 0.665559 0.561466 0.019947 0.021277
1 0.809176 0.689125 0.011968 0.016548
1 0.785239 0.698582 0.006649 0.016548
1 0.832447 0.692671 0.007979 0.014184
1 0.878989 0.693853 0.010638 0.016548
1 0.902926 0.602837 0.013298 0.009456
1 0.835771 0.820331 0.006649 0.018913
1 0.867021 0.839243 0.010638 0.014184
1 0.928191 0.838061 0.007979 0.011820
1 0.369681 0.808511 0.015957 0.014184
1 0.480053 0.770686 0.005319 0.014184
1 0.448138 0.711584 0.010638 0.023641
1 0.410239 0.661939 0.006649 0.018913