0 0.147606 0.565603 0.015957 0.026596
0 0.234043 0.147163 0.013298 0.012411
0 0.279255 0.284574 0.013298 0.014184
0 0.149601 0.376773 0.014628 0.017730
0 0.103059 0.290780 0.011968 0.019504
0 0.121011 0.409574 0.015957 0.019504
0 0.232048 0.437943 0.009309 0.015957
0 0.111702 0.790780 0.010638 0.015957
0 0.087766 0.902482 0.021277 0.012411
0 0.025931 0.909574 0.011968 0.012411
0 0.017287 0.940603 0.007979 0.010638
0 0.027926 0.965426 0.007979 0.003546
0 0.121011 0.960993 0.010638 0.012411
0 0.184176 0.859929 0.009309 0.008865
0 0.259309 0.671986 0.018617 0.015957
0 0.242686 0.733156 0.011968 0.024823
0 0.591090 0.507092 0.017287 0.019504
0 0.623670 0.453014 0.018617 0.014184
0 0.735372 0.500000 0.018617 0.023050
0 0.807181 0.644504 0.018617 0.031915
0 0.722074 0.685284 0.021277 0.017730
0 0.704122 0.754433 0.014628 0.024823
0 0.547207 0.678191 0.014628 0.017730
0 0.491356 0.018617 0.022606 0.021277
0 0.806516 0.300532 0.025266 0.014184
0 0.873670 0.327128 0.018617 0.028369
0 0.854388 0.091312 0.014628 0.021277
0 0.782580 0.049645 0.017287 0.012411
0 0.495346 0.857270 0.022606 0.031915
0 0.378324 0.746454 0.009309 0.019504
2 0.481383 0.602837 0.018617 0.030142
2 0.910904 0.720745 0.010638 0.017730
2 0.944814 0.723404 0.022606 0.015957
2 0.878989 0.558511 0.018617 0.019504
2 0.886968 0.534574 0.021277 0.017730
2 0.781250 0.197695 0.019947 0.017730
2 0.808511 0.182624 0.013298 0.033688
2 0.649601 0.223404 0.011968 0.019504
2 0.622340 0.165780 0.010638 0.031915
2 0.549202 0.067376 0.010638 0.015957
2 0.606383 0.204787 0.010638 0.010638
2 0.531915 0.507092 0.013298 0.015957
2 0.559840 0.435284 0.010638 0.010638
2 0.730053 0.401596 0.013298 0.021277
2 0.787234 0.732270 0.015957 0.019504
2 0.794548 0.798759 0.019947 0.031915
0 0.869681 0.789894 0.018617 0.017730
0 0.915559 0.791667 0.009309 0.024823
0 0.283910 0.820035 0.017287 0.021277
0 0.418883 0.792553 0.010638 0.023050
1 0.380984 0.265071 0.017287 0.017730
2 0.511968 0.394504 0.015957 0.031915
1 0.825133 0.863475 0.009309 0.026596
1 0.927527 0.868794 0.006649 0.008865
2 0.938165 0.931738 0.019947 0.028369
2 0.972074 0.877660 0.018617 0.023050
2 0.995346 0.801418 0.009308 0.023050
0 0.984707 0.620567 0.017287 0.023050
1 0.896277 0.411348 0.015957 0.012411
1 0.328457 0.960106 0.007979 0.014184
1 0.398271 0.957447 0.009309 0.008865
1 0.469415 0.651596 0.007979 0.017730
1 0.442819 0.585106 0.007979 0.012411
1 0.491356 0.479610 0.009309 0.010638
0 0.545878 0.904255 0.022606 0.015957
0 0.724734 0.788121 0.013298 0.024823
0 0.492021 0.806738 0.015957 0.023050
0 0.339761 0.708333 0.017287 0.028369
2 0.260638 0.762411 0.007979 0.015957
2 0.734707 0.343085 0.014628 0.024823
2 0.915559 0.500887 0.009309 0.021277
2 0.839761 0.781028 0.011968 0.017730
2 0.817819 0.829787 0.013298 0.033688
2 0.851729 0.828014 0.017287 0.033688
2 0.801197 0.915780 0.017287 0.017730
2 0.815160 0.944149 0.021277 0.028369
2 0.862367 0.945922 0.006649 0.017730
2 0.968085 0.923759 0.013298 0.026596
2 0.936170 0.793440 0.013298 0.035461
2 0.968750 0.661348 0.003989 0.012411
2 0.963431 0.773936 0.019947 0.028369
2 0.843750 0.900709 0.017287 0.023050
2 0.841755 0.858156 0.015957 0.026596
2 0.548537 0.799645 0.014628 0.015957
2 0.626995 0.892730 0.014628 0.042553
2 0.649601 0.882979 0.014628 0.026596
2 0.629654 0.675532 0.017287 0.015957
2 0.700798 0.801418 0.015957 0.023050
2 0.711436 0.848404 0.018617 0.010638
2 0.677527 0.861702 0.017287 0.015957
2 0.656915 0.829787 0.010638 0.008865
2 0.685505 0.962766 0.019947 0.019504
2 0.756649 0.976950 0.021277 0.019504