0 0.590197 0.164167 0.031749 0.035881
1 0.555122 0.301846 0.014211 0.013707
0 0.794025 0.455814 0.034470 0.052008
0 0.937923 0.766852 0.025097 0.021771
1 0.615566 0.835591 0.018142 0.011692
1 0.615415 0.746291 0.012397 0.016126
1 0.591074 0.924649 0.010885 0.010482
1 0.329917 0.241977 0.009978 0.020561
1 0.807511 0.594823 0.013304 0.006854
1 0.904179 0.993388 0.009978 0.010079
1 0.176040 0.926665 0.006652 0.014514
1 0.394956 0.335188 0.007862 0.007660
1 0.425042 0.294065 0.006955 0.002822
1 0.532051 0.214482 0.007862 0.007660
2 0.499698 0.207628 0.016933 0.007660