1 0.426862 0.192376 0.018617 0.031915
1 0.869681 0.265957 0.015957 0.015957
1 0.867686 0.381206 0.014628 0.026596
1 0.525931 0.418440 0.011968 0.019504
1 0.567154 0.532801 0.011968 0.028369
1 0.698138 0.789894 0.015957 0.014184
1 0.691489 0.889184 0.010638 0.028369
0 0.529920 0.856383 0.022606 0.015957
0 0.893617 0.697695 0.018617 0.028369
2 0.847074 0.835106 0.021277 0.023050
2 0.871011 0.707447 0.013298 0.030142
2 0.741356 0.592199 0.022606 0.019504
2 0.807846 0.616135 0.006649 0.017730
2 0.950133 0.619681 0.006649 0.014184
2 0.894282 0.972518 0.017287 0.024823
2 0.929521 0.851064 0.013298 0.012411
2 0.781915 0.755319 0.018617 0.023050
2 0.265957 0.952128 0.021277 0.037234
2 0.212766 0.362589 0.005319 0.017730
1 0.350399 0.611702 0.011968 0.030142
1 0.734043 0.945922 0.013298 0.021277
1 0.742021 0.854610 0.013298 0.019504
1 0.665559 0.927305 0.009309 0.030142
1 0.398936 0.040780 0.010638 0.012411
1 0.928191 0.032801 0.013298 0.021277