2 0.625121 0.608370 0.019352 0.009273
1 0.580975 0.412675 0.013304 0.007660
2 0.613026 0.379415 0.005443 0.015320
2 0.581580 0.524351 0.015119 0.007660
1 0.463474 0.336478 0.017537 0.007660
1 0.336176 0.321924 0.008466 0.017739
1 0.424468 0.476617 0.007862 0.018949
1 0.247581 0.351637 0.012700 0.013304
2 0.093795 0.462103 0.015723 0.012498
2 0.035740 0.467142 0.012700 0.012095
1 0.470972 0.792090 0.012095 0.017739
1 0.505594 0.852363 0.009373 0.013304
1 0.318094 0.661869 0.014514 0.009676
2 0.614750 0.939566 0.009978 0.019352
2 0.576349 0.964361 0.017840 0.019755
2 0.902334 0.391751 0.006652 0.019352
2 0.642296 0.181422 0.016933 0.007660