0 0.026596 0.562057 0.029255 0.019504
0 0.045878 0.440603 0.011968 0.024823
0 0.365027 0.062057 0.017287 0.030142
2 0.442819 0.719858 0.013298 0.058511
2 0.539229 0.581560 0.006649 0.019504
1 0.280585 0.627660 0.013298 0.012411
1 0.515957 0.460106 0.007979 0.014184
1 0.646277 0.458333 0.013298 0.007092
1 0.165559 0.298759 0.014628 0.017730
1 0.198803 0.282801 0.006649 0.014184
1 0.198803 0.340426 0.009309 0.026596
2 0.324468 0.341312 0.018617 0.024823
1 0.918883 0.347518 0.010638 0.015957
1 0.627660 0.482270 0.013298 0.012411
1 0.708777 0.507092 0.010638 0.015957
1 0.457447 0.344858 0.007979 0.007092
1 0.380984 0.297872 0.009309 0.012411
1 0.482713 0.323582 0.010638 0.010638
1 0.517952 0.293440 0.009309 0.014184
1 0.282580 0.523050 0.006649 0.015957
1 0.896941 0.398936 0.009309 0.012411
1 0.716090 0.092199 0.003989 0.012411
1 0.394947 0.853723 0.010638 0.010638
1 0.307181 0.875000 0.010638 0.010638
1 0.100399 0.671099 0.014628 0.010638
1 0.181516 0.684397 0.006649 0.015957
1 0.353059 0.331560 0.017287 0.019504
1 0.501330 0.099291 0.007979 0.012411