1 0.706247 0.774109 0.012397 0.027415
1 0.689465 0.750121 0.010885 0.027818
1 0.568215 0.802935 0.014514 0.018949
1 0.721214 0.649331 0.010281 0.016530
1 0.780237 0.434486 0.047895 0.014675
1 0.678096 0.361192 0.019956 0.015320
1 0.950925 0.235768 0.008164 0.015723
1 0.651034 0.439929 0.008164 0.012498
1 0.760492 0.407273 0.009978 0.007660
1 0.604076 0.242017 0.007257 0.010482
1 0.593191 0.214804 0.007862 0.011692
1 0.604227 0.193235 0.011792 0.009676
1 0.709452 0.879294 0.013002 0.009273
1 0.454826 0.900621 0.022375 0.028221