1 0.395530 0.609509 0.018493 0.015545
1 0.602608 0.850718 0.012462 0.019833
1 0.575432 0.693986 0.008442 0.016617
1 0.352554 0.905124 0.014071 0.013937
1 0.309699 0.930585 0.008442 0.015545
1 0.309900 0.919865 0.011256 0.009112
1 0.148290 0.701115 0.012864 0.017153
1 0.201155 0.580939 0.014875 0.024657
1 0.212814 0.527337 0.010854 0.017153
1 0.743112 0.903248 0.008040 0.013401
1 0.694750 0.501233 0.006030 0.008040
1 0.733826 0.652230 0.009246 0.009648
1 0.983919 0.050922 0.005628 0.008576
1 0.816078 0.189751 0.010050 0.018225
1 0.907335 0.318557 0.007638 0.020905
1 0.757746 0.481078 0.060302 0.008040
1 0.603613 0.514044 0.008844 0.010720
1 0.756178 0.849807 0.007638 0.008576
1 0.696880 0.744479 0.006432 0.011256
1 0.996985 0.675761 0.006030 0.013401
1 0.942391 0.674957 0.005226 0.007504
1 0.025474 0.789880 0.007638 0.012864
1 0.029897 0.652230 0.009246 0.011792
1 0.026278 0.707440 0.010050 0.012864
1 0.470626 0.181175 0.008844 0.011792
1 0.381379 0.237725 0.007236 0.010184
1 0.252935 0.232740 0.006834 0.010720
1 0.058038 0.049046 0.017287 0.018761
2 0.666367 0.775943 0.014875 0.022513
2 0.806389 0.757451 0.017689 0.013401
2 0.787897 0.771119 0.015277 0.013937
2 0.778248 0.788004 0.016885 0.015545
2 0.766670 0.906732 0.014473 0.013937
2 0.793002 0.934069 0.010854 0.023585
2 0.711594 0.969447 0.010452 0.021441
2 0.867214 0.867871 0.011658 0.027337
2 0.834852 0.863315 0.006432 0.019297
2 0.886632 0.852862 0.008844 0.019833
2 0.874973 0.846162 0.009648 0.026801
2 0.865526 0.841606 0.009246 0.019833
2 0.874370 0.745122 0.008442 0.024121
2 0.860501 0.718857 0.012060 0.011256
2 0.922210 0.720733 0.009246 0.012864
2 0.934472 0.715105 0.014473 0.009112
2 0.956582 0.695004 0.013669 0.010720
2 0.931456 0.873499 0.011658 0.019297
2 0.941105 0.855274 0.008442 0.015009
2 0.984924 0.874303 0.009246 0.024121
2 0.996985 0.844822 0.006030 0.020905
2 0.972663 0.788808 0.010452 0.031089
2 0.558667 0.937822 0.000000 0.001072
2 0.521602 0.943718 0.011256 0.024657
2 0.445098 0.984187 0.014875 0.012328
2 0.465400 0.989012 0.012864 0.017689
2 0.480073 0.808909 0.012462 0.027337
2 0.501983 0.831690 0.008844 0.026801
2 0.506204 0.793632 0.014875 0.008576
2 0.378484 0.790952 0.017689 0.019297
2 0.388535 0.838658 0.008040 0.018225
2 0.355368 0.835978 0.010854 0.022513
2 0.332654 0.806229 0.023317 0.023049
2 0.239708 0.806229 0.016081 0.017689
2 0.249759 0.841606 0.021709 0.010184
2 0.173577 0.883416 0.006834 0.024121
2 0.334021 0.951973 0.009648 0.020369
2 0.297639 0.983062 0.015679 0.012864
2 0.390504 0.907536 0.014071 0.015545
2 0.368595 0.912361 0.012864 0.016617
2 0.381861 0.870015 0.010452 0.024121
2 0.415550 0.885292 0.016081 0.013937
2 0.356856 0.943718 0.014473 0.017153
2 0.347408 0.931121 0.008442 0.023049
2 0.321559 0.741209 0.016885 0.022513
2 0.257759 0.808748 0.011658 0.037521
2 0.193477 0.876554 0.008040 0.020905
2 0.108692 0.923992 0.022111 0.018225
2 0.041354 0.875482 0.016885 0.016617
2 0.271628 0.352648 0.008844 0.021977
2 0.338162 0.517796 0.013267 0.022513
2 0.415831 0.566735 0.017287 0.014473
2 0.526868 0.603720 0.014071 0.018761
2 0.538727 0.611492 0.016081 0.010720
2 0.833847 0.552262 0.009246 0.018761
2 0.826812 0.535913 0.015277 0.016081
2 0.775756 0.517957 0.009648 0.023049
2 0.926029 0.671044 0.018493 0.013401
2 0.964422 0.625214 0.012462 0.013937
2 0.983517 0.521709 0.012060 0.008040
2 0.971256 0.554674 0.014875 0.009648
2 0.944803 0.917399 0.010050 0.020905
2 0.776278 0.621462 0.019699 0.010720
2 0.988141 0.123821 0.009246 0.027873
2 0.834169 0.181175 0.010050 0.018225
2 0.833365 0.243085 0.005226 0.015545
2 0.613663 0.224325 0.018493 0.020905
2 0.628538 0.202080 0.010452 0.019297
2 0.174421 0.185195 0.013669 0.019833
2 0.112109 0.092464 0.014473 0.014473
2 0.102460 0.251930 0.010452 0.011792
2 0.194321 0.256754 0.009246 0.012864
2 0.194924 0.240137 0.008040 0.012864
2 0.082721 0.513347 0.012462 0.009112
2 0.226361 0.591606 0.018493 0.016617
2 0.030299 0.802369 0.012462 0.020905
2 0.031706 0.844715 0.011256 0.021977
2 0.451932 0.845358 0.003618 0.016617
2 0.538567 0.743782 0.014473 0.013937
2 0.531531 0.682837 0.009246 0.024121
2 0.891536 0.013401 0.025729 0.023585
2 0.942110 0.137436 0.010452 0.011792
2 0.406585 0.965427 0.014071 0.021977
2 0.484576 0.943718 0.014875 0.012864
2 0.463068 0.884756 0.012864 0.008576
2 0.346082 0.881003 0.008844 0.018225
2 0.354524 0.883684 0.008040 0.017153
2 0.103744 0.792867 0.015083 0.014787