0 0.770612 0.011525 0.022606 0.021277
0 0.662899 0.464539 0.019947 0.033688
0 0.787899 0.186170 0.006649 0.012411
0 0.629654 0.783688 0.009309 0.023050
2 0.170878 0.717199 0.014628 0.056738
2 0.692154 0.455674 0.014628 0.019504
2 0.700133 0.392730 0.017287 0.017730
2 0.772606 0.370567 0.005319 0.015957
2 0.591755 0.198582 0.018617 0.033688
2 0.525266 0.339539 0.013298 0.014184
2 0.505319 0.395390 0.007979 0.019504
2 0.547207 0.666667 0.014628 0.026596
2 0.259309 0.585106 0.010638 0.015957
2 0.280585 0.707447 0.013298 0.026596
2 0.426197 0.511525 0.019947 0.021277
1 0.396941 0.598404 0.011968 0.014184
1 0.621011 0.507979 0.010638 0.028369
1 0.634309 0.560284 0.010638 0.015957
1 0.604388 0.409574 0.009309 0.012411
1 0.557181 0.362589 0.005319 0.010638
1 0.607048 0.323582 0.009309 0.010638
1 0.692819 0.248227 0.007979 0.012411
1 0.204787 0.442376 0.010638 0.014184
1 0.240691 0.395390 0.013298 0.030142
1 0.103723 0.073582 0.007979 0.014184
1 0.305851 0.383865 0.021277 0.028369
1 0.311170 0.411348 0.013298 0.015957
1 0.229388 0.687057 0.009309 0.017730
1 0.624335 0.695035 0.009309 0.019504
1 0.527926 0.790780 0.015957 0.015957
1 0.404920 0.684397 0.006649 0.023050
1 0.474069 0.539007 0.011968 0.012411
1 0.361037 0.464539 0.009309 0.015957
1 0.148936 0.470745 0.021277 0.017730
1 0.084441 0.336879 0.009309 0.012411
1 0.112367 0.304078 0.011968 0.014184
1 0.384309 0.226064 0.005319 0.010638
1 0.412234 0.387411 0.013298 0.014184