0 0.739273 0.432238 0.027389 0.021810
1 0.699331 0.230219 0.010651 0.021302
1 0.659198 0.189389 0.006467 0.010651
1 0.660720 0.148560 0.009510 0.006086
1 0.886792 0.374062 0.007608 0.013187
1 0.886602 0.356056 0.007228 0.006594
0 0.714623 0.777845 0.018259 0.036011
1 0.660225 0.938121 0.009890 0.016738
1 0.397025 0.871120 0.017879 0.008115
1 0.744142 0.865389 0.012173 0.019781
1 0.897254 0.862853 0.008749 0.008622
2 0.977138 0.718553 0.010271 0.019274
2 0.394926 0.688437 0.014211 0.008466
2 0.540971 0.667070 0.010583 0.029431
2 0.604469 0.685010 0.009978 0.014514
1 0.589048 0.636833 0.010583 0.014917
1 0.938165 0.818497 0.013002 0.017336