0 0.628324 0.397163 0.017287 0.030142
0 0.706782 0.212766 0.011968 0.023050
0 0.854388 0.024823 0.030585 0.023050
0 0.819814 0.211879 0.017287 0.021277
0 0.805186 0.169326 0.017287 0.017730
0 0.773936 0.030142 0.010638 0.015957
0 0.494016 0.031028 0.014628 0.017730
0 0.496011 0.171099 0.015957 0.017730
0 0.482713 0.225177 0.018617 0.023050
0 0.687500 0.267730 0.007979 0.015957
0 0.696144 0.328901 0.011968 0.035461
0 0.723404 0.387411 0.023936 0.028369
0 0.847074 0.405142 0.015957 0.017730
0 0.919548 0.507979 0.017287 0.031915
0 0.908245 0.562057 0.015957 0.023050
0 0.916888 0.171099 0.014628 0.014184
0 0.755984 0.522163 0.017287 0.031915
0 0.686835 0.618794 0.014628 0.023050
0 0.385638 0.576241 0.018617 0.019504
0 0.406250 0.352837 0.014628 0.019504
0 0.795878 0.521277 0.017287 0.026596
0 0.855053 0.597518 0.021277 0.030142
0 0.414894 0.722518 0.031915 0.028369
0 0.662234 0.841312 0.010638 0.017730
0 0.701463 0.828014 0.011968 0.012411
0 0.552527 0.593972 0.019947 0.019504
0 0.711436 0.704787 0.021277 0.021277
0 0.868351 0.829787 0.018617 0.026596
2 0.718750 0.985816 0.019947 0.023050
2 0.916888 0.914007 0.011968 0.017730
2 0.978059 0.861702 0.009309 0.015957
2 0.781915 0.642730 0.010638 0.014184
2 0.913564 0.080674 0.018617 0.024823
2 0.751330 0.026596 0.007979 0.015957
2 0.650266 0.459220 0.013298 0.019504
2 0.663564 0.492021 0.018617 0.017730
2 0.459441 0.530142 0.022606 0.019504
2 0.324468 0.494681 0.018617 0.019504
2 0.170878 0.611702 0.011968 0.015957
2 0.203457 0.581560 0.010638 0.008865
2 0.271941 0.254433 0.011968 0.017730
2 0.219415 0.048759 0.015957 0.017730
2 0.291223 0.296986 0.010638 0.014184
2 0.279255 0.338652 0.015957 0.030142
2 0.329122 0.339539 0.022606 0.017730
2 0.757979 0.261525 0.015957 0.021277
2 0.557181 0.867908 0.013298 0.021277
2 0.549867 0.948582 0.006649 0.012411
2 0.623005 0.620567 0.014628 0.023050
2 0.900931 0.659574 0.009309 0.012411
1 0.842420 0.648936 0.006649 0.019504
1 0.833112 0.706560 0.009309 0.021277
1 0.833112 0.598404 0.009309 0.010638
1 0.871011 0.463652 0.007979 0.014184
1 0.382979 0.428191 0.015957 0.014184
1 0.440160 0.420213 0.007979 0.008865
1 0.462101 0.610816 0.009309 0.014184
1 0.484707 0.283688 0.006649 0.005319
1 0.399601 0.203901 0.009309 0.008865
1 0.353723 0.362589 0.013298 0.021277
1 0.235372 0.395390 0.007979 0.019504
1 0.301197 0.384752 0.011968 0.012411
1 0.207447 0.466312 0.005319 0.012411
1 0.645612 0.737589 0.017287 0.015957
1 0.588431 0.757979 0.019947 0.017730
1 0.753989 0.862589 0.007979 0.014184
1 0.833112 0.792553 0.011968 0.019504
1 0.791223 0.815603 0.007979 0.015957
1 0.953457 0.992465 0.013298 0.015070
1 0.382314 0.608156 0.019947 0.015957
1 0.442154 0.710106 0.017287 0.017730
1 0.660904 0.320035 0.013298 0.028369
1 0.767952 0.382979 0.011968 0.019504
1 0.980718 0.708333 0.014628 0.017730
1 0.681516 0.907801 0.011968 0.015957
1 0.694814 0.957447 0.009309 0.023050
1 0.773936 0.953901 0.010638 0.015957
1 0.842420 0.875887 0.027926 0.019504
1 0.360372 0.645390 0.002660 0.005319
1 0.367686 0.823582 0.009309 0.017730
1 0.666888 0.076241 0.006649 0.012411