1 0.025086 0.196064 0.035020 0.024776
2 0.340337 0.311797 0.007862 0.024300
2 0.442360 0.473461 0.009648 0.020964
1 0.684212 0.624023 0.008934 0.024776
1 0.860885 0.845578 0.015366 0.019059
1 0.902945 0.451401 0.025014 0.022394
1 0.874178 0.435678 0.017510 0.011912
1 0.964051 0.304412 0.006432 0.007623
1 0.713872 0.285592 0.015366 0.013817
1 0.627518 0.045470 0.004781 0.008924
1 0.279088 0.494154 0.008466 0.010482
1 0.388183 0.734720 0.010885 0.013304
1 0.533019 0.761732 0.007257 0.010079
1 0.572176 0.907475 0.010583 0.005644
1 0.457729 0.967546 0.004233 0.009676
1 0.464532 0.880664 0.005745 0.007660
1 0.287645 0.809103 0.006350 0.008063
1 0.334664 0.615707 0.006652 0.006854
1 0.762155 0.888163 0.004838 0.010079