1 0.217238 0.438250 0.030875 0.022298
1 0.392536 0.574247 0.020675 0.019603
1 0.497519 0.467042 0.012864 0.025729
1 0.691773 0.650086 0.011027 0.023279
1 0.637742 0.679490 0.013783 0.015927
1 0.414038 0.655293 0.014243 0.014090
1 0.395430 0.726354 0.011027 0.018990
1 0.300554 0.765866 0.016081 0.013477
1 0.270736 0.903455 0.014702 0.019603
1 0.641180 0.232023 0.009896 0.029687
1 0.572651 0.162752 0.024245 0.019132
1 0.498483 0.288956 0.008906 0.018472
1 0.503925 0.522298 0.009896 0.013854
1 0.465332 0.471830 0.009896 0.011875
1 0.141196 0.405199 0.015338 0.014514
1 0.130806 0.632801 0.014349 0.026389
1 0.160245 0.741852 0.010885 0.020451
1 0.087512 0.713814 0.015833 0.014514
1 0.335648 0.703589 0.009401 0.011215
1 0.277015 0.719422 0.010885 0.012535
1 0.284685 0.706558 0.010391 0.015833
1 0.314768 0.781106 0.009401 0.011875
1 0.540094 0.683006 0.012370 0.016493
1 0.504717 0.640124 0.007917 0.013854
1 0.561865 0.914567 0.012370 0.016493
1 0.824697 0.104235 0.014349 0.017153
1 0.700010 0.272793 0.011380 0.016493
2 0.356627 0.648964 0.010391 0.025729
2 0.482798 0.765075 0.012370 0.023090
2 0.468202 0.786845 0.014844 0.013854
2 0.535245 0.626072 0.021276 0.023750
2 0.510506 0.593086 0.016328 0.010555
2 0.675419 0.770550 0.013854 0.025069
2 0.732814 0.911730 0.028698 0.030347
2 0.601349 0.826956 0.022265 0.033646
2 0.335697 0.930862 0.015833 0.022430
2 0.253562 0.945046 0.017812 0.020451
2 0.940131 0.109843 0.017812 0.031007
2 0.902675 0.676079 0.016328 0.025069
2 0.932560 0.930202 0.015338 0.035625
2 0.939982 0.857633 0.015338 0.027708
2 0.950125 0.875445 0.011875 0.031666
2 0.965959 0.867199 0.012864 0.027048
2 0.822470 0.868518 0.016823 0.019132
2 0.075637 0.399393 0.016823 0.031666
2 0.237383 0.343977 0.019297 0.021111
2 0.509220 0.208273 0.016328 0.019132
2 0.601992 0.353609 0.012864 0.025069
2 0.616391 0.628909 0.016328 0.017812
2 0.570623 0.616374 0.013854 0.012535
2 0.309028 0.573097 0.015338 0.017812
2 0.727570 0.312310 0.015833 0.014514