0 0.670060 0.476663 0.026406 0.029791
0 0.711361 0.482306 0.025729 0.030243
1 0.660750 0.420917 0.019974 0.013090
0 0.592026 0.409407 0.026745 0.030694
0 0.602352 0.390449 0.024375 0.020764
0 0.613016 0.291731 0.022005 0.038368
0 0.714747 0.275932 0.027760 0.023021
0 0.760111 0.299404 0.023021 0.024826
1 0.637391 0.306401 0.011172 0.022569
1 0.856121 0.565000 0.016250 0.015799
0 0.796876 0.492326 0.029791 0.019410
0 0.898607 0.879480 0.015911 0.033403
0 0.871863 0.904081 0.019974 0.025729
0 0.517581 0.695688 0.009316 0.018927
2 0.457917 0.770509 0.011534 0.027799
0 0.579464 0.984533 0.024842 0.030934
0 0.289791 0.542734 0.018631 0.033122
0 0.839936 0.010885 0.027213 0.019132
1 0.883230 0.034305 0.016823 0.011875