1 0.579735 0.504717 0.006955 0.021771
1 0.641630 0.532777 0.007862 0.009676
1 0.717979 0.620666 0.008164 0.020158
1 0.585480 0.702669 0.010583 0.023383
2 0.568547 0.801645 0.013607 0.015723
1 0.519896 0.772013 0.013909 0.011289
1 0.510825 0.810716 0.008466 0.012095
2 0.420507 0.890179 0.014211 0.018949
0 0.737724 0.949847 0.018142 0.018949
0 0.571874 0.937550 0.023283 0.013707
1 0.646105 0.894009 0.007862 0.006451
1 0.658956 0.920214 0.005140 0.008870
1 0.777788 0.900258 0.005745 0.007660
0 0.773403 0.951258 0.016933 0.014514
0 0.783382 0.985123 0.012700 0.017739
2 0.873579 0.525883 0.008164 0.018142
1 0.753991 0.544025 0.013304 0.010079
1 0.890058 0.578092 0.007862 0.015320
1 0.872974 0.576278 0.014211 0.007660
2 0.864659 0.729278 0.016328 0.007257
1 0.846063 0.778262 0.010583 0.012498