0 0.371676 0.016844 0.014628 0.010638
0 0.742021 0.059397 0.013298 0.024823
0 0.757314 0.015071 0.011968 0.017730
0 0.837101 0.011968 0.011968 0.023936
0 0.714761 0.191489 0.017287 0.019504
0 0.449468 0.136525 0.013298 0.023050
0 0.442819 0.184397 0.021277 0.019504
0 0.692154 0.350177 0.014628 0.028369
0 0.836436 0.251773 0.013298 0.015957
0 0.611702 0.328901 0.015957 0.028369
0 0.199468 0.377660 0.013298 0.030142
0 0.385638 0.547872 0.010638 0.026596
0 0.550532 0.467199 0.018617 0.028369
0 0.655585 0.385638 0.015957 0.024823
0 0.748670 0.396277 0.013298 0.024823
0 0.702128 0.474291 0.021277 0.021277
0 0.783245 0.492908 0.018617 0.019504
0 0.857048 0.490248 0.017287 0.021277
0 0.892952 0.541667 0.017287 0.024823
0 0.962101 0.614362 0.022606 0.024823
0 0.960771 0.703014 0.022606 0.021277
0 0.738697 0.769504 0.022606 0.030142
0 0.659574 0.885638 0.021277 0.028369
0 0.539894 0.865248 0.018617 0.023050
0 0.589096 0.879433 0.015957 0.033688
0 0.616356 0.856383 0.014628 0.030142
0 0.715426 0.821809 0.010638 0.021277
0 0.733378 0.903369 0.014628 0.024823
0 0.848404 0.906915 0.015957 0.021277
0 0.538564 0.937943 0.018617 0.023050
0 0.750000 0.614362 0.015957 0.017730
0 0.682181 0.541667 0.021277 0.024823
0 0.831782 0.593085 0.014628 0.028369
0 0.748670 0.693262 0.010638 0.026596
0 0.806516 0.681738 0.017287 0.017730
0 0.606383 0.676418 0.023936 0.017730
0 0.625000 0.755319 0.010638 0.033688
0 0.635638 0.796986 0.029255 0.014184
0 0.575133 0.726950 0.014628 0.015957
0 0.604388 0.749113 0.014628 0.021277
0 0.012633 0.706560 0.014628 0.028369
0 0.462101 0.726950 0.025266 0.023050
0 0.476064 0.715426 0.037234 0.031915
2 0.613697 0.048759 0.014628 0.024823
2 0.827793 0.141844 0.009309 0.026596
2 0.841755 0.146277 0.010638 0.021277
2 0.853723 0.153369 0.013298 0.028369
2 0.519282 0.181738 0.014628 0.021277
2 0.533245 0.197695 0.029255 0.021277
2 0.809840 0.266844 0.018617 0.017730
2 0.578457 0.283688 0.007979 0.019504
2 0.597074 0.305851 0.023936 0.014184
2 0.821144 0.464539 0.011968 0.033688
2 0.601729 0.390957 0.017287 0.024823
2 0.486037 0.475177 0.019947 0.012411
2 0.424867 0.494681 0.017287 0.015957
2 0.339096 0.550532 0.010638 0.021277
2 0.222739 0.681738 0.014628 0.028369
2 0.301862 0.645390 0.015957 0.015957
2 0.250665 0.703901 0.006649 0.019504
2 0.301862 0.695922 0.013298 0.021277
2 0.465426 0.776596 0.013298 0.019504
2 0.376330 0.638298 0.007979 0.008865
2 0.430851 0.687943 0.007979 0.012411
2 0.489362 0.571809 0.010638 0.017730
2 0.533910 0.678191 0.003989 0.010638
2 0.559176 0.698582 0.014628 0.026596
2 0.658245 0.592199 0.013298 0.019504
2 0.733378 0.627660 0.014628 0.023050
2 0.736702 0.649823 0.023936 0.017730
2 0.688830 0.795213 0.015957 0.024823
2 0.779920 0.973404 0.017287 0.033688
2 0.515957 0.823582 0.015957 0.031915
2 0.589761 0.826241 0.022606 0.015957
2 0.602394 0.777482 0.021277 0.014184