2 0.726672 0.364494 0.030875 0.046312
3 0.648842 0.473413 0.019297 0.024014
1 0.683576 0.522298 0.016724 0.015437
1 0.668139 0.562607 0.016724 0.027444
0 0.902916 0.573756 0.025729 0.029160
1 0.776201 0.600343 0.014151 0.024014
2 0.739537 0.471698 0.015437 0.027444
1 0.689365 0.248714 0.018010 0.020583
1 0.690652 0.692967 0.020583 0.017153
2 0.709949 0.880789 0.018010 0.046312
2 0.228173 0.716981 0.016724 0.030875
2 0.008276 0.789880 0.016552 0.032590
2 0.346527 0.592624 0.011578 0.022298
2 0.441081 0.800172 0.015437 0.025729
1 0.469382 0.660377 0.018010 0.020583
1 0.314365 0.782161 0.011578 0.017153
1 0.562650 0.941681 0.011578 0.020583
1 0.923499 0.754717 0.015437 0.020583