0 0.747340 0.054078 0.015957 0.024823
0 0.860372 0.203014 0.018617 0.017730
0 0.217420 0.098404 0.014628 0.021277
0 0.458777 0.510638 0.015957 0.030142
0 0.553856 0.478723 0.011968 0.019504
0 0.611702 0.479610 0.015957 0.017730
0 0.615691 0.554078 0.021277 0.024823
0 0.777926 0.626773 0.013298 0.024823
0 0.896941 0.376773 0.006649 0.010638
0 0.778590 0.482270 0.022606 0.012411
0 0.637633 0.553191 0.019947 0.019504
1 0.436835 0.775709 0.011968 0.017730
1 0.316489 0.596631 0.007979 0.014184
1 0.406250 0.533688 0.006649 0.012411
1 0.376995 0.765071 0.009309 0.017730
1 0.371676 0.826241 0.006649 0.012411
1 0.581782 0.404255 0.003989 0.012411
1 0.716755 0.178191 0.002660 0.007092
1 0.806516 0.455674 0.011968 0.008865
1 0.648936 0.649823 0.005319 0.014184
1 0.563830 0.929965 0.015957 0.021277