1 0.191489 0.381206 0.013298 0.030142
1 0.235372 0.379433 0.010638 0.019504
1 0.291888 0.545213 0.019947 0.024823
1 0.383644 0.475177 0.014628 0.019504
1 0.474734 0.440603 0.013298 0.039007
1 0.797872 0.751773 0.015957 0.019504
1 0.783910 0.109043 0.030585 0.021277
1 0.652261 0.600177 0.019947 0.028369
1 0.428191 0.532801 0.010638 0.024823
1 0.325133 0.618794 0.011968 0.015957
1 0.500665 0.585106 0.014628 0.026596
1 0.648936 0.674645 0.005319 0.010638
1 0.438165 0.666667 0.011968 0.015957
1 0.614362 0.260638 0.018617 0.026596
1 0.547207 0.415780 0.011968 0.017730
1 0.561170 0.778369 0.015957 0.033688
1 0.703457 0.828014 0.015957 0.019504
1 0.807181 0.932624 0.010638 0.037234
1 0.978723 0.943262 0.010638 0.023050
1 0.214096 0.904255 0.021277 0.008865
1 0.208112 0.863475 0.017287 0.015957