2 0.667496 0.585763 0.036021 0.032590
2 0.742110 0.355060 0.018010 0.041166
1 0.727959 0.213551 0.018010 0.018868
1 0.533705 0.873070 0.018010 0.020583
1 0.508619 0.905660 0.014151 0.017153
1 0.559434 0.961407 0.015437 0.018868
1 0.443653 0.857633 0.018010 0.013722
1 0.562650 0.268439 0.019297 0.018868
1 0.395412 0.588336 0.009005 0.027444
1 0.455875 0.644940 0.016724 0.017153
1 0.540780 0.578902 0.011578 0.018868
1 0.163851 0.778731 0.014151 0.017153
0 0.096312 0.868782 0.025729 0.039451
2 0.909991 0.526587 0.014151 0.027444
3 0.414065 0.184391 0.023156 0.029160
2 0.923499 0.930532 0.010292 0.029160
1 0.488679 0.703259 0.018010 0.017153
1 0.625043 0.431389 0.010292 0.018868
1 0.908705 0.392796 0.014151 0.020583