0 0.262633 0.027482 0.025266 0.028369
0 0.391622 0.177305 0.019947 0.033688
0 0.494681 0.663121 0.018617 0.030142
0 0.423537 0.581560 0.017287 0.019504
1 0.549867 0.567376 0.019947 0.019504
1 0.629654 0.606383 0.019947 0.019504
1 0.368351 0.704787 0.015957 0.017730
1 0.319149 0.335106 0.013298 0.023050
1 0.309840 0.128546 0.018617 0.017730
1 0.324468 0.241135 0.023936 0.023050
1 0.886303 0.150709 0.017287 0.015957
1 0.650266 0.917553 0.018617 0.017730
1 0.684840 0.654255 0.013298 0.015957
1 0.863032 0.633865 0.010638 0.021277
1 0.321144 0.711879 0.011968 0.010638
1 0.500665 0.344858 0.011968 0.024823
1 0.493351 0.175532 0.010638 0.023050
1 0.414229 0.249113 0.017287 0.014184
1 0.230053 0.726064 0.018617 0.039007
1 0.323803 0.935284 0.025266 0.028369
1 0.452128 0.589539 0.013298 0.017730
1 0.552527 0.734043 0.017287 0.019504
1 0.571809 0.512411 0.015957 0.026596
1 0.438165 0.523936 0.009309 0.014184
2 0.240027 0.812943 0.014628 0.017730
2 0.157580 0.862589 0.014628 0.017730
2 0.226729 0.863475 0.006649 0.019504
2 0.240027 0.854610 0.006649 0.026596
2 0.416888 0.875887 0.017287 0.019504
2 0.392287 0.889184 0.010638 0.024823
2 0.524601 0.984929 0.017287 0.014184
2 0.636303 0.960106 0.025266 0.024823
2 0.561835 0.953901 0.019947 0.023050
2 0.486037 0.807624 0.014628 0.046099
2 0.463431 0.804965 0.014628 0.015957
2 0.472074 0.843085 0.015957 0.010638
2 0.559840 0.804078 0.023936 0.024823
2 0.611037 0.787234 0.017287 0.026596
2 0.589761 0.837766 0.011968 0.028369
2 0.623005 0.834220 0.009309 0.021277
2 0.613697 0.867908 0.017287 0.028369
2 0.541223 0.897163 0.010638 0.008865
2 0.585106 0.902482 0.018617 0.012411
2 0.618351 0.906915 0.015957 0.014184
2 0.710106 0.804965 0.015957 0.033688
2 0.761303 0.674645 0.006649 0.017730
2 0.771941 0.735816 0.014628 0.019504
2 0.733378 0.825355 0.011968 0.031915
2 0.759973 0.594858 0.011968 0.024823
2 0.648936 0.562943 0.021277 0.024823
2 0.673537 0.977837 0.014628 0.028369
2 0.695479 0.983156 0.018617 0.024823
2 0.714096 0.933511 0.013298 0.014184
2 0.750665 0.934397 0.014628 0.023050
2 0.928191 0.953014 0.010638 0.028369
2 0.892287 0.763298 0.021277 0.028369
2 0.982048 0.891844 0.017287 0.015957
1 0.589761 0.955674 0.017287 0.019504
1 0.297207 0.794326 0.014628 0.026596