1 0.839096 0.260638 0.015957 0.023050
1 0.748005 0.202128 0.019947 0.012411
2 0.923537 0.198582 0.011968 0.015957
2 0.694814 0.356383 0.014628 0.030142
2 0.704122 0.382979 0.022606 0.026596
2 0.970080 0.570035 0.014628 0.024823
2 0.432846 0.640071 0.014628 0.019504
2 0.352394 0.747340 0.029255 0.017730
2 0.495346 0.483156 0.022606 0.017730
2 0.512633 0.459220 0.019947 0.012411
2 0.716090 0.494681 0.011968 0.015957
2 0.584441 0.264184 0.019947 0.019504
1 0.569149 0.750000 0.013298 0.019504
1 0.732048 0.796099 0.011968 0.015957
1 0.843085 0.953901 0.018617 0.030142
1 0.899601 0.944149 0.009309 0.017730
1 0.974069 0.843085 0.006649 0.017730
1 0.895612 0.499113 0.011968 0.014184
1 0.934840 0.484043 0.013298 0.023050
1 0.971410 0.475177 0.017287 0.012411
1 0.867686 0.436170 0.014628 0.008865
1 0.911569 0.422872 0.019947 0.010638
1 0.886968 0.460993 0.005319 0.008865
1 0.849069 0.495567 0.011968 0.017730
1 0.481383 0.617021 0.021277 0.037234
1 0.392952 0.769504 0.017287 0.015957
1 0.339096 0.509752 0.013298 0.028369
1 0.660239 0.607270 0.006649 0.010638
1 0.650931 0.722518 0.009309 0.014184
1 0.609707 0.826241 0.009309 0.023050
1 0.748670 0.820035 0.013298 0.021277
1 0.825798 0.801418 0.018617 0.015957
1 0.456782 0.844858 0.017287 0.024823
1 0.493351 0.765957 0.007979 0.012411
1 0.666223 0.870567 0.015957 0.012411
1 0.541888 0.652482 0.019947 0.026596
1 0.467420 0.100177 0.011968 0.014184
1 0.377660 0.087766 0.015957 0.017730
1 0.114362 0.106383 0.013298 0.026596
1 0.534574 0.541667 0.029255 0.028369