0 0.375000 0.042553 0.021277 0.026596
0 0.636303 0.273936 0.025266 0.028369
0 0.599734 0.194149 0.018617 0.017730
0 0.559840 0.374113 0.015957 0.023050
0 0.748670 0.515071 0.018617 0.028369
0 0.674202 0.623227 0.018617 0.017730
0 0.686835 0.669326 0.014628 0.024823
0 0.483378 0.833333 0.014628 0.023050
0 0.451463 0.834220 0.017287 0.021277
0 0.342420 0.733156 0.019947 0.014184
0 0.432181 0.723404 0.015957 0.019504
0 0.389628 0.392730 0.013298 0.014184
0 0.675532 0.520390 0.023936 0.024823
0 0.870346 0.618794 0.011968 0.015957
0 0.884309 0.639184 0.018617 0.024823
0 0.310505 0.436170 0.017287 0.019504
0 0.154255 0.062943 0.010638 0.021277
0 0.281250 0.112589 0.009309 0.021277
0 0.162234 0.599291 0.007979 0.015957
3 0.185505 0.846631 0.014628 0.035461
0 0.253989 0.955674 0.013298 0.026596
0 0.224069 0.989805 0.011968 0.020390
0 0.065824 0.909574 0.006649 0.019504
0 0.115027 0.964539 0.014628 0.015957
0 0.125665 0.853723 0.014628 0.024823
0 0.092420 0.671099 0.014628 0.017730
0 0.307846 0.601950 0.014628 0.007092
0 0.526596 0.515957 0.013298 0.015957
2 0.943484 0.434397 0.014628 0.033688
2 0.888963 0.422872 0.014628 0.028369
2 0.952793 0.277482 0.011968 0.014184
2 0.976729 0.310284 0.019947 0.015957
2 0.888963 0.224291 0.017287 0.017730
2 0.856383 0.305851 0.010638 0.028369
2 0.878989 0.320922 0.021277 0.015957
2 0.855718 0.345745 0.017287 0.026596
2 0.825133 0.299645 0.014628 0.012411
2 0.872340 0.031915 0.015957 0.019504
2 0.854388 0.209220 0.017287 0.026596
2 0.798537 0.216312 0.022606 0.019504
2 0.758644 0.110816 0.017287 0.014184
2 0.630984 0.125887 0.011968 0.023050
2 0.558511 0.034574 0.010638 0.021277
2 0.757979 0.289007 0.013298 0.026596
2 0.780585 0.322695 0.023936 0.019504
2 0.668218 0.428191 0.014628 0.031915
2 0.795878 0.367021 0.017287 0.015957
2 0.736037 0.459220 0.017287 0.019504
2 0.802527 0.745567 0.019947 0.028369
2 0.727394 0.780142 0.018617 0.019504
2 0.716755 0.846631 0.018617 0.017730
2 0.550532 0.655142 0.010638 0.024823
2 0.619016 0.646277 0.011968 0.024823
2 0.856383 0.833333 0.010638 0.015957
1 0.924202 0.855496 0.018617 0.024823
1 0.871676 0.757092 0.006649 0.015957
1 0.902261 0.592199 0.009309 0.015957
1 0.842420 0.562943 0.009309 0.010638
1 0.740691 0.616135 0.013298 0.014184
1 0.410239 0.436170 0.014628 0.019504
1 0.486037 0.716312 0.014628 0.019504
1 0.449468 0.695922 0.013298 0.017730
1 0.429521 0.701241 0.007979 0.007092
1 0.361702 0.859929 0.015957 0.023050
1 0.335106 0.879433 0.021277 0.019504
1 0.396277 0.968972 0.018617 0.021277
1 0.499335 0.942376 0.019947 0.017730
1 0.543883 0.811170 0.013298 0.014184