1 0.166062 0.827850 0.028423 0.022174
1 0.192005 0.579302 0.012700 0.017739
1 0.283775 0.387800 0.022678 0.013707
1 0.458394 0.343332 0.008466 0.012498
2 0.467918 0.387881 0.008164 0.012901
2 0.475780 0.273585 0.006955 0.016530
1 0.597091 0.549226 0.011792 0.010482
2 0.684930 0.515764 0.010281 0.017739
1 0.702921 0.423480 0.014211 0.012498
1 0.859458 0.972827 0.008466 0.018949
2 0.918269 0.387760 0.011188 0.006047
1 0.622490 0.168642 0.011188 0.020158
1 0.391600 0.048863 0.010583 0.007660
1 0.435897 0.170416 0.012700 0.009676