0 0.667553 0.183511 0.013298 0.031915
0 0.711436 0.366135 0.015957 0.024823
0 0.713431 0.084220 0.017287 0.017730
1 0.679521 0.294326 0.021277 0.012411
1 0.367686 0.562943 0.011968 0.017730
1 0.367686 0.754433 0.019947 0.028369
1 0.658910 0.892730 0.017287 0.024823
1 0.737367 0.786348 0.025266 0.017730
1 0.154920 0.585106 0.027926 0.033688
1 0.351729 0.807624 0.011968 0.024823
1 0.525931 0.616135 0.017287 0.017730
1 0.610372 0.348404 0.013298 0.017730
1 0.633644 0.423759 0.014628 0.019504
1 0.613697 0.463652 0.014628 0.021277
1 0.755319 0.626773 0.013298 0.031915
2 0.908910 0.496454 0.017287 0.023050
2 0.927527 0.564716 0.017287 0.035461
2 0.949468 0.524823 0.010638 0.026596
2 0.989362 0.548759 0.021276 0.031915
2 0.977394 0.742908 0.015957 0.030142
2 0.987367 0.683511 0.025266 0.021277
2 0.989362 0.582447 0.010638 0.024823
2 0.977394 0.483156 0.015957 0.014184
2 0.929521 0.677305 0.010638 0.030142
2 0.896277 0.691489 0.021277 0.015957
2 0.878989 0.649823 0.018617 0.017730
2 0.875665 0.623227 0.017287 0.024823
2 0.940160 0.703901 0.018617 0.023050
2 0.933511 0.742908 0.018617 0.023050
2 0.959441 0.725177 0.017287 0.026596
2 0.972074 0.793440 0.021277 0.010638
2 0.940824 0.797872 0.017287 0.023050
2 0.954122 0.843972 0.027926 0.023050
2 0.830452 0.740248 0.011968 0.028369
2 0.816489 0.718085 0.018617 0.019504
2 0.798537 0.752660 0.017287 0.028369
2 0.779920 0.696809 0.022606 0.023050
2 0.851064 0.691489 0.013298 0.019504
1 0.870346 0.777482 0.006649 0.014184
1 0.991356 0.912234 0.017287 0.010638
1 0.996676 0.835106 0.006648 0.015957
1 0.912234 0.890071 0.013298 0.019504
1 0.883644 0.895390 0.014628 0.023050
1 0.811835 0.914007 0.009309 0.010638
1 0.807846 0.879433 0.011968 0.015957
1 0.841090 0.899823 0.011968 0.024823
1 0.817819 0.834220 0.013298 0.021277
1 0.903590 0.795213 0.009309 0.017730
1 0.856383 0.464539 0.015957 0.012411
1 0.866356 0.414894 0.011968 0.023050
1 0.846410 0.336879 0.006649 0.008865
1 0.785239 0.334220 0.006649 0.007092
1 0.756649 0.161348 0.010638 0.023050
1 0.694149 0.268617 0.015957 0.010638
1 0.683511 0.242021 0.013298 0.014184
1 0.833112 0.768617 0.014628 0.028369
1 0.843750 0.809397 0.017287 0.010638
1 0.946144 0.903369 0.009309 0.021277
1 0.928191 0.852837 0.010638 0.019504
1 0.900931 0.856383 0.009309 0.012411
1 0.880319 0.824468 0.015957 0.019504
0 0.845080 0.953014 0.017287 0.031915
1 0.717420 0.919326 0.019947 0.017730
1 0.704122 0.830674 0.014628 0.021277
2 0.658910 0.809397 0.030585 0.021277
2 0.631649 0.788121 0.015957 0.021277
2 0.687500 0.700355 0.018617 0.026596
2 0.676862 0.642730 0.015957 0.028369
2 0.652261 0.703901 0.014628 0.023050
2 0.588431 0.900709 0.019947 0.015957
2 0.585771 0.792553 0.014628 0.015957
2 0.644947 0.739362 0.018617 0.030142
2 0.772606 0.791667 0.018617 0.017730
1 0.762633 0.752660 0.014628 0.017730
1 0.583112 0.965426 0.014628 0.017730
1 0.535239 0.924645 0.014628 0.014184
1 0.541223 0.803191 0.013298 0.030142
1 0.490691 0.863475 0.013298 0.023050
1 0.527926 0.893617 0.023936 0.012411
1 0.579787 0.854610 0.015957 0.019504
1 0.602394 0.821809 0.007979 0.007092
1 0.618351 0.729610 0.015957 0.017730
1 0.678856 0.588652 0.030585 0.037234
1 0.486702 0.575355 0.018617 0.021277
1 0.535904 0.471631 0.015957 0.015957
1 0.576463 0.490248 0.014628 0.024823
1 0.392952 0.345745 0.011968 0.019504
1 0.408910 0.294326 0.009309 0.026596
1 0.411569 0.351064 0.009309 0.015957
1 0.279255 0.324468 0.013298 0.023050
1 0.202128 0.398050 0.010638 0.017730
1 0.211436 0.188830 0.013298 0.014184
1 0.327793 0.136525 0.011968 0.005319
1 0.142952 0.156915 0.014628 0.017730
1 0.207447 0.249113 0.010638 0.014184
1 0.135638 0.352837 0.015957 0.023050
1 0.063165 0.370567 0.011968 0.012411
1 0.089096 0.414007 0.013298 0.014184
1 0.146277 0.532801 0.013298 0.017730
1 0.196144 0.545213 0.022606 0.014184
1 0.201463 0.563830 0.017287 0.026596
1 0.391622 0.462766 0.017287 0.019504
1 0.358378 0.531028 0.011968 0.010638
1 0.440160 0.516844 0.013298 0.017730
1 0.380984 0.664894 0.014628 0.015957
1 0.505984 0.610816 0.022606 0.021277
1 0.321809 0.532801 0.010638 0.010638
1 0.346410 0.564716 0.019947 0.014184
1 0.315824 0.551418 0.019947 0.005319
1 0.300532 0.685284 0.018617 0.017730
1 0.341090 0.640071 0.014628 0.015957
1 0.149601 0.631206 0.019947 0.019504
1 0.147606 0.906028 0.013298 0.019504
1 0.175532 0.936170 0.013298 0.030142
1 0.198138 0.968085 0.018617 0.015957
1 0.291223 0.930851 0.015957 0.019504
1 0.329787 0.940603 0.013298 0.021277
1 0.477394 0.916667 0.015957 0.023050
1 0.556516 0.905142 0.009309 0.031915
1 0.494016 0.760638 0.011968 0.033688
1 0.573138 0.727837 0.026596 0.014184
1 0.686170 0.750887 0.015957 0.014184
1 0.703457 0.730496 0.013298 0.012411
1 0.722739 0.624113 0.014628 0.019504
1 0.357713 0.903369 0.013298 0.024823
1 0.372340 0.906028 0.013298 0.040780
1 0.381649 0.865248 0.026596 0.019504
1 0.392287 0.841312 0.015957 0.017730
1 0.386968 0.819149 0.023936 0.019504
1 0.388963 0.751773 0.022606 0.026596
1 0.331782 0.708333 0.027926 0.007092
1 0.266622 0.868794 0.019947 0.026596
1 0.211436 0.870567 0.013298 0.026596
1 0.261303 0.904255 0.011968 0.026596
1 0.312500 0.895390 0.015957 0.019504
1 0.246676 0.756206 0.014628 0.028369
1 0.308511 0.748227 0.010638 0.033688
1 0.396277 0.118794 0.013298 0.015957