0 0.577793 0.459220 0.025266 0.023050
0 0.563830 0.269504 0.015957 0.023050
0 0.622340 0.141844 0.013298 0.026596
0 0.646277 0.004876 0.015957 0.009752
0 0.724069 0.034574 0.025266 0.021277
0 0.583777 0.380319 0.021277 0.039007
0 0.625665 0.421986 0.011968 0.026596
0 0.668883 0.429965 0.021277 0.024823
0 0.654920 0.584220 0.011968 0.024823
0 0.682846 0.593972 0.019947 0.015957
0 0.843085 0.708333 0.013298 0.024823
0 0.894947 0.683511 0.018617 0.017730
0 0.925532 0.652482 0.018617 0.015957
0 0.617021 0.640071 0.015957 0.030142
0 0.702128 0.671986 0.015957 0.019504
0 0.613032 0.688830 0.015957 0.028369
0 0.789229 0.804078 0.011968 0.021277
0 0.794548 0.828901 0.019947 0.024823
0 0.856383 0.796099 0.023936 0.015957
0 0.863697 0.777482 0.019947 0.014184
0 0.870346 0.751773 0.009309 0.012411
0 0.696809 0.811170 0.015957 0.021277
0 0.713431 0.906028 0.014628 0.026596
0 0.724069 0.950355 0.019947 0.015957
0 0.630984 0.248227 0.017287 0.015957
0 0.462101 0.266844 0.011968 0.021277
0 0.904920 0.913121 0.017287 0.019504
0 0.912234 0.589539 0.015957 0.021277
1 0.928856 0.592199 0.014628 0.012411
1 0.942154 0.699468 0.006649 0.014184
1 0.939495 0.752660 0.003989 0.007092
1 0.694149 0.225177 0.015957 0.015957
1 0.424202 0.053191 0.015957 0.019504
1 0.469415 0.144504 0.015957 0.024823
1 0.683511 0.084220 0.015957 0.024823
1 0.730718 0.142730 0.014628 0.014184
1 0.890293 0.109043 0.017287 0.017730
1 0.717420 0.209220 0.009309 0.015957
1 0.804521 0.550532 0.015957 0.024823
1 0.784574 0.593972 0.007979 0.015957
0 0.444814 0.787234 0.017287 0.037234
1 0.943484 0.345745 0.022606 0.019504
2 0.662899 0.964539 0.014628 0.033688
2 0.330452 0.585993 0.011968 0.024823
2 0.243351 0.278369 0.018617 0.015957
2 0.251995 0.295213 0.009309 0.031915
2 0.305186 0.623227 0.017287 0.017730
2 0.365027 0.599291 0.014628 0.015957
2 0.376330 0.397163 0.021277 0.012411
2 0.281250 0.390071 0.011968 0.023050
2 0.307846 0.379433 0.003989 0.019504
2 0.272606 0.430851 0.010638 0.015957
2 0.551862 0.775709 0.018617 0.028369
3 0.440160 0.929965 0.023936 0.035461
2 0.494681 0.754433 0.018617 0.021277
2 0.300532 0.822695 0.015957 0.023050
2 0.196144 0.761525 0.009309 0.017730
2 0.234043 0.714539 0.018617 0.019504
2 0.253989 0.668440 0.013298 0.015957
2 0.257314 0.628546 0.025266 0.021277
2 0.259973 0.574468 0.014628 0.023050
2 0.390957 0.459220 0.018617 0.023050
2 0.295878 0.517730 0.014628 0.015957
2 0.158910 0.523050 0.017287 0.026596
2 0.090426 0.526596 0.015957 0.019504
2 0.016622 0.520390 0.014628 0.021277
2 0.018617 0.578014 0.023936 0.015957
2 0.162899 0.579787 0.014628 0.019504
1 0.386968 0.835106 0.018617 0.026596
1 0.380984 0.876773 0.014628 0.010638
1 0.285239 0.843972 0.014628 0.019504
1 0.406250 0.844858 0.011968 0.007092
1 0.611037 0.854610 0.030585 0.019504
1 0.413564 0.748227 0.018617 0.015957
1 0.440160 0.740248 0.007979 0.035461
1 0.400266 0.656028 0.015957 0.030142
1 0.404920 0.621454 0.017287 0.014184
1 0.488032 0.586879 0.018617 0.023050
1 0.451463 0.562057 0.017287 0.023050
1 0.597739 0.710106 0.014628 0.024823
1 0.513963 0.658688 0.009309 0.010638
1 0.253324 0.877660 0.014628 0.023050
1 0.230053 0.838652 0.013298 0.019504
1 0.170878 0.815603 0.014628 0.015957
1 0.170878 0.769504 0.011968 0.023050
1 0.149601 0.691489 0.025266 0.044326
1 0.424202 0.781915 0.018617 0.015957
1 0.208777 0.918440 0.018617 0.019504
1 0.188830 0.855496 0.023936 0.021277
1 0.287234 0.723404 0.010638 0.015957
1 0.317154 0.715426 0.011968 0.017730
1 0.333112 0.739362 0.017287 0.015957
1 0.309840 0.766844 0.010638 0.021277
1 0.323138 0.797872 0.015957 0.023050
1 0.277261 0.764184 0.011968 0.012411
1 0.267287 0.803191 0.015957 0.026596
1 0.240027 0.782801 0.009309 0.010638
1 0.138298 0.610816 0.013298 0.007092
1 0.105053 0.603723 0.015957 0.014184
1 0.123670 0.633865 0.015957 0.007092
1 0.181516 0.881206 0.017287 0.008865
1 0.225399 0.893617 0.019947 0.033688