1 0.853927 0.904662 0.011458 0.013213
1 0.843398 0.942648 0.007123 0.012387
1 0.851914 0.836327 0.009910 0.011974
2 0.658367 0.782650 0.017961 0.013626
2 0.602626 0.781618 0.015484 0.013213
1 0.612690 0.925926 0.014555 0.011974
1 0.390004 0.966596 0.010529 0.016516
1 0.668958 0.651513 0.013626 0.011974
2 0.590858 0.509435 0.005574 0.022297
1 0.795089 0.189644 0.009600 0.010322
1 0.612319 0.150460 0.008981 0.013213
1 0.869101 0.438499 0.006503 0.016516
1 0.882726 0.421570 0.008361 0.014864
1 0.651369 0.007226 0.006813 0.010322
1 0.236405 0.688096 0.006193 0.007019