2 0.278988 0.475986 0.036021 0.066895
1 0.550429 0.324185 0.015437 0.034305
1 0.662615 0.462451 0.015661 0.035051
1 0.668767 0.825416 0.015661 0.043255
1 0.531732 0.654635 0.010068 0.020881
1 0.782143 0.940637 0.011746 0.026102
1 0.941886 0.242449 0.010627 0.024610
1 0.969293 0.397942 0.019576 0.017898
1 0.412876 0.166605 0.022932 0.014915
1 0.235122 0.575956 0.018458 0.018644
1 0.241554 0.848535 0.014542 0.014915
1 0.408681 0.826162 0.011187 0.023865
1 0.645052 0.545156 0.020136 0.011932
1 0.338038 0.292639 0.010627 0.013424
1 0.255090 0.654262 0.008949 0.014170
1 0.156928 0.572600 0.012864 0.013424
1 0.348777 0.591916 0.013983 0.011187
1 0.342904 0.523305 0.007831 0.012678
1 0.081028 0.081289 0.015661 0.014915
2 0.059494 0.006712 0.015102 0.013424
2 0.439835 0.355731 0.009509 0.023865
2 0.351182 0.211425 0.012305 0.017153
2 0.374953 0.625699 0.021814 0.025356
2 0.324614 0.766202 0.011746 0.020881
2 0.308114 0.786710 0.011187 0.015661
2 0.288538 0.834440 0.011187 0.021627
2 0.183049 0.926840 0.022373 0.029831
2 0.202625 0.649042 0.008949 0.024610
2 0.452364 0.769110 0.016220 0.014170
2 0.435584 0.827653 0.021814 0.019390
2 0.563726 0.911925 0.010068 0.025356
2 0.574073 0.912671 0.011746 0.023865
2 0.585540 0.918264 0.006712 0.017153
2 0.792714 0.867925 0.020136 0.029831
2 0.799146 0.887687 0.008390 0.027593
2 0.819282 0.873145 0.015102 0.026848
2 0.664628 0.873518 0.013424 0.020136
2 0.880081 0.603774 0.011187 0.019390
2 0.749758 0.682228 0.020136 0.020881
2 0.912801 0.464837 0.007271 0.017153
2 0.852394 0.458871 0.010627 0.015661
2 0.845402 0.333209 0.010068 0.020881
2 0.861343 0.306361 0.010627 0.014915
2 0.738571 0.352599 0.006712 0.014915
2 0.911403 0.572228 0.014542 0.014170
2 0.958945 0.548736 0.011187 0.014915
2 0.938810 0.390260 0.012305 0.015661
2 0.976844 0.328734 0.011187 0.016407
2 0.567977 0.314192 0.016780 0.014170
2 0.715079 0.517041 0.011187 0.020136
2 0.735774 0.725259 0.010068 0.015661
2 0.896301 0.786785 0.013424 0.010441
2 0.572060 0.652249 0.008390 0.019390
2 0.242561 0.782310 0.027966 0.013424
2 0.091375 0.349765 0.015102 0.016407
1 0.377694 0.682750 0.008949 0.012678
1 0.474737 0.682378 0.007271 0.014915
1 0.343296 0.640987 0.007271 0.009695
1 0.238702 0.669699 0.008390 0.010441
1 0.247930 0.699903 0.008949 0.011187
1 0.403423 0.913566 0.008949 0.014915
1 0.529271 0.792005 0.008949 0.016407
1 0.455440 0.632411 0.016780 0.019390
1 0.685771 0.931240 0.007831 0.014170