0 0.524601 0.066489 0.011968 0.024823
0 0.666223 0.102837 0.013298 0.030142
0 0.660239 0.399823 0.017287 0.031915
0 0.699468 0.556738 0.018617 0.026596
0 0.650931 0.573582 0.019947 0.017730
0 0.545878 0.600177 0.014628 0.021277
0 0.583777 0.670213 0.013298 0.023050
0 0.589096 0.712766 0.023936 0.015957
2 0.434176 0.522163 0.017287 0.031915
2 0.666888 0.729610 0.025266 0.021277
0 0.320479 0.712766 0.015957 0.026596
1 0.327793 0.949468 0.017287 0.017730
1 0.355718 0.830674 0.011968 0.017730
1 0.307846 0.960106 0.014628 0.010638
1 0.751995 0.875887 0.014628 0.026596
0 0.700133 0.731383 0.022606 0.021277
0 0.922207 0.531915 0.014628 0.026596
0 0.982713 0.445922 0.015957 0.017730
0 0.714761 0.333333 0.019947 0.019504
0 0.844415 0.153369 0.015957 0.021277
0 0.748005 0.502660 0.022606 0.021277
0 0.732048 0.468085 0.017287 0.019504
0 0.732048 0.262411 0.011968 0.019504
0 0.418218 0.213652 0.022606 0.021277
0 0.593750 0.025709 0.011968 0.014184
0 0.253989 0.822695 0.010638 0.015957
0 0.276596 0.988475 0.013298 0.021277