0 0.412899 0.967199 0.019947 0.031915
0 0.442154 0.203014 0.019947 0.014184
0 0.795878 0.185284 0.011968 0.017730
2 0.617686 0.495567 0.009309 0.028369
2 0.813165 0.980496 0.011968 0.019504
2 0.959441 0.907801 0.014628 0.008865
1 0.351064 0.614362 0.010638 0.014184
1 0.583112 0.464539 0.011968 0.015957
1 0.738697 0.394504 0.009309 0.007092
1 0.232048 0.455674 0.009309 0.012411
2 0.049867 0.515957 0.011968 0.030142
1 0.590426 0.831560 0.010638 0.008865
1 0.667553 0.768617 0.007979 0.017730
1 0.994016 0.739362 0.006649 0.019504
1 0.434840 0.860816 0.007979 0.014184
1 0.187500 0.763298 0.007979 0.010638
1 0.199468 0.742908 0.010638 0.012411
1 0.153590 0.922872 0.014628 0.017730
1 0.044548 0.762411 0.011968 0.012411
1 0.013298 0.764184 0.005319 0.012411
1 0.250000 0.511525 0.007979 0.014184
1 0.493351 0.250887 0.007979 0.010638
2 0.538564 0.499113 0.021277 0.014184
2 0.611037 0.675532 0.019947 0.012411
1 0.349069 0.872340 0.011968 0.012411