0 0.597739 0.540780 0.025266 0.019504
0 0.238032 0.034574 0.026596 0.021277
0 0.498005 0.476950 0.017287 0.019504
1 0.523936 0.351950 0.013298 0.017730
1 0.573803 0.430851 0.011968 0.023050
1 0.472739 0.348404 0.009309 0.024823
1 0.466755 0.404255 0.013298 0.030142
1 0.575133 0.708333 0.017287 0.017730
1 0.809176 0.926418 0.009309 0.028369
1 0.395612 0.726064 0.025266 0.021277
1 0.526596 0.740248 0.015957 0.024823
1 0.976729 0.570035 0.019947 0.031915
1 0.458777 0.812057 0.013298 0.033688
2 0.532580 0.808511 0.022606 0.023050
2 0.899269 0.805075 0.011636 0.022163
2 0.923371 0.869902 0.006649 0.021055
2 0.956616 0.895390 0.011636 0.014406
2 0.981965 0.917553 0.012467 0.025488
2 0.906333 0.954122 0.010805 0.018839
2 0.995346 0.817819 0.009308 0.021055
2 0.968667 0.776263 0.022440 0.019947
2 0.978640 0.757425 0.014129 0.011082
2 0.993268 0.743573 0.013464 0.014406
2 0.967836 0.612810 0.010805 0.009973
2 0.969914 0.514184 0.008311 0.018839
2 0.879322 0.354056 0.016622 0.015514
2 0.960356 0.336879 0.007480 0.016622
2 0.733461 0.598404 0.012467 0.018839
2 0.582613 0.791777 0.014960 0.024379
2 0.620013 0.566822 0.016622 0.017730
2 0.627909 0.626108 0.014129 0.014406
2 0.657414 0.735816 0.011636 0.021055
2 0.734292 0.682624 0.007480 0.018839
2 0.756316 0.664340 0.009973 0.015514
2 0.746759 0.607824 0.010805 0.017730
2 0.848570 0.705895 0.008311 0.009973
2 0.763381 0.766844 0.015791 0.014406
2 0.743434 0.738032 0.012467 0.009973
2 0.761303 0.745235 0.014960 0.015514
2 0.681932 0.805075 0.012467 0.026596
2 0.593833 0.836658 0.014129 0.018839
2 0.585522 0.871011 0.010805 0.023271
2 0.558095 0.839428 0.012467 0.022163
2 0.548953 0.874335 0.010805 0.007757
2 0.543551 0.928635 0.013298 0.016622
2 0.570977 0.909242 0.013298 0.022163
2 0.591340 0.909242 0.010805 0.017730
2 0.608378 0.966866 0.008311 0.019947
2 0.688580 0.946365 0.009142 0.023271
2 0.667803 0.986259 0.014129 0.016622
2 0.725565 0.939716 0.008311 0.021055
2 0.834857 0.799535 0.010805 0.015514
2 0.864777 0.769614 0.017453 0.019947
2 0.711436 0.792332 0.019947 0.012190
2 0.705618 0.823360 0.006649 0.021055
2 0.655336 0.839982 0.005818 0.014406
2 0.619182 0.888741 0.021609 0.012190
2 0.429272 0.592863 0.012467 0.016622
2 0.367769 0.683732 0.012467 0.021055
2 0.388963 0.879876 0.011636 0.027704
2 0.372756 0.913675 0.017453 0.017730
2 0.366523 0.889295 0.011636 0.026596
2 0.437999 0.809508 0.013298 0.019947
2 0.498670 0.986259 0.016622 0.016622
2 0.559342 0.943041 0.018285 0.023271
2 0.532330 0.954122 0.015791 0.018839
2 0.446310 0.848293 0.018285 0.015514
2 0.641622 0.410572 0.016622 0.013298
2 0.662400 0.503103 0.009973 0.014406
2 0.997424 0.939162 0.005152 0.019947
2 0.540642 0.891512 0.009142 0.008865
2 0.397689 0.832225 0.005818 0.014406
2 0.381898 0.536348 0.007480 0.009973
2 0.388132 0.556848 0.003324 0.004433
2 0.401430 0.572363 0.003324 0.006649
2 0.472074 0.654920 0.006649 0.003324
2 0.383561 0.516955 0.002493 0.002216
2 0.465841 0.514738 0.002493 0.004433
2 0.805768 0.511968 0.005818 0.009973
2 0.780003 0.688719 0.005818 0.013298
2 0.811170 0.773493 0.003324 0.009973
2 0.199468 0.725177 0.013298 0.026596
1 0.277926 0.626773 0.018617 0.010638
1 0.366356 0.175532 0.017287 0.019504
1 0.386303 0.160461 0.009309 0.014184
1 0.390957 0.233156 0.007979 0.010638
1 0.387633 0.252660 0.014628 0.017730
1 0.345080 0.212766 0.006649 0.012411
1 0.289229 0.242021 0.009309 0.014184
1 0.319149 0.259752 0.015957 0.010638
1 0.296543 0.076241 0.018617 0.012411
1 0.300532 0.928191 0.007979 0.014184
1 0.288564 0.937943 0.010638 0.019504
1 0.278590 0.870567 0.009309 0.012411
1 0.292553 0.799645 0.021277 0.023050
1 0.246011 0.841312 0.026596 0.014184
1 0.088431 0.710106 0.035904 0.028369
1 0.220745 0.888298 0.015957 0.019504
1 0.236702 0.932624 0.013298 0.015957
1 0.109707 0.976064 0.019947 0.017730
1 0.141622 0.640071 0.014628 0.015957
1 0.218750 0.602837 0.011968 0.015957
1 0.294548 0.407801 0.011968 0.012411
1 0.205452 0.792553 0.006649 0.012411
1 0.176862 0.796986 0.010638 0.014184
1 0.053191 0.831560 0.013298 0.015957
1 0.008644 0.929078 0.014628 0.026596
1 0.087766 0.956560 0.015957 0.017730
1 0.157580 0.948582 0.009309 0.012411
1 0.045878 0.343972 0.019947 0.026596
1 0.268617 0.511525 0.010638 0.010638
1 0.298537 0.439716 0.009309 0.005319
1 0.234707 0.478723 0.006649 0.008865
1 0.818484 0.222518 0.030585 0.021277
1 0.952128 0.146277 0.013298 0.014184
1 0.072473 0.282801 0.006649 0.010638
1 0.143617 0.046099 0.010638 0.015957
1 0.010638 0.153369 0.013298 0.017730
1 0.011968 0.244681 0.013298 0.008865
1 0.131649 0.862589 0.013298 0.024823
1 0.209441 0.854610 0.011968 0.019504
1 0.172207 0.823582 0.009309 0.010638
1 0.033910 0.731383 0.014628 0.017730
1 0.010638 0.662234 0.015957 0.007092
1 0.014628 0.622340 0.010638 0.008865