0 0.696809 0.270390 0.015957 0.031915
0 0.477394 0.504433 0.015957 0.024823
0 0.644947 0.857270 0.015957 0.024823
0 0.649601 0.934397 0.017287 0.037234
0 0.748005 0.777482 0.009309 0.021277
0 0.763298 0.621454 0.015957 0.031915
0 0.712101 0.835993 0.014628 0.017730
0 0.505319 0.824468 0.010638 0.019504
0 0.531250 0.777482 0.025266 0.028369
0 0.718750 0.367908 0.019947 0.024823
0 0.837101 0.191489 0.009309 0.026596
0 0.721410 0.088652 0.014628 0.015957
2 0.805851 0.750887 0.015957 0.021277
2 0.934840 0.566489 0.015957 0.031915
2 0.991356 0.547872 0.017287 0.026596
2 0.916223 0.493794 0.015957 0.017730
2 0.980053 0.737589 0.013298 0.019504
2 0.983378 0.787234 0.033244 0.040780
2 0.940160 0.742021 0.023936 0.021277
2 0.992021 0.681738 0.015957 0.014184
2 0.936835 0.674645 0.011968 0.031915
2 0.923537 0.689716 0.011968 0.019504
2 0.880984 0.649823 0.009309 0.014184
2 0.883644 0.617021 0.017287 0.019504
2 0.904255 0.692376 0.018617 0.010638
2 0.946809 0.703901 0.015957 0.015957
2 0.968750 0.720745 0.009309 0.024823
2 0.944814 0.793440 0.011968 0.014184
2 0.960106 0.822695 0.026596 0.033688
2 0.994016 0.915780 0.009309 0.028369
2 0.953457 0.903369 0.013298 0.021277
2 0.884973 0.897163 0.006649 0.012411
2 0.846410 0.901596 0.009309 0.017730
2 0.385638 0.115248 0.013298 0.030142
2 0.361702 0.807624 0.015957 0.042553
2 0.495346 0.753546 0.019947 0.026596
2 0.596410 0.905142 0.019947 0.017730
2 0.565160 0.908688 0.007979 0.024823
2 0.585106 0.858156 0.013298 0.026596
2 0.642287 0.786348 0.010638 0.017730
2 0.689495 0.799645 0.025266 0.030142
2 0.682846 0.643617 0.011968 0.023050
2 0.646277 0.331560 0.018617 0.040780
1 0.688165 0.591312 0.022606 0.028369
1 0.835106 0.734043 0.015957 0.023050
1 0.838431 0.769504 0.011968 0.019504
1 0.851729 0.792553 0.011968 0.026596
1 0.823803 0.832447 0.009309 0.024823
1 0.783245 0.791667 0.018617 0.024823
1 0.773936 0.703901 0.010638 0.019504
1 0.790559 0.697695 0.019947 0.010638
1 0.855053 0.689716 0.007979 0.012411
1 0.821809 0.718972 0.010638 0.028369
1 0.908910 0.789894 0.011968 0.010638
1 0.913564 0.875000 0.010638 0.021277
1 0.884973 0.826241 0.009309 0.033688
1 0.926862 0.819149 0.002660 0.008865
1 0.933511 0.858156 0.007979 0.023050
1 0.936170 0.885638 0.010638 0.010638
1 0.960771 0.850177 0.017287 0.021277
1 0.910904 0.819149 0.013298 0.012411
1 0.877660 0.783688 0.013298 0.019504
1 0.696144 0.699468 0.014628 0.017730
1 0.728059 0.625000 0.014628 0.017730
1 0.770612 0.755319 0.017287 0.015957
1 0.653590 0.741135 0.017287 0.026596
1 0.694149 0.745567 0.015957 0.014184
1 0.662899 0.706560 0.014628 0.024823
1 0.706117 0.875000 0.010638 0.024823
1 0.721410 0.902482 0.011968 0.015957
1 0.533245 0.890071 0.010638 0.008865
1 0.539894 0.919326 0.010638 0.024823
1 0.557181 0.868794 0.010638 0.019504
1 0.541888 0.831560 0.009309 0.005319
1 0.535239 0.846631 0.006649 0.007092
1 0.499335 0.865248 0.009309 0.012411
1 0.494016 0.846631 0.017287 0.014184
1 0.620346 0.814716 0.033245 0.017730
1 0.591090 0.794326 0.011968 0.008865
1 0.570479 0.820922 0.005319 0.008865
1 0.579122 0.725177 0.006649 0.015957
1 0.464761 0.681738 0.017287 0.021277
1 0.461436 0.561170 0.010638 0.017730
1 0.496676 0.581560 0.014628 0.023050
1 0.589761 0.682624 0.017287 0.015957
1 0.445479 0.363475 0.010638 0.023050
1 0.532580 0.617021 0.011968 0.023050
1 0.620346 0.461879 0.014628 0.017730
1 0.640293 0.425532 0.014628 0.015957
1 0.617021 0.345745 0.010638 0.015957
1 0.366356 0.533688 0.014628 0.012411
1 0.380319 0.412234 0.007979 0.014184
1 0.287234 0.321809 0.010638 0.021277
1 0.307181 0.685284 0.018617 0.017730
1 0.390957 0.864362 0.018617 0.021277
1 0.382314 0.908688 0.011968 0.031915
1 0.337101 0.945035 0.009309 0.023050
1 0.368351 0.906028 0.018617 0.015957
1 0.471410 0.816489 0.025266 0.024823
1 0.454787 0.779255 0.018617 0.035461
1 0.412234 0.805851 0.010638 0.028369
1 0.392952 0.756206 0.011968 0.021277
1 0.422872 0.752660 0.015957 0.021277
1 0.474734 0.729610 0.005319 0.017730
1 0.345745 0.626773 0.018617 0.031915
1 0.412899 0.289894 0.009309 0.017730
1 0.408245 0.346631 0.026596 0.017730
1 0.329787 0.535461 0.005319 0.008865
1 0.207447 0.564716 0.013298 0.014184
1 0.152261 0.529255 0.014628 0.014184
1 0.253324 0.754433 0.014628 0.028369
1 0.301197 0.767730 0.011968 0.008865
1 0.319149 0.747340 0.010638 0.031915
1 0.238697 0.687057 0.022606 0.007092
1 0.232048 0.665780 0.017287 0.014184
1 0.311170 0.819149 0.015957 0.015957
1 0.329787 0.870567 0.015957 0.019504
1 0.321809 0.894504 0.018617 0.024823
1 0.261303 0.860816 0.030585 0.028369
1 0.253324 0.890957 0.011968 0.014184
1 0.222074 0.865248 0.013298 0.023050
1 0.185505 0.759752 0.017287 0.010638
1 0.172207 0.774823 0.022606 0.023050
1 0.159574 0.789007 0.023936 0.026596
1 0.155585 0.905142 0.015957 0.017730
1 0.184176 0.941489 0.017287 0.019504
1 0.708777 0.325355 0.010638 0.010638
1 0.683511 0.293440 0.015957 0.014184
1 0.199468 0.194149 0.010638 0.014184
1 0.158245 0.585106 0.013298 0.015957
1 0.202128 0.541667 0.013298 0.024823
1 0.356383 0.568262 0.013298 0.017730
1 0.398271 0.459220 0.011968 0.026596
1 0.445479 0.516844 0.015957 0.017730
1 0.443484 0.320035 0.006649 0.017730