0 0.585106 0.267730 0.023936 0.023050
0 0.462101 0.293440 0.022606 0.021277
0 0.339096 0.086879 0.010638 0.019504
0 0.101729 0.292553 0.009309 0.023050
0 0.162234 0.256206 0.010638 0.017730
0 0.240691 0.353723 0.013298 0.010638
0 0.185505 0.333333 0.006649 0.012411
2 0.263298 0.329787 0.018617 0.026596
2 0.634309 0.197695 0.010638 0.017730
2 0.631649 0.239362 0.013298 0.015957
2 0.661569 0.263298 0.017287 0.017730
2 0.378989 0.157801 0.010638 0.012411
2 0.387633 0.214539 0.014628 0.023050
2 0.317819 0.275709 0.010638 0.007092
2 0.304521 0.245567 0.007979 0.010638
2 0.299202 0.299645 0.010638 0.015957
2 0.349069 0.417553 0.025266 0.024823
2 0.334441 0.309397 0.009309 0.024823
2 0.363032 0.253546 0.010638 0.019504
2 0.349069 0.349291 0.009309 0.008865
2 0.415559 0.417553 0.014628 0.010638
2 0.507314 0.383865 0.017287 0.035461
2 0.753989 0.261525 0.015957 0.024823
2 0.728059 0.289007 0.009309 0.026596
2 0.776596 0.296099 0.018617 0.023050
2 0.835106 0.198582 0.021277 0.019504
2 0.829122 0.241135 0.022606 0.030142
2 0.850399 0.292553 0.025266 0.023050
2 0.573803 0.584220 0.017287 0.031915
2 0.555851 0.568262 0.015957 0.024823
2 0.537899 0.500000 0.022606 0.026596
2 0.621011 0.490248 0.015957 0.024823
2 0.580452 0.530142 0.017287 0.030142
2 0.663564 0.471631 0.010638 0.023050
2 0.677527 0.517730 0.027926 0.026596
2 0.623670 0.551418 0.021277 0.023050
2 0.626995 0.589539 0.011968 0.017730
2 0.668883 0.569149 0.018617 0.012411
2 0.734707 0.499113 0.022606 0.014184
2 0.836436 0.453014 0.021277 0.014184
2 0.810505 0.429965 0.019947 0.021277
2 0.796543 0.384752 0.015957 0.019504
0 0.577793 0.647163 0.017287 0.019504
2 0.635638 0.654255 0.010638 0.015957
2 0.666223 0.679965 0.013298 0.021277
2 0.702793 0.653369 0.019947 0.028369
2 0.694149 0.592199 0.007979 0.012411
2 0.730053 0.527482 0.018617 0.028369
2 0.754654 0.573582 0.033245 0.007092
2 0.821144 0.509752 0.019947 0.014184
2 0.795213 0.482270 0.018617 0.026596
2 0.801197 0.588652 0.019947 0.030142
2 0.319814 0.876773 0.014628 0.028369
2 0.204787 0.726064 0.015957 0.031915
2 0.241356 0.644504 0.014628 0.014184
2 0.295878 0.533688 0.009309 0.015957
2 0.373670 0.628546 0.007979 0.028369
2 0.156915 0.623227 0.018617 0.031915
2 0.121011 0.578014 0.018617 0.026596
2 0.139628 0.527482 0.018617 0.014184
2 0.120346 0.477837 0.017287 0.024823
2 0.166223 0.478723 0.021277 0.019504
2 0.176862 0.451241 0.005319 0.010638
2 0.297207 0.593972 0.022606 0.023050
2 0.297207 0.650709 0.019947 0.019504
2 0.339096 0.632979 0.015957 0.015957
2 0.324468 0.587766 0.007979 0.014184
2 0.404255 0.496454 0.015957 0.023050
2 0.414229 0.875000 0.019947 0.017730
2 0.400266 0.770390 0.018617 0.024823
2 0.442154 0.741135 0.025266 0.044326
2 0.499335 0.632092 0.022606 0.024823
2 0.503989 0.658688 0.021277 0.021277
2 0.471410 0.698582 0.014628 0.015957
2 0.498005 0.791667 0.009309 0.028369
2 0.456782 0.788121 0.011968 0.021277
2 0.464096 0.827128 0.002660 0.010638
2 0.542553 0.919326 0.005319 0.003546
2 0.462766 0.906915 0.010638 0.017730
2 0.442819 0.844858 0.010638 0.021277
2 0.467420 0.963652 0.009309 0.021277
2 0.515957 0.918440 0.010638 0.026596
2 0.587766 0.926418 0.010638 0.035461
2 0.630319 0.935284 0.031915 0.028369
2 0.641622 0.867908 0.009309 0.021277
2 0.558511 0.695035 0.026596 0.037234
2 0.526596 0.706560 0.015957 0.017730
2 0.531915 0.804965 0.010638 0.008865
2 0.660904 0.815603 0.021277 0.019504
2 0.646277 0.761525 0.015957 0.031915
2 0.667553 0.739362 0.021277 0.030142
2 0.691489 0.701241 0.007979 0.014184
2 0.628989 0.697695 0.026596 0.021277
2 0.750000 0.640957 0.026596 0.028369
2 0.706782 0.414007 0.014628 0.031915
2 0.722739 0.384752 0.017287 0.015957
2 0.752660 0.398050 0.021277 0.021277
2 0.712101 0.455674 0.022606 0.026596
2 0.771277 0.432624 0.005319 0.015957
2 0.843750 0.359043 0.001330 0.010638
2 0.850399 0.335106 0.017287 0.008865
2 0.922207 0.250000 0.017287 0.005319
2 0.917553 0.285461 0.026596 0.033688
2 0.892952 0.376773 0.027926 0.021277
2 0.867686 0.399823 0.030585 0.014184
2 0.839096 0.563830 0.013298 0.005319
2 0.777926 0.674645 0.015957 0.024823
2 0.837101 0.680851 0.073138 0.030142
2 0.844415 0.753546 0.045213 0.037234
2 0.906915 0.687943 0.021277 0.026596
2 0.893617 0.607270 0.018617 0.021277
2 0.935505 0.456560 0.019947 0.017730
2 0.938165 0.420213 0.011968 0.015957
2 0.923537 0.403369 0.011968 0.014184
2 0.853723 0.488475 0.013298 0.021277
2 0.570479 0.757979 0.021277 0.024823
2 0.601064 0.734043 0.010638 0.008865
2 0.577793 0.819149 0.027926 0.040780
2 0.585106 0.859043 0.029255 0.035461
2 0.532580 0.833333 0.019947 0.012411
2 0.527261 0.859929 0.006649 0.012411
2 0.399601 0.652482 0.017287 0.026596
2 0.270612 0.703014 0.009309 0.028369
2 0.306516 0.698582 0.009309 0.005319
2 0.204122 0.673759 0.011968 0.015957
2 0.330452 0.828014 0.027926 0.037234
2 0.282580 0.804078 0.025266 0.031915
2 0.269282 0.746454 0.009309 0.015957
2 0.323138 0.736702 0.018617 0.017730
2 0.388298 0.714539 0.013298 0.030142
2 0.400931 0.699468 0.027926 0.010638
2 0.394947 0.795213 0.026596 0.042553
2 0.162234 0.830674 0.021277 0.028369
2 0.188165 0.899823 0.011968 0.028369
2 0.216090 0.897163 0.019947 0.030142
2 0.208777 0.851950 0.026596 0.028369
2 0.213431 0.792553 0.009309 0.023050
2 0.127660 0.854610 0.010638 0.023050
2 0.171543 0.866135 0.023936 0.021277