2 0.770412 0.207547 0.020583 0.020583
1 0.906775 0.314751 0.015437 0.018868
2 0.848885 0.408233 0.010292 0.027444
3 0.958233 0.407376 0.018010 0.015437
0 0.749828 0.680961 0.015437 0.027444
1 0.837950 0.729846 0.019297 0.022298
0 0.783919 0.807033 0.014151 0.025729
2 0.937650 0.937393 0.012864 0.025729
0 0.823949 0.980973 0.021571 0.016835
0 0.624400 0.828473 0.016724 0.027444
0 0.597384 0.897084 0.014151 0.027444
1 0.576801 0.653516 0.011578 0.020583
0 0.165780 0.871355 0.020583 0.034305
3 0.233962 0.783877 0.015437 0.020583
3 0.864966 0.012864 0.016724 0.025728