1 0.630189 0.765866 0.012864 0.029160
1 0.577444 0.866209 0.010292 0.020583
1 0.484177 0.952830 0.011578 0.015437
1 0.718310 0.777015 0.014151 0.024014
1 0.988465 0.689537 0.014151 0.030875
1 0.322727 0.487136 0.015437 0.024014
3 0.273199 0.516295 0.011578 0.017153
3 0.616681 0.400515 0.034734 0.025729
3 0.503473 0.192110 0.014151 0.024014
1 0.621184 0.547170 0.015437 0.024014
1 0.559434 0.487993 0.012864 0.018868
1 0.037135 0.896226 0.010292 0.025729
1 0.017839 0.365352 0.012864 0.020583
1 0.045497 0.505146 0.014151 0.025729