0 0.662899 0.070922 0.014628 0.026596
0 0.657580 0.977837 0.014628 0.021277
0 0.890957 0.695035 0.015957 0.015957
0 0.655585 0.259752 0.013298 0.010638
0 0.550532 0.691489 0.013298 0.023050
0 0.651596 0.682624 0.015957 0.015957
0 0.654255 0.646277 0.013298 0.024823
0 0.712101 0.057624 0.019947 0.017730
2 0.290559 0.901596 0.009309 0.024823
2 0.351729 0.716312 0.009309 0.019504
2 0.254654 0.709220 0.009309 0.015957
2 0.284574 0.671986 0.010638 0.019504
2 0.104388 0.262411 0.017287 0.012411
2 0.515293 0.484043 0.019947 0.026596
2 0.721410 0.188830 0.006649 0.017730
2 0.942154 0.171099 0.009309 0.024823
2 0.077128 0.653369 0.010638 0.010638
2 0.279255 0.440603 0.010638 0.014184
0 0.359043 0.614362 0.015957 0.031915
1 0.406250 0.625000 0.009309 0.017730
1 0.485372 0.549645 0.013298 0.023050
1 0.498005 0.595745 0.017287 0.019504
1 0.496676 0.576241 0.019947 0.019504
1 0.432846 0.411348 0.009309 0.015957
1 0.510638 0.516844 0.010638 0.014184
1 0.647606 0.472518 0.013298 0.014184
1 0.571144 0.488475 0.025266 0.017730
1 0.555186 0.507979 0.011968 0.014184
2 0.531915 0.570922 0.013298 0.033688
2 0.537234 0.621454 0.021277 0.014184
2 0.651596 0.507092 0.013298 0.015957
2 0.725399 0.581560 0.030585 0.015957
2 0.632979 0.615248 0.007979 0.023050
0 0.751995 0.961879 0.014628 0.021277
0 0.892952 0.744681 0.014628 0.019504
0 0.007979 0.209220 0.013298 0.026596
0 0.702793 0.170213 0.009309 0.012411