0 0.408588 0.577152 0.023585 0.034700
0 0.286191 0.610226 0.028465 0.022772
0 0.392323 0.467632 0.021958 0.017350
0 0.642607 0.684559 0.027245 0.026567
0 0.828034 0.901377 0.015046 0.032531
0 0.838809 0.489753 0.018705 0.029928
0 0.799894 0.220939 0.013419 0.020603
0 0.606213 0.045814 0.033344 0.030362
2 0.441200 0.701529 0.016265 0.018434
1 0.326529 0.677456 0.017892 0.007591
1 0.393827 0.534591 0.013419 0.014639
1 0.573154 0.599653 0.009353 0.020061
1 0.515412 0.530796 0.011792 0.010301
1 0.487964 0.484168 0.012199 0.008133
1 0.620934 0.453481 0.011386 0.024398
2 0.626423 0.427456 0.010166 0.013555
2 0.767588 0.762938 0.029650 0.009883
1 0.809535 0.465768 0.017183 0.009434
1 0.776449 0.397035 0.008423 0.004942
1 0.678976 0.255031 0.008760 0.015274
1 0.843396 0.159344 0.020216 0.013477
1 0.721900 0.051797 0.018868 0.012579
1 0.924562 0.285669 0.013814 0.009883
1 0.576381 0.301752 0.012466 0.007188
1 0.940645 0.854902 0.007559 0.016126