0 0.561835 0.118794 0.043883 0.097518
0 0.710771 0.503546 0.017287 0.030142
0 0.710106 0.625887 0.010638 0.023050
0 0.726064 0.597518 0.021277 0.015957
0 0.779255 0.671099 0.007979 0.014184
0 0.815824 0.573582 0.019947 0.024823
0 0.900931 0.492908 0.009309 0.019504
0 0.897606 0.334220 0.005319 0.017730
0 0.609707 0.237589 0.014628 0.026596
0 0.571809 0.849291 0.007979 0.023050
0 0.642952 0.955674 0.006649 0.015957
0 0.609707 0.991135 0.006649 0.008865
0 0.488697 0.166667 0.011968 0.026596
0 0.484707 0.218972 0.011968 0.024823
0 0.608378 0.193262 0.014628 0.019504
0 0.434176 0.601950 0.009309 0.024823
0 0.634973 0.678191 0.011968 0.024823
0 0.605718 0.771277 0.022606 0.015957
0 0.661569 0.437943 0.025266 0.030142
0 0.682846 0.474291 0.027926 0.010638
2 0.451463 0.125000 0.017287 0.021277
2 0.761968 0.039894 0.018617 0.021277
2 0.567819 0.417553 0.023936 0.060284
2 0.598404 0.472518 0.013298 0.021277
2 0.366356 0.629433 0.011968 0.023050
2 0.438830 0.525709 0.010638 0.017730
2 0.152926 0.530142 0.010638 0.023050
2 0.158910 0.580674 0.030585 0.021277
2 0.178856 0.622340 0.011968 0.023050
2 0.188165 0.734043 0.022606 0.030142
2 0.019947 0.860816 0.037234 0.081560
2 0.296543 0.701241 0.074468 0.056738