2 0.383190 0.349914 0.041166 0.065180
2 0.694020 0.551458 0.011695 0.019492
2 0.821405 0.856858 0.010375 0.023239
2 0.884897 0.887844 0.017014 0.008853
1 0.068223 0.250347 0.011639 0.018786
2 0.615638 0.163359 0.023891 0.021237
2 0.061484 0.741077 0.015315 0.017153
1 0.857367 0.908928 0.009189 0.013069
1 0.561974 0.779466 0.015315 0.017153
1 0.582802 0.795802 0.012864 0.013885
1 0.767806 0.632525 0.010414 0.014702
1 0.624459 0.687250 0.009189 0.011435
1 0.612207 0.716654 0.010414 0.013069
2 0.907907 0.313485 0.014702 0.013069