0 0.212766 0.312057 0.010638 0.028369
0 0.301197 0.192671 0.009309 0.026005
0 0.352394 0.016548 0.013298 0.014184
0 0.713431 0.018913 0.019947 0.033097
0 0.727394 0.080378 0.018617 0.023641
0 0.698138 0.125296 0.010638 0.023641
1 0.819814 0.083924 0.009309 0.021277
1 0.783910 0.074468 0.009309 0.021277
1 0.803191 0.095745 0.007979 0.016548
1 0.878324 0.040189 0.009309 0.014184
0 0.744016 0.200946 0.014628 0.028369
0 0.805851 0.252955 0.013298 0.028369
0 0.791888 0.316785 0.006649 0.023641
0 0.538564 0.366430 0.015957 0.018913
0 0.400931 0.470449 0.009309 0.023641
0 0.369681 0.578014 0.013298 0.026005
0 0.388963 0.671395 0.017287 0.037825
0 0.414894 0.730496 0.010638 0.028369
0 0.633644 0.682033 0.011968 0.021277
0 0.646941 0.648936 0.019947 0.026005
0 0.620346 0.502364 0.017287 0.016548
0 0.809176 0.637116 0.009309 0.016548
0 0.863032 0.659574 0.013298 0.014184
0 0.793218 0.739953 0.009309 0.023641
0 0.738032 0.845154 0.010638 0.026005
0 0.855718 0.801418 0.011968 0.014184
0 0.797872 0.894799 0.013298 0.026005
0 0.763963 0.979905 0.014628 0.021277
0 0.764628 0.704492 0.005319 0.009456
0 0.458112 0.871158 0.014628 0.021277
0 0.176197 0.786052 0.009309 0.016548
0 0.521277 0.962175 0.010638 0.014184
0 0.207447 0.865248 0.010638 0.028369
1 0.057846 0.526005 0.009309 0.016548
1 0.598404 0.165485 0.018617 0.028369
1 0.528590 0.203310 0.009309 0.014184
1 0.541223 0.242317 0.007979 0.021277
1 0.902926 0.407801 0.007979 0.021277
1 0.847739 0.395981 0.009309 0.016548
1 0.823138 0.390071 0.007979 0.014184
1 0.507979 0.547281 0.010638 0.011820
1 0.541223 0.469267 0.005319 0.016548
1 0.283910 0.486998 0.003989 0.009456
1 0.345745 0.442080 0.007979 0.014184
1 0.196144 0.964539 0.011968 0.023641
1 0.492686 0.934988 0.009309 0.021277
1 0.463431 0.683215 0.009309 0.018913
1 0.730053 0.618203 0.007979 0.016548
1 0.842420 0.854610 0.009309 0.026005
1 0.821809 0.912530 0.010638 0.023641