0 0.509973 0.382979 0.009309 0.028369
0 0.573138 0.082742 0.010638 0.018913
0 0.389628 0.845154 0.013298 0.021277
0 0.508644 0.864066 0.011968 0.011820
0 0.490027 0.841608 0.006649 0.009456
0 0.530585 0.713948 0.010638 0.009456
0 0.604388 0.647754 0.006649 0.018913
0 0.761303 0.501182 0.006649 0.028369
0 0.656915 0.316785 0.005319 0.009456
0 0.781915 0.291962 0.007979 0.021277
0 0.593750 0.933806 0.009309 0.023641
0 0.617686 0.872340 0.006649 0.023641
0 0.768617 0.738771 0.021277 0.026005
0 0.263963 0.931442 0.003989 0.018913
2 0.831782 0.905437 0.009309 0.018913
2 0.700133 0.946809 0.009309 0.011820
0 0.890293 0.528369 0.011968 0.021277
0 0.305186 0.251773 0.003989 0.011820
0 0.592420 0.393617 0.009309 0.016548