0 0.724734 0.468972 0.015957 0.024823
0 0.818484 0.213652 0.011968 0.031915
0 0.740691 0.610816 0.021277 0.021277
0 0.859707 0.595745 0.011968 0.015957
2 0.706782 0.868794 0.019947 0.015957
2 0.868351 0.835106 0.007979 0.026596
2 0.596410 0.986259 0.009309 0.027482
2 0.757979 0.987145 0.013298 0.025709
2 0.851729 0.982270 0.019947 0.015957
0 0.413564 0.795213 0.007979 0.021277
0 0.383644 0.677305 0.006649 0.008865
0 0.402926 0.516844 0.013298 0.014184
2 0.194149 0.588652 0.023936 0.019504
2 0.222739 0.205674 0.014628 0.015957
2 0.310505 0.498227 0.014628 0.015957
1 0.667553 0.551418 0.010638 0.015957
1 0.851729 0.697695 0.006649 0.014184
1 0.953457 0.602837 0.015957 0.026596
1 0.880319 0.689716 0.010638 0.012411
1 0.605053 0.594858 0.005319 0.014184
1 0.603059 0.542553 0.006649 0.008865
1 0.216090 0.818262 0.011968 0.014184
1 0.293883 0.808511 0.015957 0.012411
1 0.135638 0.612589 0.010638 0.014184
1 0.022606 0.541667 0.023936 0.028369
1 0.232713 0.594858 0.010638 0.010638
1 0.228723 0.562943 0.005319 0.003546
1 0.426197 0.713652 0.009309 0.010638