2 0.853388 0.052316 0.021870 0.025729
2 0.899700 0.120069 0.011578 0.027444
2 0.891338 0.159520 0.020583 0.048027
1 0.805146 0.180961 0.010292 0.022298
2 0.747899 0.186106 0.019297 0.029160
0 0.669425 0.297599 0.021870 0.029160
0 0.180575 0.213551 0.024443 0.025729
0 0.092453 0.228988 0.020583 0.022298
2 0.361321 0.492281 0.020583 0.013722
2 0.244897 0.891938 0.011578 0.034305
1 0.206947 0.901372 0.010292 0.018868
1 0.068653 0.986278 0.016724 0.013722
0 0.891338 0.327616 0.020583 0.027444
2 0.703516 0.418525 0.018010 0.034305
1 0.791638 0.407376 0.016724 0.022298
1 0.944082 0.454545 0.012864 0.020583
0 0.943439 0.337907 0.024443 0.030875
2 0.807075 0.457118 0.014151 0.025729
1 0.745326 0.499142 0.014151 0.027444
1 0.805789 0.522298 0.016724 0.018868
2 0.682290 0.597770 0.016724 0.032590
2 0.566509 0.543739 0.016724 0.030875
2 0.504117 0.530875 0.020583 0.018868
1 0.494468 0.561750 0.011578 0.025729
0 0.456518 0.783019 0.025729 0.032590
2 0.805146 0.729846 0.012864 0.032590
2 0.923499 0.706690 0.018010 0.027444
2 0.747256 0.773585 0.020583 0.027444
2 0.816724 0.758148 0.012864 0.027444
3 0.845026 0.825043 0.020583 0.030875
2 0.928002 0.897084 0.019297 0.041166
2 0.868825 0.948542 0.014151 0.027444
2 0.627616 0.818182 0.012864 0.020583
0 0.596098 0.875643 0.019297 0.029160
0 0.661707 0.843911 0.021870 0.020583
1 0.702230 0.877358 0.018010 0.022298
1 0.671998 0.948542 0.014151 0.020583
2 0.625043 0.991424 0.018010 0.017152
2 0.518268 0.951115 0.010292 0.022298