0 0.354388 0.195922 0.022606 0.024823
0 0.673537 0.194149 0.017287 0.017730
0 0.712766 0.114362 0.013298 0.017730
0 0.733378 0.187943 0.014628 0.019504
0 0.855718 0.134752 0.011968 0.030142
0 0.478059 0.082447 0.009309 0.017730
0 0.434176 0.250887 0.009309 0.024823
0 0.634973 0.349291 0.009309 0.030142
0 0.689495 0.362589 0.017287 0.024823
0 0.734043 0.394504 0.023936 0.021277
0 0.722074 0.470745 0.010638 0.024823
0 0.591090 0.410461 0.014628 0.017730
0 0.452128 0.580674 0.010638 0.024823
0 0.454122 0.635638 0.017287 0.028369
0 0.513298 0.582447 0.021277 0.017730
0 0.488032 0.655142 0.021277 0.017730
0 0.626995 0.622340 0.017287 0.015957
0 0.755319 0.824468 0.023936 0.026596
0 0.833112 0.665780 0.014628 0.024823
0 0.816489 0.557624 0.015957 0.014184
0 0.945479 0.599291 0.015957 0.015957
0 0.669548 0.924645 0.022606 0.021277
0 0.484707 0.990248 0.019947 0.017730
0 0.083112 0.562057 0.014628 0.015957
0 0.378324 0.485816 0.011968 0.012411
2 0.269947 0.510638 0.007979 0.030142
2 0.251330 0.773936 0.013298 0.024823
2 0.555186 0.524823 0.009309 0.015957
1 0.724069 0.670213 0.017287 0.015957
1 0.729388 0.541667 0.011968 0.024823
1 0.589761 0.592199 0.011968 0.012411
1 0.573803 0.592199 0.009309 0.012411
1 0.720080 0.242908 0.006649 0.008865
1 0.516622 0.952128 0.009309 0.015957
1 0.336436 0.634752 0.007979 0.008865
1 0.374335 0.650709 0.009309 0.008865
1 0.317154 0.647163 0.009309 0.008865
1 0.378324 0.723404 0.009309 0.008865
1 0.537234 0.690603 0.010638 0.014184