1 0.368579 0.425476 0.014219 0.026180
1 0.498240 0.441726 0.014896 0.018958
1 0.651936 0.447594 0.016250 0.021667
1 0.660061 0.371310 0.016250 0.020764
1 0.604338 0.238422 0.016656 0.025819
1 0.652614 0.231380 0.013542 0.020764
1 0.671910 0.573982 0.014219 0.023472
1 0.806107 0.821071 0.012864 0.031597
1 0.962512 0.157534 0.015573 0.018958
2 0.669676 0.753363 0.020312 0.011736
2 0.628374 0.634648 0.008125 0.021667
2 0.614833 0.689266 0.013542 0.015347
2 0.362824 0.764647 0.009479 0.021667
1 0.301210 0.972736 0.010833 0.017153
1 0.034102 0.727182 0.010156 0.015347
2 0.263293 0.574614 0.010833 0.020764
2 0.598380 0.263970 0.014219 0.012639
2 0.454636 0.103728 0.012187 0.024375