2 0.885638 0.706560 0.010638 0.046099
2 0.460771 0.437943 0.022606 0.030142
1 0.543883 0.370567 0.013298 0.023050
1 0.604388 0.287234 0.011968 0.012411
1 0.559840 0.614362 0.015957 0.021277
1 0.577128 0.553191 0.018617 0.015957
1 0.563830 0.497340 0.013298 0.031915
1 0.580452 0.424645 0.014628 0.017730
1 0.609707 0.444149 0.009309 0.028369
1 0.628989 0.313830 0.007979 0.015957
1 0.614362 0.338652 0.007979 0.012411
1 0.643617 0.327128 0.007979 0.028369
1 0.777926 0.272163 0.015957 0.024823
1 0.797207 0.372340 0.019947 0.019504
1 0.601064 0.633865 0.010638 0.031915
1 0.651596 0.553191 0.026596 0.015957
1 0.541223 0.673759 0.021277 0.023050
1 0.563830 0.726950 0.015957 0.012411
1 0.587101 0.768617 0.022606 0.010638
1 0.458777 0.713652 0.010638 0.017730
1 0.115027 0.433511 0.019947 0.017730
1 0.799867 0.049645 0.011968 0.015957
1 0.575798 0.869681 0.013298 0.014184
1 0.783910 0.883865 0.009309 0.010638