1 0.613671 0.568233 0.032419 0.026072
1 0.600292 0.661955 0.023156 0.021955
1 0.544717 0.573105 0.021098 0.017153
1 0.532110 0.721304 0.013379 0.029503
1 0.417873 0.907101 0.016467 0.025386
1 0.670995 0.968988 0.014923 0.026758
2 0.699297 0.914443 0.015952 0.023328
1 0.615575 0.207204 0.011321 0.023328
1 0.671664 0.106346 0.018525 0.023328
1 0.602967 0.114237 0.022127 0.015780
1 0.800772 0.229160 0.018010 0.015094
1 0.275386 0.631424 0.013894 0.024014
1 0.301630 0.741544 0.012864 0.013722
1 0.221870 0.718216 0.009777 0.016467
1 0.082779 0.451732 0.012350 0.012350
1 0.282024 0.398216 0.016467 0.016467
1 0.359314 0.429297 0.015437 0.017153
1 0.366518 0.442676 0.013379 0.019211
1 0.457856 0.573585 0.015952 0.013722
1 0.565660 0.653859 0.012350 0.013722
1 0.486158 0.703259 0.009777 0.013722
1 0.464803 0.781132 0.010292 0.014408
2 0.470720 0.546141 0.009777 0.038422
2 0.688902 0.626003 0.024185 0.021955
2 0.634100 0.762127 0.011321 0.021955
2 0.744837 0.820309 0.018525 0.023328
2 0.822024 0.764734 0.011321 0.019211
2 0.766964 0.625729 0.016467 0.015094
2 0.722710 0.163293 0.022642 0.015094
2 0.659417 0.205489 0.012350 0.014408
2 0.751218 0.350738 0.010292 0.026072
2 0.384837 0.340446 0.021612 0.019211
2 0.213482 0.396158 0.018525 0.038422
2 0.150446 0.505317 0.014923 0.013036
2 0.506895 0.648027 0.011321 0.025386
2 0.868645 0.898525 0.016467 0.028816
2 0.661578 0.584151 0.016467 0.020583
2 0.051389 0.232247 0.011321 0.015780
2 0.182093 0.119726 0.014408 0.014408
2 0.029520 0.846381 0.014923 0.016467
2 0.483070 0.932281 0.022127 0.024700
2 0.394820 0.946690 0.016467 0.016467
2 0.434957 0.707581 0.008233 0.021269
1 0.619125 0.786141 0.011835 0.015094
1 0.786518 0.676775 0.010292 0.013722
1 0.656021 0.520755 0.010292 0.016467
1 0.616913 0.468954 0.009262 0.015780
1 0.420034 0.731595 0.009262 0.015780
1 0.202624 0.603705 0.016981 0.013036
1 0.223465 0.476775 0.009262 0.015780
1 0.160686 0.452762 0.011321 0.018525
1 0.648250 0.286724 0.013894 0.015780
1 0.845849 0.276432 0.007719 0.013036
1 0.959057 0.109434 0.011835 0.015780
1 0.959160 0.447136 0.019039 0.018525
1 0.840549 0.646106 0.011321 0.022642
1 0.765420 0.763019 0.013379 0.017153
1 0.656741 0.637050 0.008233 0.013036
1 0.545849 0.669640 0.008748 0.012350
1 0.352727 0.780858 0.009262 0.014408
1 0.310017 0.790806 0.008233 0.010978
1 0.304614 0.847067 0.008748 0.013722
1 0.428885 0.845009 0.012350 0.012350
1 0.223053 0.771252 0.010292 0.011664
1 0.198096 0.737290 0.009777 0.013722
1 0.227684 0.911561 0.008233 0.010978
1 0.374854 0.955472 0.006175 0.009605
1 0.026175 0.937907 0.020583 0.019211
1 0.031578 0.730360 0.012864 0.010292
1 0.043928 0.683362 0.005660 0.006861