0 0.234043 0.421099 0.021277 0.031915
0 0.337101 0.386525 0.014628 0.030142
0 0.319814 0.811170 0.011968 0.028369
0 0.691489 0.894504 0.029255 0.021277
0 0.666888 0.876773 0.009309 0.035461
0 0.579787 0.343972 0.013298 0.015957
0 0.603723 0.368794 0.015957 0.030142
0 0.546543 0.386525 0.015957 0.023050
0 0.570479 0.438830 0.010638 0.014184
0 0.598404 0.420213 0.010638 0.012411
0 0.580452 0.463652 0.017287 0.010638
0 0.568484 0.399823 0.006649 0.017730
0 0.704787 0.238475 0.013298 0.031915
2 0.884973 0.576241 0.011968 0.030142
2 0.764628 0.750000 0.018617 0.030142
2 0.803191 0.769504 0.013298 0.015957
2 0.795878 0.732270 0.003989 0.023050
2 0.816489 0.693262 0.007979 0.019504
2 0.849069 0.833333 0.014628 0.023050
2 0.959441 0.685284 0.027926 0.014184
2 0.863697 0.694149 0.014628 0.017730
2 0.902926 0.671986 0.010638 0.019504
2 0.908245 0.706560 0.010638 0.014184
2 0.599069 0.790780 0.014628 0.023050
2 0.628324 0.806738 0.025266 0.026596
2 0.619681 0.667553 0.013298 0.010638
2 0.620346 0.704787 0.009309 0.024823
2 0.653590 0.700355 0.009309 0.019504
2 0.670878 0.733156 0.011968 0.010638
2 0.632979 0.744681 0.010638 0.023050
2 0.636303 0.214539 0.011968 0.030142
2 0.577128 0.194149 0.010638 0.010638
2 0.452793 0.577128 0.014628 0.021277
2 0.807181 0.905142 0.013298 0.031915
2 0.741356 0.790780 0.017287 0.023050
2 0.734707 0.705674 0.025266 0.023050
2 0.926197 0.552305 0.011968 0.017730
2 0.912899 0.843972 0.038564 0.037234
2 0.932181 0.726950 0.005319 0.015957
2 0.215426 0.750000 0.010638 0.030142
2 0.114362 0.526596 0.015957 0.019504
2 0.170213 0.553191 0.021277 0.026596
2 0.202128 0.484929 0.015957 0.014184
2 0.116356 0.627660 0.011968 0.015957
2 0.270612 0.684397 0.017287 0.008865
2 0.256649 0.583333 0.018617 0.019504
2 0.424867 0.678191 0.022606 0.017730
2 0.456117 0.757092 0.018617 0.033688
2 0.758644 0.501773 0.009309 0.019504
2 0.947473 0.526596 0.009309 0.026596
2 0.350399 0.863475 0.011968 0.023050
2 0.279255 0.888298 0.015957 0.037234
2 0.553856 0.653369 0.009309 0.014184
2 0.646941 0.585106 0.025266 0.030142