2 0.307181 0.716312 0.029255 0.047872
2 0.668883 0.615248 0.010638 0.037234
0 0.432181 0.140957 0.015957 0.014184
0 0.343085 0.391844 0.021277 0.019504
0 0.369681 0.384752 0.018617 0.005319
0 0.378989 0.394504 0.013298 0.035461
0 0.505319 0.463652 0.015957 0.017730
0 0.486702 0.487589 0.010638 0.019504
0 0.585106 0.492908 0.018617 0.023050
0 0.166223 0.802305 0.013298 0.024823
0 0.039894 0.305851 0.013298 0.017730
0 0.065160 0.267730 0.015957 0.023050
0 0.229388 0.062057 0.014628 0.023050
0 0.822473 0.042553 0.014628 0.019504
0 0.991356 0.104610 0.014628 0.026596
0 0.974734 0.376773 0.013298 0.021277
0 0.912899 0.460106 0.011968 0.017730
0 0.618351 0.687057 0.007979 0.028369
0 0.563830 0.932624 0.023936 0.015957
0 0.750000 0.814716 0.013298 0.021277
0 0.304521 0.778369 0.015957 0.023050
0 0.336436 0.438830 0.018617 0.017730
1 0.446144 0.384752 0.017287 0.015957
1 0.449468 0.408688 0.015957 0.024823
1 0.618351 0.246454 0.010638 0.012411
1 0.695479 0.279255 0.015957 0.017730
1 0.516622 0.098404 0.006649 0.014184
1 0.617686 0.538121 0.014628 0.017730
1 0.399601 0.510638 0.006649 0.015957
1 0.387633 0.692376 0.009309 0.014184
1 0.398936 0.601950 0.013298 0.014184
1 0.539894 0.588652 0.007979 0.008865
1 0.325798 0.937943 0.018617 0.033688
1 0.174867 0.867021 0.009309 0.015957
1 0.206117 0.890957 0.007979 0.014184