0 0.717420 0.388889 0.014628 0.044917
0 0.442154 0.034279 0.009309 0.021277
0 0.581782 0.352246 0.011968 0.023641
0 0.634309 0.258865 0.013298 0.021277
0 0.573138 0.156028 0.013298 0.018913
0 0.690824 0.069740 0.011968 0.026005
0 0.777926 0.263593 0.007979 0.021277
0 0.595080 0.426714 0.011968 0.021277
0 0.178856 0.912530 0.014628 0.014184
0 0.017952 0.231678 0.009309 0.018913
0 0.229388 0.131206 0.009309 0.016548
0 0.246676 0.167849 0.014628 0.014184
0 0.303191 0.135934 0.013298 0.011820
0 0.265293 0.196217 0.011968 0.018913
0 0.204122 0.171395 0.014628 0.011820
0 0.380984 0.160757 0.006649 0.023641
0 0.506649 0.345154 0.013298 0.028369
0 0.475399 0.436170 0.011968 0.021277
0 0.398271 0.362884 0.014628 0.021277
0 0.279255 0.387707 0.010638 0.028369
0 0.309840 0.306147 0.007979 0.021277
0 0.361037 0.815603 0.006649 0.023641
0 0.462766 0.790780 0.010638 0.021277
0 0.519947 0.743499 0.010638 0.016548
0 0.527926 0.847518 0.010638 0.016548
0 0.594415 0.899527 0.013298 0.021277
0 0.712766 0.703310 0.010638 0.035461
0 0.641622 0.732861 0.011968 0.018913
0 0.496011 0.550827 0.018617 0.014184
0 0.471410 0.543735 0.009309 0.023641
0 0.481383 0.505910 0.010638 0.028369
0 0.611037 0.369976 0.006649 0.026005
0 0.706782 0.319149 0.011968 0.028369
0 0.760638 0.843972 0.010638 0.018913
0 0.802527 0.854610 0.017287 0.016548
0 0.823803 0.544917 0.017287 0.021277
0 0.736702 0.711584 0.013298 0.023641
0 0.279255 0.816785 0.005319 0.021277
1 0.131649 0.314421 0.007979 0.018913
0 0.556516 0.088652 0.006649 0.026005
1 0.424867 0.239953 0.003989 0.011820
1 0.617021 0.115839 0.007979 0.014184
1 0.783245 0.096927 0.007979 0.018913
1 0.853059 0.187943 0.011968 0.011820
1 0.908910 0.094563 0.009309 0.009456
1 0.872340 0.213948 0.010638 0.021277
1 0.853059 0.296690 0.006649 0.016548
1 0.763963 0.353428 0.009309 0.011820
1 0.641622 0.379433 0.011968 0.016548
0 0.632314 0.516548 0.009309 0.026005
1 0.868351 0.601655 0.007979 0.021277
1 0.920213 0.669031 0.010638 0.028369
1 0.808511 0.613475 0.015957 0.026005
1 0.644282 0.606383 0.009309 0.007092
1 0.545878 0.724586 0.009309 0.021277
1 0.410904 0.600473 0.005319 0.009456
1 0.400931 0.628842 0.009309 0.014184
1 0.418883 0.648936 0.015957 0.007092
1 0.300532 0.691489 0.005319 0.016548
1 0.352394 0.770686 0.015957 0.028369
1 0.527926 0.797872 0.007979 0.011820
1 0.563830 0.788416 0.005319 0.011820
1 0.623005 0.756501 0.006649 0.018913
1 0.721410 0.617021 0.011968 0.023641
1 0.728059 0.546099 0.006649 0.014184
1 0.789894 0.936170 0.010638 0.018913
1 0.459441 0.952719 0.006649 0.009456