0 0.845669 0.694683 0.052744 0.051458
1 0.892624 0.114065 0.023156 0.022298
2 0.764623 0.094340 0.037307 0.024014
1 0.879386 0.463200 0.024559 0.031966
1 0.906869 0.372758 0.015203 0.022610
1 0.890204 0.371979 0.011110 0.025729
1 0.753664 0.431857 0.014034 0.021051
1 0.729105 0.454467 0.016373 0.021051
1 0.800737 0.615469 0.012280 0.031187
1 0.855119 0.738266 0.018127 0.021051
1 0.880263 0.774521 0.014619 0.021831
1 0.947217 0.977234 0.015203 0.023390
1 0.892250 0.974895 0.014034 0.029627
1 0.689634 0.957352 0.020466 0.021051
1 0.568884 0.930064 0.014034 0.035085
1 0.419597 0.897708 0.030992 0.021831
1 0.320189 0.829487 0.013449 0.035085
1 0.452051 0.747622 0.017542 0.027288
1 0.465207 0.776860 0.013449 0.029627
1 0.621628 0.680961 0.022220 0.031187
1 0.367437 0.575316 0.018127 0.025729
1 0.588297 0.815453 0.011695 0.028848
1 0.700862 0.773351 0.009941 0.028848
1 0.659929 0.632777 0.015788 0.020271
1 0.624961 0.243880 0.020466 0.020271
1 0.607711 0.204896 0.018712 0.018712
1 0.611453 0.014814 0.014034 0.018712
1 0.145525 0.243022 0.028068 0.021051
2 0.610225 0.765710 0.036839 0.035085
2 0.712147 0.912911 0.017542 0.016373
2 0.938445 0.905115 0.018712 0.014814
2 0.754717 0.682520 0.011695 0.042102
2 0.646187 0.409403 0.012864 0.022610
2 0.620751 0.494776 0.019297 0.015593
2 0.584496 0.473725 0.019297 0.015593
2 0.471055 0.318572 0.035670 0.035865
2 0.269784 0.133323 0.008771 0.026509
2 0.063367 0.366365 0.020466 0.013254
2 0.655602 0.574536 0.009941 0.022610
1 0.502514 0.897708 0.014619 0.014034
1 0.481756 0.907843 0.011695 0.017153
1 0.941954 0.930376 0.011695 0.016373
1 0.991365 0.354358 0.014619 0.016373
1 0.288204 0.919928 0.009356 0.016373
1 0.466260 0.993295 0.014619 0.013410
1 0.557598 0.637689 0.011110 0.013254
2 0.644550 0.652893 0.007017 0.020271
2 0.793077 0.433261 0.008186 0.022610
1 0.264229 0.263683 0.014034 0.018712
1 0.419889 0.232574 0.017542 0.016373