1 0.615313 0.389287 0.017542 0.044441
1 0.601863 0.412288 0.010525 0.021831
1 0.620575 0.305161 0.017542 0.017153
1 0.697178 0.350382 0.017542 0.017153
1 0.785065 0.261578 0.016958 0.019492
1 0.815180 0.186730 0.016373 0.027288
1 0.720743 0.162950 0.023975 0.015593
1 0.549762 0.188289 0.018127 0.016373
0 0.669168 0.607984 0.014619 0.042102
1 0.706884 0.558865 0.018712 0.032746
0 0.732398 0.665441 0.023891 0.043290
0 0.851854 0.537613 0.017765 0.044107
0 0.640815 0.709957 0.031855 0.022870
0 0.706057 0.987544 0.021441 0.024912
0 0.948338 0.746386 0.025729 0.022870
1 0.723699 0.914808 0.020216 0.026137
1 0.812526 0.791064 0.025116 0.023687
1 0.677142 0.782080 0.015315 0.030221
1 0.666115 0.690599 0.012864 0.030221
1 0.645900 0.929511 0.018990 0.021237
1 0.444724 0.582374 0.015315 0.021237
1 0.408887 0.634240 0.011027 0.025321
1 0.460038 0.525606 0.009189 0.017153
1 0.387568 0.704566 0.014702 0.017969
1 0.384199 0.811566 0.014090 0.017969
1 0.649698 0.606142 0.018990 0.015519
1 0.281406 0.031038 0.016540 0.021237
1 0.909132 0.086988 0.014702 0.018786
1 0.982643 0.063301 0.009802 0.041656
1 0.539002 0.775382 0.015927 0.022053
1 0.332925 0.703749 0.014702 0.017969
1 0.257147 0.811974 0.011639 0.017153
2 0.336172 0.240137 0.012864 0.017969
2 0.411827 0.173160 0.015927 0.024504
2 0.437556 0.230336 0.011027 0.014702
2 0.434493 0.247897 0.012252 0.010618
2 0.519583 0.346484 0.010414 0.022870
2 0.556951 0.427346 0.011639 0.019603
2 0.590460 0.515723 0.015927 0.019603
2 0.778343 0.599363 0.012864 0.022870
2 0.790288 0.607531 0.011027 0.011435
2 0.666544 0.563016 0.014702 0.015519
2 0.892898 0.702279 0.011639 0.019603
2 0.780793 0.679409 0.007964 0.021237
2 0.908519 0.765580 0.011027 0.022053
2 0.789063 0.735359 0.014702 0.013885
2 0.755983 0.787225 0.017153 0.013069
2 0.727804 0.805195 0.009802 0.026137
2 0.751082 0.825206 0.007351 0.028588
2 0.770073 0.935882 0.012252 0.022870
2 0.690742 0.979989 0.014090 0.014702
2 0.653986 0.962836 0.011639 0.021237
2 0.639896 0.835008 0.007964 0.023687
2 0.628870 0.789676 0.017765 0.017969
2 0.581700 0.806420 0.026342 0.020420
2 0.605285 0.835416 0.011027 0.022870
2 0.631014 0.867271 0.011027 0.022870
2 0.640815 0.906477 0.017153 0.013069
2 0.702075 0.838275 0.007351 0.022053
2 0.617230 0.908928 0.014090 0.017969
2 0.606510 0.939557 0.013477 0.013885
2 0.604059 0.952626 0.015927 0.017153
2 0.593952 0.932206 0.007964 0.020420
2 0.603447 0.885241 0.006126 0.019603
2 0.579249 0.950176 0.012864 0.020420
2 0.420587 0.880340 0.010414 0.022870
2 0.412011 0.891366 0.005513 0.025321
2 0.492261 0.845218 0.018990 0.008168
2 0.484910 0.806828 0.015315 0.017969
2 0.502675 0.814996 0.011639 0.035939
2 0.543413 0.984073 0.014702 0.014702
2 0.334824 0.935065 0.011639 0.014702
2 0.347688 0.929756 0.010414 0.012252
2 0.340337 0.797844 0.015315 0.011435
2 0.572511 0.741485 0.017765 0.024504
2 0.186576 0.042392 0.012864 0.017153
2 0.128441 0.709222 0.033080 0.026954
2 0.093217 0.834191 0.012864 0.023687
2 0.265968 0.885649 0.023891 0.018786
2 0.283734 0.843992 0.027567 0.028588
2 0.291085 0.600996 0.015315 0.021237
1 0.214633 0.819897 0.011639 0.019603
1 0.122437 0.963244 0.011027 0.018786
1 0.505554 0.778812 0.022053 0.017153
1 0.252859 0.712652 0.012864 0.015519
1 0.256841 0.656293 0.008576 0.013885
1 0.200482 0.648942 0.009802 0.015519
1 0.188536 0.646492 0.010414 0.017153
1 0.282570 0.927060 0.011027 0.016336
1 0.600506 0.905415 0.013477 0.017153
1 0.582741 0.994160 0.014702 0.011680
1 0.556645 0.933023 0.008576 0.013885
1 0.559095 0.921179 0.011027 0.013069
1 0.726946 0.974679 0.011027 0.013885
1 0.823859 0.686678 0.009802 0.015519
1 0.835192 0.642980 0.009189 0.014702
1 0.176652 0.862779 0.014090 0.018786
1 0.631626 0.232786 0.008576 0.009802
1 0.707465 0.475129 0.012252 0.017153
1 0.250898 0.799886 0.010414 0.012252