0 0.577937 0.305729 0.014966 0.043911
0 0.626844 0.329331 0.029331 0.030875
1 0.690874 0.541419 0.014378 0.024216
1 0.735143 0.706891 0.018162 0.026233
1 0.786979 0.648875 0.015891 0.021189
1 0.899279 0.790536 0.018918 0.015135
1 0.875441 0.923721 0.018162 0.015135
1 0.604152 0.170518 0.015891 0.024216
1 0.507345 0.253638 0.017844 0.019919
1 0.664326 0.737564 0.016617 0.018582
1 0.982722 0.688751 0.012328 0.020726
1 0.601183 0.780803 0.016617 0.023585
2 0.928048 0.669883 0.019833 0.025014
2 0.873106 0.597341 0.012864 0.017153
2 0.817896 0.787450 0.012864 0.027158
2 0.857561 0.804245 0.012864 0.019297
2 0.854613 0.851915 0.008040 0.027158
2 0.863458 0.876215 0.018225 0.015723
2 0.873374 0.842624 0.009112 0.022870
2 0.879538 0.834048 0.008576 0.022870
2 0.572131 0.951258 0.015545 0.017153
2 0.680675 0.841195 0.013937 0.022870
2 0.576419 0.863136 0.008040 0.019297
2 0.501644 0.931747 0.009648 0.020726
2 0.770458 0.860277 0.013401 0.013579
2 0.344536 0.500286 0.012328 0.018582
2 0.771530 0.028230 0.010184 0.022156
2 0.465287 0.626415 0.008362 0.024014
2 0.400322 0.704031 0.010935 0.014580
2 0.409648 0.695455 0.007719 0.014580
2 0.284863 0.572813 0.009005 0.018010
2 0.193525 0.610549 0.011578 0.016295
2 0.111514 0.938165 0.014794 0.030017
2 0.925708 0.918868 0.010935 0.022298
2 0.938250 0.915866 0.009005 0.023156
2 0.167153 0.467581 0.009005 0.015437
3 0.256046 0.399057 0.012864 0.014580
3 0.709327 0.970069 0.009648 0.018010
3 0.932461 0.241852 0.010292 0.018868
3 0.531089 0.985506 0.018010 0.014580