2 0.497340 0.411348 0.015957 0.047872
2 0.495346 0.500000 0.022606 0.019504
2 0.534574 0.308511 0.010638 0.015957
0 0.621676 0.126773 0.019947 0.021277
0 0.732048 0.096631 0.009309 0.021277
0 0.751995 0.325355 0.019947 0.010638
0 0.937500 0.308511 0.018617 0.008865
0 0.918883 0.714539 0.010638 0.019504
0 0.934176 0.642730 0.011968 0.021277
2 0.689495 0.437943 0.019947 0.030142
2 0.698803 0.361702 0.014628 0.030142
2 0.882314 0.186170 0.006649 0.019504
0 0.558511 0.093972 0.010638 0.023050
0 0.533245 0.198582 0.018617 0.012411
0 0.250665 0.108156 0.009309 0.012411
0 0.620346 0.354610 0.030585 0.023050
0 0.988697 0.257092 0.014628 0.015957
1 0.529255 0.219858 0.010638 0.012411
0 0.589761 0.781915 0.014628 0.023050
2 0.626330 0.872340 0.015957 0.026596
2 0.958112 0.804078 0.017287 0.024823
2 0.603059 0.607270 0.017287 0.028369
2 0.573803 0.569149 0.011968 0.026596
2 0.595080 0.449468 0.014628 0.031915
2 0.569814 0.399823 0.014628 0.028369
2 0.561835 0.359929 0.011968 0.012411
2 0.617021 0.309397 0.013298 0.024823
2 0.754654 0.257979 0.014628 0.010638
2 0.810505 0.248227 0.006649 0.008865
2 0.349069 0.411348 0.017287 0.026596
2 0.244016 0.275709 0.019947 0.024823
2 0.365691 0.471631 0.015957 0.019504
1 0.442154 0.421986 0.009309 0.012411
1 0.406915 0.422872 0.010638 0.014184
1 0.530585 0.492021 0.005319 0.007092
1 0.453457 0.554965 0.010638 0.008865
1 0.272606 0.749113 0.007979 0.014184
1 0.242686 0.732270 0.009309 0.019504
1 0.283245 0.687057 0.010638 0.010638
1 0.284574 0.609929 0.010638 0.008865
1 0.200798 0.438830 0.015957 0.014184
1 0.138298 0.411348 0.010638 0.008865
1 0.760638 0.476064 0.010638 0.010638
1 0.625665 0.563830 0.014628 0.012411
1 0.675532 0.578901 0.005319 0.007092
1 0.537899 0.700355 0.006649 0.012411
1 0.540559 0.725177 0.009309 0.008865
1 0.449468 0.713652 0.007979 0.010638
1 0.426197 0.756206 0.009309 0.021277
1 0.227394 0.638298 0.015957 0.015957
1 0.130984 0.512411 0.014628 0.026596
1 0.140957 0.452128 0.010638 0.019504
1 0.223404 0.484929 0.013298 0.021277
1 0.202793 0.509752 0.009309 0.014184
1 0.240691 0.508865 0.010638 0.019504
2 0.224069 0.565603 0.009309 0.033688
2 0.642287 0.803191 0.023936 0.019504
2 0.493351 0.584220 0.026596 0.031915
2 0.533245 0.565603 0.023936 0.023050
2 0.634973 0.466312 0.025266 0.023050
2 0.634309 0.500000 0.015957 0.026596
2 0.228059 0.355496 0.017287 0.017730
2 0.251330 0.554078 0.021277 0.017730
2 0.416223 0.662234 0.018617 0.028369
2 0.351064 0.620567 0.013298 0.019504
2 0.302527 0.634752 0.017287 0.019504
2 0.478723 0.407801 0.010638 0.033688
2 0.585106 0.532801 0.021277 0.014184