1 0.969415 0.601064 0.010638 0.015957
1 0.963431 0.522163 0.009309 0.017730
1 0.734707 0.946809 0.006649 0.015957
1 0.946144 0.742908 0.009309 0.012411
1 0.425532 0.343972 0.007979 0.008865
1 0.390293 0.628546 0.011968 0.010638
1 0.348404 0.632092 0.010638 0.014184
1 0.324468 0.674645 0.007979 0.010638
1 0.181516 0.661348 0.014628 0.008865
1 0.174202 0.684397 0.013298 0.008865
1 0.031250 0.828014 0.009309 0.019504
1 0.218085 0.869681 0.015957 0.014184
1 0.246676 0.819149 0.006649 0.008865
1 0.351064 0.771277 0.007979 0.001773
1 0.596410 0.476064 0.009309 0.021277
1 0.624335 0.359929 0.009309 0.012411
1 0.863032 0.413121 0.010638 0.012411
1 0.665559 0.620567 0.014628 0.023050
1 0.558511 0.085106 0.010638 0.015957
1 0.319814 0.179965 0.011968 0.014184
1 0.092420 0.382092 0.006649 0.007092
1 0.162234 0.615248 0.010638 0.008865
1 0.133644 0.546986 0.009309 0.003546