1 0.803191 0.747045 0.021277 0.018913
1 0.311170 0.745863 0.010638 0.021277
1 0.326463 0.479905 0.011968 0.009456
1 0.369681 0.529551 0.010638 0.014184
1 0.395612 0.476359 0.006649 0.011820
1 0.473404 0.340426 0.007979 0.023641
1 0.448803 0.417258 0.006649 0.011820
1 0.508644 0.326241 0.011968 0.009456
1 0.720080 0.065012 0.003989 0.021277
1 0.749335 0.158392 0.003989 0.018913
1 0.793218 0.148936 0.006649 0.018913
1 0.611702 0.639480 0.010638 0.016548
2 0.499335 0.678487 0.014628 0.023641
1 0.539229 0.549645 0.009309 0.016548
1 0.791888 0.522459 0.006649 0.018913
1 0.684176 0.495272 0.003989 0.011820
0 0.299202 0.977541 0.018617 0.016548
1 0.143617 0.976359 0.010638 0.014184
2 0.809840 0.107565 0.010638 0.016548