0 0.733378 0.169326 0.033245 0.046099
0 0.352394 0.261525 0.013298 0.014184
0 0.073138 0.602837 0.007979 0.019504
0 0.597739 0.753546 0.022606 0.026596
0 0.359707 0.979610 0.014628 0.021277
0 0.452128 0.976950 0.015957 0.019504
1 0.215426 0.508865 0.010638 0.023050
1 0.269947 0.554078 0.007979 0.014184
2 0.311170 0.601064 0.010638 0.030142
2 0.880319 0.487589 0.013298 0.026596
2 0.893617 0.312057 0.021277 0.019504
2 0.838431 0.221631 0.014628 0.019504
2 0.817154 0.175532 0.019947 0.019504
2 0.934176 0.420213 0.017287 0.023050
2 0.589096 0.286348 0.010638 0.028369
2 0.537234 0.813830 0.010638 0.033688
2 0.766622 0.362589 0.014628 0.021277
2 0.280585 0.869681 0.018617 0.028369
1 0.058511 0.781028 0.015957 0.021277
1 0.006649 0.835106 0.013298 0.033688
1 0.188165 0.867908 0.009309 0.014184
1 0.289894 0.806738 0.010638 0.012411
1 0.436835 0.716312 0.011968 0.015957
1 0.355053 0.665780 0.013298 0.021277
1 0.333112 0.667553 0.011968 0.014184
1 0.429521 0.611702 0.007979 0.019504
1 0.531915 0.710106 0.007979 0.014184
1 0.684176 0.504433 0.009309 0.017730
1 0.900931 0.639184 0.009309 0.021277
1 0.871011 0.742021 0.010638 0.014184
1 0.809176 0.687943 0.011968 0.012411
1 0.915559 0.744681 0.009309 0.015957
1 0.934840 0.765957 0.005319 0.008865
1 0.589761 0.445922 0.009309 0.010638
1 0.592420 0.475177 0.006649 0.023050
1 0.579122 0.218085 0.017287 0.012411
1 0.535239 0.148050 0.009309 0.014184
1 0.515293 0.256206 0.009309 0.014184
1 0.335106 0.393617 0.013298 0.019504
1 0.290559 0.364362 0.006649 0.017730
1 0.178856 0.531028 0.011968 0.024823
1 0.107713 0.594858 0.010638 0.014184
1 0.136303 0.617908 0.006649 0.007092
1 0.343750 0.474291 0.006649 0.010638
1 0.357713 0.433511 0.007979 0.010638
1 0.383644 0.395390 0.009309 0.008865
1 0.408910 0.513298 0.006649 0.017730
1 0.437500 0.525709 0.007979 0.010638
1 0.613032 0.532801 0.005319 0.010638
1 0.666223 0.236702 0.010638 0.014184
1 0.592420 0.325355 0.011968 0.021277
1 0.551197 0.290780 0.006649 0.008865
1 0.534574 0.332447 0.005319 0.014184
1 0.636968 0.637411 0.018617 0.031915
1 0.686835 0.616135 0.014628 0.014184
1 0.550532 0.587766 0.013298 0.017730
1 0.733378 0.552305 0.006649 0.021277
1 0.527926 0.904255 0.007979 0.012411
1 0.498005 0.908688 0.009309 0.017730
3 0.598404 0.868794 0.013298 0.015957
3 0.617021 0.960993 0.007979 0.008865
3 0.843750 0.967199 0.009309 0.010638