0 0.697281 0.505827 0.014567 0.037458
0 0.742196 0.461894 0.019770 0.012486
0 0.774660 0.523400 0.025319 0.015261
2 0.619589 0.644284 0.011792 0.024510
0 0.530383 0.694691 0.012486 0.028209
0 0.553378 0.731687 0.018382 0.012486
1 0.520429 0.732334 0.010058 0.011561
1 0.510197 0.672910 0.006937 0.010174
0 0.679696 0.857612 0.039886 0.034221
1 0.780348 0.787042 0.010058 0.020348
1 0.913707 0.533158 0.011099 0.012024
1 0.837056 0.330836 0.011099 0.021735
1 0.580327 0.244821 0.012486 0.020810
1 0.723606 0.183176 0.021851 0.013873
2 0.531805 0.139290 0.019076 0.009711
1 0.736612 0.087264 0.010405 0.017573
2 0.654663 0.498629 0.011188 0.010885
2 0.794055 0.568981 0.006350 0.011289
2 0.664641 0.351919 0.006955 0.012095
2 0.665094 0.448476 0.009071 0.008466
2 0.637881 0.539590 0.008466 0.010079
1 0.261278 0.898000 0.013002 0.010079