0 0.704035 0.463367 0.031855 0.046557
0 0.699763 0.710738 0.034986 0.023739
0 0.971314 0.647287 0.026406 0.032500
0 0.942877 0.343234 0.022344 0.025278
2 0.324657 0.595197 0.021870 0.041166
1 0.849528 0.472556 0.016724 0.015437
1 0.296807 0.033975 0.014844 0.013854
1 0.358903 0.162291 0.015338 0.014514
1 0.362218 0.291595 0.011875 0.014514
3 0.529456 0.260588 0.017812 0.021111
1 0.614065 0.352487 0.018802 0.016493
1 0.700172 0.277461 0.011321 0.017839
1 0.759348 0.301818 0.017496 0.013036
1 0.800515 0.183808 0.010292 0.017153
1 0.750086 0.148473 0.009262 0.012350
1 0.724099 0.384151 0.011835 0.022642
1 0.745712 0.347787 0.008748 0.014408
1 0.769125 0.403362 0.009262 0.024014
1 0.644340 0.468199 0.012864 0.013722
1 0.781990 0.539211 0.014408 0.010292
1 0.923499 0.539211 0.009262 0.022642
1 0.877187 0.457564 0.009262 0.014408
1 0.937136 0.461681 0.005660 0.011664
1 0.803345 0.537221 0.008748 0.012350
1 0.803602 0.655575 0.008233 0.013036
1 0.882847 0.721098 0.010292 0.021955
1 0.827530 0.806861 0.012864 0.012350
1 0.609708 0.677324 0.012350 0.021955
1 0.534065 0.686792 0.019554 0.013722
1 0.625918 0.862436 0.019039 0.019211
1 0.669142 0.890909 0.016981 0.013036
1 0.683551 0.932075 0.008748 0.010292
1 0.572659 0.854545 0.010292 0.024014
1 0.428731 0.916638 0.007719 0.017839
1 0.451887 0.525557 0.020069 0.021955
1 0.206535 0.700858 0.007719 0.007547
1 0.187753 0.777358 0.008233 0.013722
1 0.726312 0.961647 0.014408 0.021955
1 0.868336 0.851184 0.015437 0.008233
2 0.482401 0.816878 0.012350 0.013722
2 0.334460 0.785660 0.012864 0.010292
2 0.349383 0.766106 0.010806 0.016467
2 0.309503 0.832659 0.007204 0.017839
2 0.225523 0.648919 0.009262 0.019211
2 0.580069 0.660926 0.008233 0.018525
2 0.849554 0.700240 0.006690 0.016467
2 0.806329 0.942436 0.013894 0.031561
2 0.817650 0.867238 0.018010 0.028816
2 0.824340 0.887479 0.011835 0.022642
2 0.843894 0.874443 0.018010 0.022642
2 0.739846 0.514854 0.009777 0.017839
2 0.903225 0.600274 0.012350 0.015780
2 0.936672 0.571801 0.015437 0.010978
2 0.887015 0.305111 0.009777 0.013036
1 0.692041 0.099966 0.008233 0.010292
2 0.510395 0.340103 0.013379 0.014408
2 0.465626 0.352796 0.007204 0.019211
2 0.363739 0.457427 0.007204 0.017153
2 0.544099 0.303877 0.011835 0.010292
2 0.431870 0.242676 0.010292 0.011664
2 0.080720 0.007547 0.016467 0.015094
1 0.021286 0.409605 0.016981 0.024700
1 0.329880 0.472041 0.011321 0.017839
1 0.368731 0.522470 0.011835 0.019897
1 0.340686 0.536535 0.006175 0.012350
1 0.374134 0.591424 0.013379 0.015094
1 0.406038 0.622298 0.012350 0.010978
1 0.391630 0.637393 0.007204 0.013722
1 0.401407 0.680961 0.004117 0.011664
2 0.481938 0.631904 0.013894 0.019211
3 0.481424 0.768988 0.011835 0.015094
1 0.737839 0.681715 0.007204 0.012350
1 0.762024 0.724940 0.010292 0.015094
1 0.602504 0.750326 0.005146 0.015094
1 0.540755 0.838148 0.007204 0.012350
1 0.369657 0.640892 0.006690 0.008919
2 0.157650 0.701955 0.007719 0.018525
1 0.039811 0.734202 0.007719 0.011664
1 0.044700 0.835403 0.006175 0.010978
1 0.086638 0.771938 0.007719 0.011664
1 0.145754 0.728460 0.005937 0.010116