0 0.624335 0.064716 0.017287 0.021277
0 0.619681 0.203901 0.010638 0.026596
0 0.630984 0.092199 0.017287 0.023050
0 0.714761 0.101950 0.006649 0.014184
0 0.636303 0.388298 0.011968 0.033688
0 0.580452 0.391844 0.022606 0.023050
0 0.539229 0.406028 0.019947 0.012411
0 0.472074 0.512411 0.021277 0.012411
0 0.787234 0.531028 0.023936 0.021277
0 0.625000 0.686170 0.015957 0.023050
0 0.707447 0.816489 0.021277 0.017730
0 0.473404 0.666667 0.013298 0.023050
0 0.586436 0.844858 0.015957 0.024823
0 0.183511 0.395390 0.018617 0.023050
0 0.351064 0.093085 0.013298 0.024823
2 0.467420 0.042553 0.022606 0.023050
2 0.545213 0.232270 0.010638 0.023050
2 0.984707 0.212766 0.014628 0.001773
2 0.953457 0.335993 0.013298 0.028369
2 0.597074 0.507979 0.010638 0.031915
2 0.663564 0.974291 0.010638 0.017730
2 0.988032 0.797872 0.010638 0.026596
2 0.422872 0.546986 0.015957 0.010638
1 0.219415 0.372340 0.010638 0.015957
1 0.241356 0.391844 0.006649 0.008865
1 0.406915 0.425532 0.007979 0.012411
1 0.369681 0.398050 0.010638 0.014184
1 0.375665 0.358156 0.011968 0.008865
1 0.390957 0.392730 0.002660 0.010638
1 0.494016 0.364362 0.006649 0.021277
1 0.399601 0.474291 0.011968 0.017730
2 0.329122 0.777482 0.009309 0.028369
2 0.192154 0.884752 0.014628 0.019504
2 0.288564 0.714539 0.013298 0.008865
2 0.531250 0.695035 0.003989 0.023050
2 0.594415 0.962766 0.007979 0.023050