2 0.572298 0.053173 0.012864 0.027444
2 0.796784 0.069468 0.014151 0.025729
2 0.747256 0.161235 0.020583 0.020583
0 0.743396 0.211835 0.023156 0.025729
2 0.881690 0.226415 0.019297 0.024014
2 0.859177 0.496569 0.020583 0.018868
2 0.895197 0.539451 0.018010 0.022298
2 0.915137 0.620069 0.016724 0.025729
2 0.836021 0.747856 0.023156 0.017153
2 0.843739 0.851630 0.015437 0.032590
2 0.573585 0.208405 0.012864 0.025729
2 0.607033 0.233276 0.018010 0.027444
0 0.564580 0.480274 0.015437 0.037736
2 0.659777 0.643225 0.012864 0.030875
2 0.637264 0.624357 0.016724 0.020583
2 0.657847 0.487993 0.014151 0.025729
1 0.739537 0.543739 0.015437 0.020583
2 0.718310 0.529160 0.016724 0.018868
1 0.679717 0.640652 0.016724 0.018868
2 0.381261 0.683533 0.021870 0.022298
1 0.237822 0.762436 0.010292 0.022298
1 0.167710 0.900515 0.009005 0.020583
2 0.183147 0.971698 0.016724 0.022298
1 0.558147 0.927959 0.012864 0.020583
2 0.647556 0.899657 0.011578 0.022298
2 0.657847 0.976844 0.024443 0.022298
2 0.710592 0.923671 0.019297 0.025729
2 0.729245 0.850772 0.025729 0.027444
3 0.740180 0.790738 0.027015 0.034305
2 0.640480 0.715266 0.015437 0.034305
0 0.610249 0.704974 0.019297 0.027444
0 0.926072 0.831046 0.025729 0.036021
1 0.145840 0.262436 0.014151 0.013722
1 0.066081 0.153516 0.011578 0.022298