2 0.283245 0.342199 0.018617 0.026596
2 0.146277 0.243794 0.013298 0.021277
2 0.166888 0.150709 0.014628 0.015957
2 0.307181 0.044326 0.021277 0.015957
2 0.447473 0.013298 0.025266 0.017730
2 0.574468 0.054078 0.015957 0.021277
2 0.698138 0.068262 0.010638 0.021277
2 0.656915 0.119681 0.010638 0.024823
2 0.580452 0.109043 0.009309 0.017730
2 0.428856 0.329787 0.014628 0.026596
2 0.472739 0.229610 0.014628 0.014184
2 0.428191 0.375887 0.013298 0.023050
2 0.316489 0.487589 0.007979 0.019504
2 0.339096 0.511525 0.010638 0.028369
2 0.317154 0.521277 0.017287 0.015957
2 0.533910 0.242908 0.006649 0.019504
2 0.433511 0.920213 0.013298 0.030142
2 0.370346 0.926418 0.009309 0.028369
2 0.599734 0.467199 0.007979 0.031915
2 0.490691 0.389184 0.010638 0.021277
2 0.474069 0.340426 0.014628 0.019504
2 0.532580 0.311170 0.014628 0.010638
2 0.578457 0.257979 0.013298 0.021277
2 0.592420 0.285461 0.009309 0.023050
2 0.494016 0.130319 0.017287 0.017730
2 0.824468 0.177305 0.015957 0.019504
2 0.611702 0.238475 0.010638 0.039007
2 0.562500 0.164894 0.013298 0.019504
2 0.587766 0.176418 0.018617 0.021277
2 0.664229 0.254433 0.011968 0.017730
2 0.678191 0.274823 0.015957 0.030142
2 0.688830 0.304965 0.018617 0.033688
2 0.662899 0.322695 0.014628 0.026596
2 0.769947 0.089539 0.010638 0.024823
2 0.815160 0.105496 0.029255 0.024823
2 0.787899 0.069149 0.009309 0.026596
2 0.833777 0.043440 0.018617 0.024823
2 0.865691 0.093085 0.007979 0.024823
2 0.876330 0.156028 0.007979 0.023050
2 0.954787 0.102837 0.013298 0.012411
2 0.970080 0.127660 0.027926 0.015957
2 0.945479 0.170213 0.013298 0.023050
2 0.883644 0.173759 0.011968 0.019504
2 0.884973 0.218972 0.014628 0.010638
2 0.918883 0.218085 0.010638 0.023050
2 0.454122 0.501773 0.019947 0.023050
2 0.535239 0.444149 0.014628 0.024823
2 0.550532 0.405142 0.013298 0.021277
2 0.277926 0.408688 0.021277 0.024823
2 0.286569 0.274823 0.019947 0.015957
2 0.307846 0.187943 0.011968 0.030142
3 0.430186 0.292553 0.014628 0.026596
3 0.092420 0.492908 0.019947 0.030142
3 0.154920 0.468972 0.011968 0.021277
3 0.387633 0.126773 0.017287 0.014184
3 0.174202 0.226950 0.015957 0.015957
3 0.976729 0.020390 0.022606 0.021277
3 0.660904 0.987589 0.015957 0.019504
3 0.904255 0.898936 0.010638 0.012411
3 0.516622 0.945035 0.011968 0.019504
3 0.500000 0.990248 0.021277 0.014184
3 0.232713 0.520390 0.018617 0.021277
2 0.805851 0.359929 0.015957 0.023050
2 0.865691 0.426418 0.013298 0.028369
2 0.838431 0.358156 0.006649 0.015957
3 0.704122 0.168440 0.014628 0.015957
3 0.828457 0.573582 0.007979 0.042553
2 0.724069 0.430851 0.019947 0.012411
2 0.407580 0.011082 0.019947 0.022163
2 0.520612 0.120567 0.014628 0.012411
2 0.486037 0.146277 0.011968 0.017730
2 0.628324 0.394504 0.014628 0.014184
2 0.658910 0.408688 0.014628 0.017730
2 0.665559 0.449468 0.014628 0.010638
2 0.738032 0.366135 0.010638 0.017730
2 0.702128 0.276596 0.015957 0.019504
2 0.599069 0.120567 0.003989 0.008865
2 0.602394 0.157801 0.018617 0.012411
2 0.647606 0.274823 0.026596 0.019504
2 0.747340 0.236702 0.007979 0.014184
2 0.787234 0.226950 0.015957 0.015957
2 0.770612 0.252660 0.011968 0.024823
2 0.801862 0.247340 0.018617 0.014184
2 0.765957 0.296099 0.018617 0.023050
2 0.740691 0.301418 0.021277 0.012411
2 0.860372 0.292553 0.013298 0.019504
2 0.906250 0.300532 0.009309 0.024823
2 0.938830 0.333333 0.010638 0.019504
2 0.847074 0.312943 0.021277 0.010638
2 0.861037 0.335993 0.025266 0.017730
2 0.857713 0.367908 0.018617 0.014184
2 0.474069 0.570922 0.011968 0.026596
2 0.490691 0.542553 0.013298 0.015957
2 0.507979 0.578014 0.018617 0.044326
2 0.408245 0.419326 0.015957 0.014184
2 0.549202 0.531028 0.010638 0.024823
2 0.621676 0.502660 0.017287 0.017730
2 0.602394 0.522163 0.007979 0.021277
2 0.642952 0.491135 0.009309 0.026596
2 0.706782 0.486702 0.009309 0.021277
2 0.779255 0.460993 0.013298 0.012411
2 0.851729 0.467199 0.006649 0.021277
2 0.730053 0.408688 0.015957 0.024823
2 0.937500 0.754433 0.015957 0.010638
2 0.947473 0.799645 0.006649 0.026596
2 0.950798 0.880319 0.007979 0.021277
2 0.985372 0.836879 0.007979 0.023050
2 0.908245 0.927305 0.007979 0.033688
2 0.927527 0.953901 0.017287 0.026596
2 0.990027 0.861702 0.006649 0.030142
2 0.759309 0.906915 0.015957 0.024823
2 0.738032 0.903369 0.010638 0.021277
3 0.716755 0.895390 0.018617 0.019504
2 0.658245 0.774823 0.013298 0.023050
2 0.601064 0.683511 0.023936 0.017730
2 0.496676 0.681738 0.011968 0.024823
2 0.181516 0.564716 0.017287 0.010638
2 0.196144 0.504433 0.011968 0.024823
2 0.045213 0.531028 0.015957 0.010638
2 0.085771 0.762411 0.011968 0.044326
2 0.077128 0.812057 0.021277 0.026596
2 0.135638 0.836879 0.015957 0.030142
3 0.146277 0.675532 0.018617 0.023050
3 0.235372 0.609929 0.007979 0.019504
3 0.470080 0.705674 0.022606 0.023050
3 0.371676 0.665780 0.009309 0.024823
3 0.725399 0.645390 0.011968 0.026596
2 0.640957 0.673759 0.015957 0.019504
2 0.879654 0.524823 0.019947 0.015957
2 0.525931 0.692376 0.017287 0.017730
2 0.676197 0.719858 0.017287 0.012411
2 0.204122 0.796099 0.009309 0.026596
2 0.218750 0.767730 0.003989 0.012411
2 0.258644 0.803191 0.011968 0.019504
2 0.236702 0.803191 0.007979 0.012411
2 0.347074 0.748227 0.018617 0.023050
3 0.439495 0.743794 0.014628 0.017730
0 0.618351 0.572695 0.015957 0.019504
0 0.424867 0.642730 0.081117 0.053191
0 0.569149 0.625000 0.013298 0.014184
0 0.666223 0.506206 0.010638 0.014184
0 0.432846 0.189716 0.011968 0.030142
0 0.623670 0.154255 0.010638 0.026596
3 0.576463 0.234929 0.009309 0.017730
2 0.833112 0.718972 0.006649 0.024823
2 0.750665 0.561170 0.009309 0.024823
2 0.821144 0.639184 0.014628 0.024823
2 0.795878 0.500887 0.017287 0.014184
2 0.636968 0.599291 0.026596 0.012411
2 0.642952 0.558511 0.019947 0.012411
2 0.691489 0.531915 0.007979 0.015957
2 0.736037 0.520390 0.027926 0.028369
2 0.755984 0.807624 0.014628 0.017730
2 0.697473 0.738475 0.011968 0.031915
2 0.726064 0.754433 0.007979 0.021277
2 0.615691 0.846631 0.015957 0.021277
2 0.567154 0.773050 0.009309 0.023050
2 0.582447 0.875887 0.007979 0.026596
2 0.513963 0.843972 0.014628 0.019504
2 0.527926 0.806738 0.013298 0.033688