0 0.429521 0.114362 0.047872 0.102837
0 0.675532 0.570035 0.015957 0.024823
0 0.647606 0.492908 0.015957 0.019504
0 0.680851 0.134752 0.007979 0.030142
0 0.694814 0.158688 0.006649 0.021277
0 0.837766 0.125887 0.018617 0.023050
0 0.827793 0.263298 0.019947 0.014184
0 0.793218 0.354610 0.017287 0.015957
0 0.827128 0.484043 0.013298 0.019504
0 0.854388 0.412234 0.011968 0.028369
0 0.871011 0.485816 0.013298 0.026596
0 0.849734 0.652482 0.015957 0.019504
0 0.873670 0.608156 0.015957 0.019504
0 0.989362 0.349291 0.013298 0.015957
0 0.684176 0.665780 0.022606 0.035461
0 0.577793 0.649823 0.019947 0.014184
0 0.563830 0.686170 0.026596 0.012411
0 0.295878 0.322695 0.014628 0.026596
0 0.293218 0.132979 0.017287 0.023050
0 0.608378 0.914894 0.014628 0.019504
0 0.750665 0.835993 0.011968 0.024823
0 0.855053 0.837766 0.015957 0.024823
0 0.220080 0.627660 0.011968 0.026596
0 0.318484 0.847518 0.017287 0.019504
0 0.347739 0.905142 0.011968 0.021277
0 0.507979 0.104610 0.013298 0.019504
0 0.729388 0.257092 0.019947 0.015957
0 0.750665 0.189716 0.019947 0.019504
0 0.902926 0.287234 0.013298 0.023050
0 0.303191 0.685284 0.021277 0.017730
0 0.107048 0.371454 0.051862 0.028369
2 0.887633 0.755319 0.017287 0.030142
2 0.925532 0.478723 0.010638 0.015957
2 0.962101 0.707447 0.014628 0.012411
2 0.957447 0.679965 0.007979 0.007092
2 0.919548 0.336879 0.025266 0.026596
2 0.942154 0.221631 0.017287 0.015957
2 0.974069 0.312943 0.014628 0.021277
2 0.998005 0.320035 0.003989 0.031915
2 0.617021 0.463652 0.015957 0.021277
2 0.593085 0.288121 0.013298 0.021277
2 0.527926 0.367908 0.007979 0.021277
2 0.434176 0.640957 0.011968 0.028369
2 0.521941 0.588652 0.019947 0.023050
2 0.541888 0.541667 0.017287 0.024823
2 0.460771 0.601950 0.017287 0.010638
2 0.555186 0.818262 0.014628 0.021277
2 0.775266 0.646277 0.015957 0.024823
2 0.629654 0.784574 0.014628 0.024823
2 0.738032 0.948582 0.010638 0.026596
2 0.547207 0.962766 0.019947 0.030142
2 0.585771 0.986702 0.014628 0.014184
2 0.348404 0.705674 0.013298 0.026596
2 0.263298 0.853723 0.021277 0.021277
2 0.216090 0.923759 0.030585 0.023050
2 0.202793 0.967199 0.014628 0.031915
2 0.170213 0.843972 0.021277 0.019504
2 0.107713 0.619681 0.021277 0.017730
2 0.220080 0.103723 0.011968 0.024823
2 0.483378 0.030142 0.014628 0.015957
2 0.657580 0.341312 0.011968 0.017730
2 0.371676 0.451241 0.027926 0.021277
2 0.421543 0.485816 0.026596 0.015957
2 0.408910 0.369681 0.014628 0.017730
2 0.456782 0.427305 0.009309 0.019504
2 0.466090 0.473404 0.009309 0.026596
0 0.668218 0.749113 0.011968 0.021277
0 0.594415 0.882092 0.013298 0.017730
0 0.140957 0.845745 0.015957 0.023050
0 0.053191 0.539007 0.021277 0.012411
0 0.035904 0.586879 0.015957 0.015957
0 0.051197 0.683511 0.022606 0.017730
0 0.104388 0.698582 0.014628 0.023050
0 0.011303 0.913121 0.022606 0.030142
0 0.083777 0.781028 0.015957 0.017730
0 0.214096 0.150709 0.031915 0.030142
0 0.242021 0.390957 0.013298 0.021277