0 0.715094 0.525729 0.072041 0.066895
2 0.563937 0.248714 0.019297 0.034305
2 0.652647 0.102439 0.013222 0.020011
2 0.932657 0.544038 0.012305 0.030576
2 0.878123 0.514953 0.008390 0.026102
2 0.971530 0.737788 0.006153 0.026102
2 0.906089 0.751212 0.020695 0.012678
2 0.893504 0.766500 0.025729 0.011932
2 0.879521 0.783280 0.016780 0.017153
2 0.982157 0.846297 0.009509 0.025356
2 0.970971 0.838467 0.010627 0.024610
2 0.960623 0.835857 0.010068 0.019390
2 0.965098 0.858975 0.011187 0.023865
2 0.934894 0.855619 0.010068 0.024610
2 0.979081 0.883213 0.013424 0.009695
2 0.892665 0.924603 0.010627 0.023865
2 0.812682 0.962637 0.011746 0.026848
2 0.877284 0.617719 0.020136 0.012678
2 0.771571 0.772839 0.014542 0.021627
2 0.769334 0.992505 0.016780 0.014990
2 0.638731 0.681855 0.009509 0.026102
2 0.614401 0.792975 0.017898 0.012678
2 0.606570 0.830263 0.011187 0.027593
2 0.584757 0.809382 0.010068 0.029085
2 0.627713 0.940637 0.008949 0.020136
2 0.588840 0.942874 0.015102 0.012678
2 0.571221 0.986502 0.014542 0.016407
2 0.496383 0.912671 0.014542 0.013424
2 0.519036 0.886569 0.019576 0.013424
2 0.493866 0.838094 0.009509 0.023865
2 0.486595 0.868297 0.012864 0.023119
2 0.460586 0.839212 0.013424 0.024610
2 0.473730 0.911925 0.016220 0.014915
2 0.459747 0.945111 0.012864 0.017153
2 0.453595 0.922366 0.012864 0.022373
2 0.437654 0.954061 0.011187 0.027593
2 0.400738 0.985756 0.015661 0.014915
2 0.477925 0.827653 0.005593 0.002983
2 0.512603 0.965247 0.011187 0.020136
2 0.549239 0.985756 0.012864 0.017898
2 0.483519 0.793348 0.015661 0.017898
2 0.436256 0.807890 0.025170 0.023119
2 0.359628 0.812365 0.013983 0.035051
2 0.350399 0.845551 0.017898 0.008949
2 0.200500 0.797077 0.017898 0.013424
2 0.340611 0.809009 0.012864 0.014915
2 0.326628 0.591096 0.016220 0.017898
2 0.405772 0.478857 0.066000 0.049966
2 0.270919 0.179730 0.016220 0.020881
2 0.206037 0.084645 0.013983 0.014170
2 0.374394 0.348497 0.009509 0.023119
2 0.205757 0.928332 0.026848 0.017898
2 0.122138 0.851145 0.008390 0.021627
1 0.148426 0.843687 0.027407 0.030576
1 0.272037 0.889925 0.009509 0.032068
1 0.294131 0.876874 0.006712 0.017898
1 0.246308 0.702737 0.013983 0.020136
1 0.194011 0.703856 0.015661 0.019390
1 0.006078 0.700873 0.011187 0.017898
1 0.058599 0.642703 0.006153 0.014915
1 0.070904 0.648296 0.008390 0.015661
1 0.314658 0.528004 0.015102 0.017898
1 0.300955 0.580953 0.015661 0.023865
1 0.415616 0.545902 0.019017 0.022373
1 0.503151 0.608174 0.021814 0.014170
1 0.553490 0.529495 0.011746 0.023865
1 0.542583 0.620106 0.011187 0.030576
1 0.536431 0.568648 0.017898 0.017153
1 0.667872 0.576851 0.020136 0.032068
1 0.598796 0.687971 0.011746 0.032068
1 0.682415 0.692818 0.013424 0.019390
1 0.477142 0.764039 0.014542 0.021627
1 0.425964 0.740547 0.017339 0.025356
1 0.648576 0.942501 0.012864 0.023865
1 0.492524 0.889925 0.015102 0.012678
1 0.455049 0.905959 0.013983 0.013424
1 0.132206 0.880975 0.021814 0.017153
1 0.124096 0.807890 0.012305 0.020136
1 0.481169 0.377433 0.011187 0.023119
1 0.765139 0.367664 0.019576 0.019390
1 0.838131 0.462003 0.019017 0.015661
1 0.978242 0.423223 0.020695 0.018644
3 0.916996 0.643821 0.016780 0.024610
1 0.956988 0.732941 0.017339 0.017898
1 0.872809 0.695279 0.011187 0.018644
1 0.822470 0.780670 0.013424 0.026848
2 0.635655 0.603326 0.015661 0.026848
2 0.754512 0.708106 0.012864 0.020136
2 0.646842 0.740547 0.015661 0.014915
2 0.558468 0.842568 0.007831 0.020881
1 0.149993 0.040644 0.017339 0.018644
1 0.940208 0.986502 0.010627 0.025356
1 0.985793 0.811619 0.013424 0.012678
1 0.915038 0.193154 0.010627 0.020881
1 0.669494 0.133492 0.015102 0.029831
1 0.568536 0.064882 0.015661 0.025356
1 0.569375 0.152137 0.024051 0.019390
1 0.117104 0.712059 0.012864 0.016407
1 0.084384 0.814602 0.013424 0.018644