0 0.746676 0.448582 0.014628 0.019504
0 0.822473 0.605496 0.011968 0.031915
0 0.904920 0.392730 0.009309 0.021277
0 0.915559 0.474291 0.017287 0.028369
0 0.869681 0.421986 0.013298 0.023050
0 0.826463 0.377660 0.017287 0.019504
0 0.757979 0.619681 0.010638 0.024823
0 0.714096 0.595745 0.013298 0.019504
0 0.736702 0.619681 0.018617 0.014184
0 0.656250 0.670213 0.019947 0.019504
0 0.696809 0.760638 0.013298 0.023050
0 0.385638 0.549645 0.007979 0.012411
0 0.477394 0.476950 0.018617 0.015957
0 0.835771 0.491135 0.051862 0.086879
0 0.922872 0.895390 0.042553 0.093972
0 0.734707 0.952128 0.009309 0.012411
0 0.743351 0.977837 0.021277 0.014184
0 0.600399 0.886525 0.011968 0.023050
0 0.569149 0.852837 0.010638 0.019504
0 0.591090 0.779255 0.006649 0.024823
0 0.532580 0.739362 0.017287 0.019504
0 0.568484 0.690603 0.009309 0.021277
0 0.338431 0.334220 0.022606 0.024823
0 0.512633 0.360816 0.014628 0.028369
0 0.529920 0.069149 0.014628 0.015957
0 0.513298 0.008422 0.010638 0.016844
0 0.556516 0.129433 0.009309 0.033688
0 0.680851 0.114362 0.010638 0.017730
0 0.708112 0.101064 0.011968 0.026596
0 0.673537 0.162234 0.027926 0.017730
0 0.721410 0.284574 0.011968 0.021277
0 0.690160 0.315603 0.013298 0.019504
0 0.648936 0.371454 0.018617 0.014184
0 0.674202 0.507092 0.010638 0.019504
0 0.625000 0.416667 0.023936 0.033688
0 0.546543 0.332447 0.018617 0.024823
0 0.491356 0.244681 0.014628 0.023050
0 0.587101 0.219858 0.009309 0.012411
0 0.826463 0.825355 0.009309 0.024823
1 0.794548 0.567376 0.011968 0.015957
1 0.917553 0.666667 0.010638 0.019504
1 0.904255 0.617021 0.010638 0.015957
1 0.972074 0.588652 0.015957 0.019504
1 0.832447 0.061170 0.015957 0.017730
1 0.958777 0.116135 0.010638 0.017730
1 0.719415 0.071809 0.007979 0.007092
1 0.633644 0.031028 0.014628 0.014184
1 0.648936 0.106383 0.007979 0.023050
1 0.524601 0.501773 0.014628 0.015957
1 0.498670 0.387411 0.021277 0.021277
1 0.577128 0.365248 0.005319 0.012411
1 0.536569 0.645390 0.017287 0.019504
1 0.210771 0.750887 0.009309 0.017730
1 0.160239 0.777482 0.009309 0.014184
1 0.123005 0.855496 0.014628 0.031915
1 0.094415 0.660461 0.018617 0.021277
1 0.282580 0.321809 0.011968 0.010638
1 0.330452 0.241135 0.014628 0.019504
1 0.355053 0.242908 0.013298 0.008865
1 0.477394 0.701241 0.013298 0.014184
1 0.326463 0.843972 0.014628 0.023050
1 0.369681 0.821809 0.013298 0.028369
1 0.450798 0.905142 0.010638 0.031915