1 0.521039 0.513561 0.009648 0.028409
1 0.478425 0.424850 0.008040 0.025729
1 0.577281 0.693664 0.017287 0.025193
1 0.541300 0.696612 0.014473 0.016081
1 0.687232 0.747534 0.007236 0.022513
1 0.837184 0.770047 0.012864 0.021441
1 0.845425 0.731722 0.014071 0.013401
1 0.910753 0.698060 0.015277 0.023049
1 0.926833 0.954706 0.008844 0.021977
1 0.744479 0.986063 0.013669 0.017153
1 0.595572 0.827669 0.007236 0.015545
1 0.441601 0.704117 0.008040 0.018225
1 0.526627 0.958994 0.006834 0.011256
1 0.571050 0.981239 0.011256 0.012864
1 0.439269 0.749303 0.007236 0.012328
1 0.202643 0.481561 0.008844 0.023585
1 0.143948 0.550172 0.014473 0.011792
1 0.345358 0.462907 0.007236 0.013937
1 0.262543 0.582976 0.015277 0.023585
1 0.608598 0.546419 0.012060 0.015009
1 0.738770 0.490137 0.012864 0.016081
1 0.851898 0.422813 0.012864 0.032161
1 0.653905 0.336943 0.014071 0.018225
1 0.864963 0.243889 0.013267 0.017153
1 0.990553 0.188572 0.007638 0.012864
1 0.872360 0.149282 0.006030 0.012328
1 0.800399 0.112296 0.006030 0.014473
1 0.501702 0.077723 0.009246 0.010720
1 0.411047 0.220036 0.012864 0.027337
1 0.310142 0.276587 0.008844 0.022513
1 0.102702 0.213872 0.015277 0.012864
1 0.175064 0.116584 0.006432 0.008040
1 0.883416 0.958941 0.008040 0.013937
1 0.984522 0.803280 0.006834 0.016081
1 0.924140 0.633844 0.010050 0.008040
1 0.848159 0.608651 0.006834 0.013401
1 0.896200 0.676458 0.004824 0.011792
1 0.597663 0.693503 0.008040 0.010720
1 0.650126 0.726201 0.006834 0.009648
1 0.643091 0.572899 0.008040 0.009648
1 0.617965 0.526265 0.007638 0.009648
1 0.674649 0.479095 0.006030 0.010720
2 0.686307 0.925225 0.007638 0.027337
2 0.753444 0.943718 0.015679 0.017153
2 0.759876 0.857151 0.007638 0.020905
2 0.538406 0.887168 0.007236 0.015545
2 0.393278 0.802208 0.011256 0.010720
2 0.461862 0.556925 0.004824 0.017153
2 0.488998 0.675386 0.009246 0.020369
2 0.537039 0.651801 0.012060 0.009648
2 0.410243 0.469768 0.007236 0.012864
2 0.299689 0.455028 0.008040 0.017689
2 0.210040 0.520422 0.009648 0.015545
2 0.438183 0.394243 0.009246 0.015545
2 0.488435 0.365298 0.011658 0.011256
2 0.494265 0.294811 0.010452 0.012864
2 0.358584 0.310892 0.009246 0.016081
2 0.722368 0.323810 0.012060 0.021977
2 0.860782 0.322202 0.009246 0.019833
2 0.852340 0.353291 0.014071 0.011256
2 0.943316 0.039398 0.008040 0.019833
2 0.946934 0.190287 0.010452 0.025729
2 0.798992 0.755360 0.016081 0.012864
2 0.860300 0.829867 0.014071 0.023585
2 0.944321 0.851790 0.010854 0.013401
2 0.243126 0.685034 0.018091 0.020369
2 0.289478 0.873928 0.016081 0.026801
2 0.295508 0.894833 0.012060 0.025729
2 0.317418 0.884112 0.014071 0.021441
2 0.168793 0.870712 0.013669 0.013937
2 0.033515 0.761203 0.014071 0.025193
1 0.804219 0.299636 0.014473 0.012864
1 0.958592 0.453473 0.014473 0.019297
1 0.977286 0.637918 0.009246 0.013401
1 0.770047 0.584048 0.020905 0.032161
1 0.576075 0.825257 0.008442 0.013937
1 0.231708 0.727648 0.010050 0.015545
1 0.045374 0.651265 0.009648 0.019297
1 0.076329 0.329545 0.013669 0.010720
1 0.053012 0.292560 0.007236 0.009648
1 0.579974 0.532215 0.012060 0.014473
1 0.591834 0.421795 0.008442 0.009112
1 0.623794 0.412950 0.005628 0.008576