2 0.642323 0.712309 0.011977 0.046726
2 0.100172 0.078045 0.038593 0.039451
2 0.124760 0.627586 0.025729 0.030269
2 0.682852 0.498941 0.021945 0.013117
2 0.781606 0.492887 0.013621 0.021189
2 0.607482 0.307033 0.011351 0.019171
2 0.663934 0.032792 0.011351 0.019171
2 0.624205 0.608415 0.012108 0.016144
2 0.549818 0.689133 0.015891 0.014126
2 0.921857 0.910365 0.011762 0.030385
2 0.940970 0.811909 0.015437 0.013232
2 0.992245 0.840088 0.006248 0.022543
2 0.897231 0.616418 0.008086 0.019603
2 0.970007 0.457143 0.011027 0.023524
2 0.043642 0.816467 0.017014 0.014386
2 0.008438 0.771925 0.016876 0.011620
2 0.531773 0.876179 0.008442 0.034305
2 0.543833 0.894672 0.010050 0.028409
2 0.560919 0.886632 0.016081 0.020905
2 0.657903 0.578177 0.014844 0.017153
2 0.477504 0.354400 0.006927 0.018472
2 0.743353 0.292783 0.013359 0.011875
2 0.642367 0.798588 0.012864 0.012535
2 0.742067 0.891938 0.015338 0.010555
2 0.764926 0.262832 0.006432 0.011875
2 0.727817 0.249307 0.009401 0.007257
1 0.595650 0.461168 0.010006 0.014770
1 0.747880 0.450162 0.000715 0.000000
1 0.728905 0.324376 0.012507 0.017153
2 0.357228 0.713169 0.022870 0.018106
1 0.194403 0.583190 0.019576 0.020881
1 0.096168 0.523761 0.013243 0.024216
1 0.101844 0.591363 0.013243 0.011099
1 0.062759 0.476037 0.011351 0.016144
1 0.524582 0.947847 0.012864 0.025961
1 0.155892 0.908442 0.012169 0.017616
1 0.201509 0.767605 0.011474 0.016689
1 0.199771 0.631542 0.014951 0.015298
1 0.080513 0.759492 0.010083 0.019007
1 0.127799 0.679755 0.010083 0.017153
1 0.306548 0.318741 0.016780 0.014915
1 0.826721 0.528004 0.011187 0.014915
1 0.821688 0.818333 0.010594 0.018666
1 0.842498 0.861467 0.015891 0.020180
1 0.144368 0.070326 0.010292 0.020583
1 0.515592 0.507033 0.011835 0.013722
1 0.661166 0.467238 0.008233 0.013722
1 0.690034 0.391081 0.011835 0.019211
1 0.838748 0.420583 0.008748 0.012350
1 0.915420 0.474099 0.010806 0.012350
1 0.843122 0.684940 0.008233 0.013036
1 0.832573 0.692830 0.008748 0.015094
1 0.813122 0.968988 0.009777 0.017153
2 0.475496 0.731046 0.011027 0.021073
1 0.405660 0.879588 0.015437 0.013722