0 0.608866 0.160806 0.016081 0.045026
1 0.781893 0.483169 0.012864 0.033233
1 0.756218 0.717324 0.011578 0.022298
1 0.995497 0.883276 0.009005 0.028302
1 0.452477 0.281455 0.019675 0.015639
2 0.548385 0.519082 0.013937 0.013579
2 0.445576 0.548027 0.016081 0.027158
2 0.678745 0.900515 0.019297 0.011435
2 0.850057 0.910163 0.005360 0.019297
2 0.839873 0.474414 0.019297 0.012864
1 0.887847 0.154731 0.015545 0.015009
3 0.848717 0.119354 0.011256 0.018582
1 0.826472 0.678154 0.016373 0.019232
1 0.681852 0.867993 0.010292 0.014408
1 0.747642 0.919149 0.008771 0.016373
1 0.393166 0.642601 0.013449 0.014034