0 0.569814 0.390071 0.019947 0.026596
0 0.363032 0.475177 0.018617 0.019504
0 0.648271 0.098404 0.014628 0.021277
0 0.823138 0.351950 0.015957 0.021277
0 0.389628 0.743794 0.021277 0.024823
0 0.262633 0.722518 0.025266 0.024823
0 0.696809 0.609043 0.023936 0.014184
0 0.852394 0.575355 0.015957 0.021277
2 0.340426 0.349291 0.010638 0.030142
2 0.333112 0.408688 0.011968 0.021277
2 0.237367 0.682624 0.019947 0.023050
2 0.292553 0.588652 0.013298 0.026596
2 0.484043 0.565603 0.013298 0.015957
2 0.506649 0.414894 0.015957 0.015957
2 0.728723 0.020390 0.021277 0.017730
2 0.857713 0.208333 0.010638 0.035461
2 0.883644 0.191489 0.011968 0.015957
2 0.960106 0.133865 0.015957 0.021277
2 0.969415 0.312943 0.005319 0.021277
2 0.898271 0.546099 0.019947 0.037234
2 0.843085 0.517730 0.013298 0.019504
2 0.750665 0.355496 0.019947 0.021277
2 0.414894 0.182624 0.015957 0.033688
0 0.223404 0.803191 0.023936 0.023050
0 0.539894 0.465426 0.015957 0.014184
0 0.607713 0.739362 0.010638 0.015957
0 0.579787 0.504433 0.010638 0.017730
0 0.617021 0.469858 0.007979 0.015957
0 0.679521 0.555851 0.013298 0.021277
0 0.601729 0.605496 0.017287 0.017730
0 0.587766 0.677305 0.005319 0.012411
0 0.605718 0.687057 0.011968 0.017730
0 0.623005 0.664894 0.006649 0.012411
0 0.636968 0.770390 0.021277 0.017730
0 0.544548 0.808511 0.014628 0.023050
0 0.450798 0.870567 0.013298 0.023050
0 0.401596 0.808511 0.034574 0.026596
0 0.325798 0.814716 0.018617 0.039007