0 0.700133 0.416667 0.022606 0.037234
0 0.803856 0.380319 0.019947 0.028369
0 0.779920 0.798759 0.009309 0.035461
0 0.197473 0.608156 0.022606 0.015957
0 0.077793 0.653369 0.009309 0.010638
0 0.128989 0.731383 0.013298 0.031915
2 0.571144 0.522163 0.014628 0.028369
2 0.587766 0.205674 0.015957 0.033688
2 0.884309 0.667553 0.026596 0.031915
2 0.678191 0.746454 0.013298 0.026596
2 0.736702 0.889184 0.015957 0.024823
2 0.631649 0.551418 0.013298 0.030142
2 0.639628 0.349291 0.023936 0.030142
2 0.416223 0.216312 0.026596 0.019504
2 0.296543 0.826241 0.007979 0.044326
2 0.911569 0.568262 0.009309 0.017730
1 0.793883 0.522163 0.007979 0.014184
1 0.756649 0.526596 0.005319 0.012411
1 0.711436 0.311170 0.007979 0.021277
1 0.736702 0.289007 0.015957 0.019504
1 0.615691 0.179078 0.010638 0.015957
1 0.559176 0.135638 0.006649 0.014184
1 0.636303 0.178191 0.011968 0.014184
1 0.632314 0.236702 0.009309 0.017730
1 0.749335 0.125887 0.003989 0.008865
1 0.776596 0.259752 0.007979 0.010638
1 0.837766 0.291667 0.010638 0.021277
1 0.823138 0.335106 0.010638 0.015957
1 0.843085 0.345745 0.013298 0.023050
1 0.569814 0.623227 0.022606 0.021277
1 0.646277 0.635638 0.005319 0.007092
1 0.659574 0.657801 0.015957 0.008865
1 0.771277 0.621454 0.018617 0.031915
1 0.730718 0.674645 0.019947 0.010638
1 0.712766 0.722518 0.007979 0.010638
1 0.726064 0.763298 0.007979 0.007092
1 0.728723 0.722518 0.015957 0.017730
1 0.843085 0.733156 0.010638 0.017730
1 0.823803 0.728723 0.006649 0.008865
1 0.910239 0.825355 0.009309 0.010638
1 0.916223 0.798759 0.013298 0.017730
1 0.873670 0.764184 0.021277 0.033688
1 0.847739 0.791667 0.017287 0.028369
1 0.809840 0.804078 0.005319 0.007092
1 0.820479 0.823582 0.013298 0.028369
1 0.799202 0.892730 0.023936 0.028369
1 0.732048 0.807624 0.009309 0.007092
1 0.735372 0.837766 0.005319 0.007092
1 0.753324 0.864362 0.009309 0.014184
1 0.510638 0.976950 0.021277 0.030142
1 0.564495 0.913121 0.019947 0.015957
1 0.590426 0.937943 0.015957 0.026596
1 0.607048 0.758865 0.014628 0.015957
1 0.573803 0.790780 0.017287 0.023050
1 0.587101 0.775709 0.019947 0.024823
1 0.652926 0.820922 0.007979 0.012411
1 0.639628 0.797872 0.005319 0.012411
1 0.667553 0.883865 0.010638 0.024823
1 0.689495 0.857270 0.009309 0.021277
1 0.685505 0.813830 0.003989 0.005319
1 0.322473 0.939716 0.011968 0.023050
1 0.282580 0.938830 0.017287 0.014184
1 0.264628 0.981383 0.010638 0.014184
1 0.245346 0.977837 0.011968 0.014184
1 0.223404 0.935284 0.010638 0.007092
1 0.182181 0.789007 0.015957 0.019504
1 0.176862 0.695922 0.015957 0.039007
1 0.214761 0.649823 0.011968 0.028369
1 0.343085 0.734929 0.007979 0.007092
1 0.444149 0.710993 0.013298 0.015957
1 0.435505 0.679078 0.011968 0.015957
1 0.530585 0.652482 0.007979 0.015957
1 0.138963 0.797872 0.019947 0.030142
1 0.162899 0.829787 0.014628 0.030142
1 0.200798 0.835106 0.023936 0.030142
1 0.183511 0.867021 0.015957 0.033688
1 0.217420 0.882979 0.014628 0.015957
1 0.254654 0.843085 0.009309 0.017730
1 0.273271 0.803191 0.009309 0.023050
1 0.212101 0.962766 0.019947 0.015957
1 0.194814 0.908688 0.011968 0.007092
1 0.158245 0.900709 0.010638 0.012411
1 0.157580 0.868794 0.009309 0.008865
1 0.121011 0.887411 0.010638 0.010638
1 0.122340 0.921986 0.007979 0.012411
1 0.147606 0.948582 0.010638 0.019504
1 0.109043 0.970745 0.013298 0.007092
1 0.170213 0.951241 0.007979 0.010638
1 0.167553 0.928191 0.015957 0.010638
1 0.082447 0.356383 0.005319 0.012411
1 0.143617 0.521277 0.007979 0.015957
1 0.462101 0.778369 0.019947 0.026596
1 0.950798 0.894504 0.007979 0.031915
1 0.972739 0.883865 0.009309 0.031915
1 0.962101 0.789894 0.009309 0.046099
1 0.991356 0.710106 0.017287 0.014184
1 0.322473 0.603723 0.014628 0.021277
1 0.214761 0.568262 0.025266 0.017730