2 0.811170 0.073582 0.021277 0.024823
2 0.831782 0.208333 0.014628 0.017730
2 0.596410 0.115248 0.011968 0.033688
2 0.567154 0.099291 0.011968 0.019504
2 0.582447 0.101064 0.007979 0.044326
2 0.541888 0.310284 0.027926 0.019504
2 0.641622 0.271277 0.017287 0.019504
2 0.660239 0.183511 0.009309 0.021277
2 0.880319 0.264184 0.013298 0.026596
2 0.840426 0.307624 0.013298 0.021277
2 0.783245 0.335993 0.010638 0.031915
2 0.857713 0.358156 0.018617 0.023050
2 0.285239 0.351950 0.017287 0.028369
2 0.301197 0.127660 0.017287 0.033688
2 0.187500 0.328901 0.013298 0.028369
2 0.089761 0.379433 0.017287 0.023050
2 0.198138 0.498227 0.013298 0.015957
2 0.353723 0.468972 0.021277 0.014184
2 0.373670 0.511525 0.021277 0.021277
2 0.496011 0.476064 0.013298 0.014184
2 0.347739 0.372340 0.017287 0.026596
2 0.534574 0.522163 0.018617 0.024823
2 0.521941 0.448582 0.014628 0.023050
2 0.594415 0.354610 0.013298 0.012411
2 0.696144 0.453901 0.009309 0.023050
1 0.625000 0.679965 0.015957 0.024823
2 0.576463 0.616135 0.009309 0.024823
2 0.600399 0.463652 0.022606 0.014184
2 0.686835 0.560284 0.027926 0.015957
2 0.568484 0.522163 0.011968 0.014184
2 0.541888 0.454787 0.019947 0.021277
2 0.706117 0.187943 0.013298 0.015957
2 0.666888 0.265071 0.009309 0.017730
2 0.515293 0.592199 0.017287 0.015957
2 0.573138 0.561170 0.021277 0.028369
2 0.257314 0.610816 0.009309 0.014184
2 0.369016 0.614362 0.011968 0.024823
2 0.397606 0.625887 0.018617 0.019504
2 0.266622 0.746454 0.009309 0.015957
2 0.267952 0.788121 0.011968 0.024823
2 0.329122 0.713652 0.017287 0.021277
2 0.299867 0.657801 0.009309 0.012411
2 0.218750 0.682624 0.022606 0.019504
2 0.145612 0.703014 0.011968 0.014184
2 0.195479 0.655142 0.007979 0.010638
2 0.556516 0.821809 0.027926 0.014184
2 0.556516 0.617021 0.014628 0.030142
2 0.634309 0.578014 0.018617 0.019504
2 0.658245 0.544326 0.018617 0.012411
2 0.635638 0.437943 0.007979 0.012411
2 0.531250 0.363475 0.006649 0.008865
2 0.849734 0.867021 0.018617 0.030142
2 0.590426 0.885638 0.015957 0.021277
2 0.461436 0.676418 0.021277 0.014184
1 0.490027 0.626773 0.019947 0.028369
1 0.671543 0.977837 0.015957 0.017730
1 0.726729 0.937943 0.011968 0.012411
1 0.727394 0.963652 0.013298 0.007092
1 0.480053 0.960106 0.013298 0.017730
1 0.486037 0.915780 0.009309 0.014184
1 0.447473 0.944149 0.011968 0.010638
1 0.234043 0.736702 0.010638 0.010638
1 0.233378 0.764184 0.009309 0.012411
1 0.184176 0.749113 0.011968 0.017730
1 0.099069 0.722518 0.017287 0.021277
1 0.025266 0.719858 0.018617 0.012411
1 0.225399 0.535461 0.019947 0.012411
1 0.234043 0.380319 0.010638 0.010638
1 0.323138 0.180851 0.013298 0.012411
1 0.428856 0.085993 0.011968 0.007092
1 0.596410 0.523050 0.014628 0.026596
1 0.954787 0.438830 0.010638 0.024823
1 0.930186 0.549645 0.003989 0.012411
1 0.623005 0.728723 0.027926 0.015957
1 0.676197 0.662234 0.009309 0.017730
1 0.876330 0.641844 0.007979 0.015957
1 0.865691 0.187943 0.013298 0.023050
1 0.805186 0.100177 0.011968 0.014184
1 0.638963 0.200355 0.006649 0.008865
1 0.256649 0.570922 0.013298 0.019504
1 0.146941 0.657801 0.014628 0.015957