0 0.495111 0.545455 0.298456 0.243568
1 0.628859 0.432379 0.017318 0.018472
1 0.628343 0.387459 0.010959 0.026047
1 0.798536 0.633124 0.017629 0.015247
1 0.833317 0.679817 0.016676 0.022235
1 0.739216 0.736040 0.016200 0.025411
1 0.688711 0.740487 0.014294 0.021600
1 0.662506 0.658217 0.014294 0.024776
1 0.636967 0.805286 0.012388 0.029223
1 0.686519 0.901531 0.008576 0.027317
1 0.786338 0.719840 0.010959 0.020964
1 0.674989 0.632933 0.014294 0.019694
1 0.607712 0.677721 0.016200 0.016517
1 0.457102 0.779557 0.013817 0.017153
1 0.667223 0.737310 0.010006 0.020329
1 0.593508 0.233484 0.015593 0.024949
1 0.616118 0.215552 0.014034 0.021311
1 0.555109 0.078330 0.017542 0.014034
1 0.488058 0.211653 0.015983 0.018712
1 0.469151 0.189823 0.008576 0.017672
1 0.509070 0.311970 0.010915 0.023910
1 0.563296 0.318468 0.007407 0.020271
1 0.289399 0.220594 0.010525 0.024949
1 0.287825 0.476201 0.012328 0.026444
1 0.104024 0.698113 0.016081 0.021441
1 0.132165 0.697399 0.013401 0.017153
1 0.203188 0.853202 0.011792 0.021441
1 0.963158 0.920169 0.016081 0.012150
1 0.903391 0.608348 0.012328 0.024300
1 0.623395 0.654629 0.009388 0.019007
1 0.626524 0.635622 0.012864 0.017153
1 0.561332 0.618469 0.011126 0.013444
1 0.893723 0.466738 0.013212 0.028742
1 0.946398 0.436373 0.006606 0.025497
1 0.124742 0.510006 0.020781 0.016713
0 0.042281 0.691252 0.028302 0.027444
0 0.924786 0.172384 0.025729 0.025729
3 0.205017 0.766724 0.016724 0.020583
3 0.965197 0.257235 0.009130 0.013833
3 0.801071 0.353179 0.015354 0.018259
2 0.772976 0.573260 0.011510 0.020764
2 0.677169 0.459872 0.012864 0.018055
2 0.695619 0.293491 0.011172 0.018055
2 0.656721 0.109912 0.007448 0.032048
2 0.948677 0.298727 0.012864 0.009028
2 0.858118 0.488083 0.009818 0.018507
2 0.928230 0.694773 0.006094 0.022569
2 0.947526 0.632256 0.007448 0.022118
2 0.922136 0.634739 0.001354 0.000000
2 0.713900 0.779002 0.009141 0.016250
2 0.830696 0.861379 0.015911 0.014896
2 0.662950 0.861154 0.016927 0.013542
2 0.675307 0.833394 0.010495 0.017604
2 0.672091 0.814435 0.017604 0.013993
2 0.690372 0.799991 0.010833 0.022118
2 0.617518 0.707683 0.015573 0.015347
2 0.584511 0.683308 0.019297 0.011736
2 0.593821 0.727092 0.013542 0.010833
2 0.555735 0.749210 0.014557 0.011736
2 0.578417 0.734089 0.010495 0.017604
2 0.547441 0.801345 0.006771 0.023923
2 0.513925 0.729801 0.012187 0.029791
2 0.510540 0.682405 0.016250 0.014444
2 0.495983 0.723932 0.007448 0.018055
2 0.455561 0.763248 0.018281 0.010382
2 0.437280 0.780401 0.014896 0.012187
2 0.420387 0.914056 0.015234 0.014444
2 0.410908 0.886296 0.014557 0.014896
2 0.383317 0.890584 0.010156 0.019861
2 0.365036 0.974542 0.010156 0.024375
2 0.447809 0.944299 0.007786 0.020764
2 0.543412 0.868782 0.008463 0.022118
2 0.531563 0.857723 0.006432 0.021667
2 0.521576 0.877810 0.006094 0.019410
2 0.489754 0.873522 0.004740 0.019861
2 0.593042 0.892931 0.013880 0.018958
2 0.610307 0.938070 0.008463 0.021667
2 0.642638 0.903088 0.012864 0.016701
2 0.654487 0.895865 0.010156 0.023923
2 0.603029 0.873070 0.009479 0.019861
2 0.527568 0.755575 0.006432 0.023923
2 0.298106 0.714408 0.011172 0.014896
2 0.259513 0.620294 0.012526 0.010833
2 0.180532 0.605760 0.011510 0.016250
2 0.192211 0.614336 0.014557 0.012639
2 0.203823 0.671211 0.010833 0.016250
2 0.165431 0.790247 0.015621 0.013477
2 0.160975 0.827248 0.009648 0.025729
2 0.140070 0.805501 0.010108 0.026342
2 0.051856 0.782223 0.015621 0.022666
2 0.012803 0.796312 0.019297 0.020216
2 0.004334 0.734134 0.008668 0.023279
2 0.067477 0.833068 0.020216 0.018990
2 0.056451 0.852671 0.016540 0.009189
2 0.085855 0.870742 0.014702 0.018378
2 0.183717 0.936290 0.010108 0.022053
2 0.149259 0.933472 0.014702 0.014702
2 0.132948 0.975435 0.010567 0.018990
2 0.064261 0.896716 0.015621 0.012252
2 0.031641 0.826268 0.010108 0.018378
2 0.031641 0.890591 0.011027 0.012252
2 0.044735 0.896716 0.010567 0.014702
2 0.025208 0.911419 0.009189 0.015927
2 0.037384 0.926121 0.010567 0.014702
2 0.028884 0.927346 0.009189 0.012252
2 0.016709 0.936229 0.007811 0.015315
2 0.769879 0.839684 0.014702 0.014090
2 0.760230 0.806910 0.016540 0.012252
2 0.741393 0.818856 0.007351 0.022666
2 0.734501 0.770461 0.012864 0.020216
2 0.865673 0.785469 0.013324 0.013477
2 0.822715 0.792514 0.009189 0.023891
2 0.855565 0.843972 0.011486 0.015315
2 0.866362 0.884403 0.013783 0.014090
2 0.835580 0.894511 0.008270 0.020828
2 0.814675 0.913808 0.012405 0.011639
2 0.909964 0.777873 0.013324 0.023279
2 0.981867 0.873132 0.017459 0.022666
2 0.944422 0.808197 0.008729 0.028792
2 0.952463 0.731622 0.011946 0.015315
2 0.857752 0.948733 0.007862 0.017153
2 0.746260 0.677625 0.013579 0.020011
2 0.675148 0.345340 0.020011 0.009529
2 0.486754 0.181056 0.012864 0.013341
2 0.493544 0.400705 0.010720 0.018106
2 0.647775 0.529255 0.013579 0.011435
2 0.488041 0.643129 0.014294 0.018106
2 0.421574 0.627883 0.014294 0.014294
2 0.421932 0.524490 0.009291 0.022870
2 0.597246 0.469316 0.008576 0.018106
2 0.819087 0.470269 0.010006 0.020011
2 0.868811 0.653002 0.008576 0.022298
2 0.940123 0.730360 0.006432 0.019440
2 0.942696 0.710063 0.005575 0.017724