0 0.691938 0.927959 0.054031 0.078902
1 0.575515 0.622642 0.037307 0.027444
1 0.658898 0.331647 0.013508 0.021441
1 0.475063 0.825571 0.023750 0.025069
1 0.485453 0.607204 0.018802 0.015833
1 0.783118 0.546642 0.018802 0.017153
1 0.440724 0.268241 0.016823 0.014514
1 0.296287 0.526284 0.009838 0.013117
1 0.284368 0.583544 0.012486 0.018666
1 0.601220 0.830656 0.020466 0.012475
1 0.667005 0.695384 0.015203 0.019492
1 0.228559 0.704740 0.011695 0.014814
1 0.133830 0.042492 0.016373 0.022610
2 0.417199 0.807656 0.022688 0.019492
2 0.464506 0.792063 0.015788 0.016373
2 0.565960 0.809606 0.008186 0.031187
2 0.477955 0.913691 0.018127 0.014814
2 0.468891 0.870809 0.008186 0.022610
2 0.440531 0.835334 0.006432 0.021831
2 0.454857 0.912132 0.014034 0.017932
2 0.431760 0.933962 0.007602 0.017932
2 0.442695 0.943396 0.014268 0.016529
2 0.418603 0.953844 0.008186 0.017153
1 0.439069 0.908233 0.012864 0.016373
2 0.590168 0.831046 0.011695 0.030407
2 0.727000 0.800795 0.023390 0.033526
2 0.609816 0.943162 0.011695 0.019492
2 0.551926 0.989163 0.011695 0.016373
2 0.532337 0.984874 0.015788 0.010915
2 0.493451 0.966552 0.010525 0.022610
2 0.796293 0.965851 0.009941 0.020271
2 0.874708 0.768829 0.017542 0.010136
2 0.863013 0.784812 0.016373 0.014034
2 0.918856 0.855372 0.007602 0.024170
2 0.877924 0.928271 0.008771 0.021831
2 0.947217 0.861609 0.010525 0.028848
2 0.947217 0.835880 0.007017 0.025729
2 0.955111 0.842118 0.006432 0.024170
2 0.966221 0.847185 0.007602 0.021831
2 0.955695 0.738032 0.006432 0.028068
2 0.941077 0.711523 0.011110 0.018712
2 0.889034 0.752456 0.018127 0.013254
2 0.853072 0.903555 0.018712 0.010136
2 0.722673 0.961251 0.010525 0.024170
2 0.751910 0.771792 0.014034 0.024170
2 0.829097 0.880555 0.008186 0.018712
2 0.916225 0.550600 0.007017 0.023390
2 0.860674 0.515515 0.007017 0.024949
2 0.861551 0.616560 0.022805 0.010915
2 0.627592 0.741619 0.018712 0.014034
2 0.627008 0.610245 0.015203 0.014814
2 0.615605 0.603618 0.012280 0.021831
2 0.595139 0.792375 0.016958 0.011695
2 0.504503 0.887884 0.018127 0.012475
2 0.573795 0.942928 0.015203 0.012475
2 0.619991 0.682910 0.008186 0.022610
2 0.382582 0.986590 0.015203 0.012475
2 0.441057 0.886403 0.007017 0.017932
2 0.333756 0.843911 0.018127 0.014034
2 0.343404 0.811165 0.014034 0.037424
2 0.254873 0.887962 0.008186 0.027288
2 0.294928 0.981912 0.009941 0.015593
2 0.324166 0.806877 0.012280 0.017932
2 0.187334 0.928894 0.023975 0.021831
2 0.182656 0.802199 0.012280 0.019492
2 0.187919 0.440356 0.007602 0.021831
2 0.355859 0.351707 0.008771 0.022610
2 0.255399 0.181194 0.014619 0.023390
2 0.190492 0.085295 0.015788 0.015593
2 0.968852 0.016763 0.023390 0.028848
2 0.985810 0.320443 0.007017 0.018712
2 0.887572 0.279121 0.009356 0.021831
2 0.899267 0.190628 0.010525 0.019492
2 0.914471 0.245205 0.005847 0.016373
2 0.737174 0.708561 0.012864 0.020271
2 0.504736 0.568611 0.019297 0.016373
2 0.309196 0.590519 0.016958 0.017153
2 0.887865 0.100499 0.007602 0.025729
1 0.691681 0.513020 0.008186 0.010915
1 0.782317 0.741463 0.007017 0.012475
1 0.990196 0.711835 0.007602 0.015593
1 0.996414 0.748090 0.007172 0.008576
1 0.827635 0.898643 0.009941 0.015593
1 0.839623 0.844846 0.008186 0.012475
1 0.658935 0.758693 0.007017 0.011695
1 0.539938 0.843287 0.009941 0.017153
1 0.476201 0.843677 0.007602 0.016373
1 0.334048 0.653049 0.008186 0.015593
1 0.353930 0.654998 0.007017 0.013254
1 0.372349 0.607048 0.007602 0.009356
1 0.395154 0.922033 0.009941 0.012475
1 0.276743 0.874864 0.007017 0.021051
1 0.285806 0.831592 0.008771 0.015593
1 0.100791 0.794948 0.011110 0.014034
1 0.067168 0.812880 0.007017 0.015593
1 0.031206 0.855762 0.013449 0.015593
1 0.135292 0.919694 0.014619 0.017153
1 0.115995 0.879542 0.019297 0.019492
1 0.106931 0.806643 0.011695 0.021831
1 0.100207 0.709964 0.009941 0.015593
1 0.053134 0.646421 0.007017 0.011695
1 0.041439 0.644862 0.011695 0.017932
1 0.105762 0.654218 0.009356 0.013254
1 0.116287 0.685015 0.007017 0.009356
1 0.427199 0.525417 0.015788 0.011695
1 0.424567 0.512163 0.011695 0.013254
1 0.269024 0.539451 0.009356 0.010136
1 0.130438 0.484485 0.009356 0.012475
1 0.162307 0.512942 0.011110 0.011695
1 0.454390 0.689537 0.009356 0.010915
1 0.446495 0.958912 0.009941 0.014814
1 0.393576 0.935522 0.009356 0.011695
1 0.653380 0.261968 0.008771 0.010915
1 0.993412 0.240527 0.009356 0.010136
1 0.857458 0.353189 0.006432 0.009356
1 0.970607 0.815453 0.014034 0.013254
1 0.467897 0.236629 0.007602 0.011695
1 0.336913 0.230002 0.007602 0.012475
1 0.279900 0.235069 0.005847 0.010136
1 0.275222 0.254561 0.010525 0.013254
2 0.408311 0.742164 0.017542 0.022610
2 0.252826 0.684079 0.018127 0.017153