1 0.357048 0.341312 0.022606 0.014184
1 0.496011 0.417553 0.015957 0.042553
1 0.535239 0.433511 0.011968 0.017730
1 0.597074 0.450355 0.013298 0.015957
1 0.639628 0.463652 0.021277 0.017730
1 0.724734 0.460993 0.015957 0.026596
1 0.795213 0.453014 0.018617 0.010638
1 0.854388 0.414007 0.009309 0.021277
1 0.577128 0.234929 0.010638 0.028369
1 0.625665 0.679965 0.025266 0.021277
1 0.662899 0.701241 0.014628 0.028369
1 0.731383 0.665780 0.010638 0.017730
1 0.563165 0.546986 0.014628 0.017730
1 0.700133 0.585106 0.014628 0.030142
1 0.642287 0.606383 0.010638 0.008865
1 0.946809 0.960106 0.021277 0.028369
1 0.789894 0.922872 0.015957 0.024823
1 0.831782 0.885638 0.014628 0.021277
1 0.791888 0.954787 0.011968 0.017730
1 0.771277 0.929078 0.010638 0.015957
1 0.753324 0.921986 0.011968 0.008865
1 0.611702 0.947695 0.015957 0.017730
1 0.958278 0.570700 0.013298 0.016622
1 0.826961 0.750222 0.011636 0.012190
1 0.829455 0.718639 0.006649 0.006649
1 0.854804 0.734153 0.007480 0.019947
1 0.841922 0.761303 0.006649 0.012190
1 0.794132 0.749668 0.014129 0.026596
1 0.778757 0.719193 0.009973 0.007757
1 0.770861 0.657137 0.005818 0.009973
1 0.750914 0.552416 0.010805 0.022163
1 0.772939 0.526374 0.004987 0.021055
1 0.690243 0.524158 0.007480 0.016622
1 0.541888 0.713098 0.014960 0.019947
1 0.598820 0.784020 0.012467 0.022163
1 0.828624 0.318595 0.009973 0.017730
1 0.735539 0.188387 0.011636 0.014406
1 0.774601 0.140182 0.009973 0.013298
1 0.663647 0.156804 0.009142 0.019947
1 0.810755 0.822806 0.014129 0.013298
1 0.848986 0.811724 0.010805 0.013298
1 0.896775 0.793440 0.016622 0.029920
2 0.806599 0.859929 0.009142 0.018839
2 0.927527 0.821144 0.011636 0.014406
2 0.993268 0.664894 0.013464 0.016622
2 0.849817 0.672097 0.017453 0.013298
2 0.881400 0.701463 0.024102 0.016622
2 0.724734 0.760195 0.014960 0.007757
2 0.706865 0.772939 0.012467 0.011082
2 0.696892 0.793994 0.015791 0.013298
2 0.754239 0.862145 0.012467 0.027704
2 0.864362 0.542996 0.016622 0.014406
2 0.914644 0.461547 0.005818 0.017730
2 0.935007 0.459885 0.008311 0.018839
2 0.946227 0.297540 0.009142 0.013298
2 0.794548 0.282026 0.016622 0.017730
2 0.747590 0.240470 0.012467 0.014406
2 0.751745 0.178413 0.012467 0.012190
2 0.680269 0.139628 0.010805 0.016622
2 0.864777 0.133533 0.004156 0.006649
2 0.476230 0.769614 0.018285 0.015514
2 0.489528 0.695368 0.009973 0.013298
2 0.454621 0.744127 0.011636 0.006649
2 0.445479 0.682070 0.006649 0.019947
2 0.468334 0.673759 0.010805 0.014406
2 0.453790 0.611148 0.014960 0.006649
2 0.443816 0.606715 0.014960 0.026596
2 0.392287 0.531915 0.013298 0.014406
2 0.371509 0.504211 0.006649 0.009973
2 0.361951 0.627770 0.019116 0.022163
2 0.406001 0.673205 0.017453 0.017730
2 0.863946 0.856051 0.010805 0.022163
2 0.920462 0.848293 0.012467 0.011082
2 0.937084 0.842199 0.009142 0.009973
2 0.942902 0.786237 0.010805 0.013298
2 0.930020 0.735816 0.008311 0.009973
2 0.952045 0.735816 0.005818 0.007757
2 0.968251 0.709220 0.004987 0.014406
2 0.969082 0.765182 0.008311 0.017730
2 0.985705 0.759641 0.011636 0.015514
2 0.979056 0.786791 0.004987 0.005541
2 0.994016 0.803967 0.011636 0.022163
2 0.931267 0.803413 0.027427 0.009973
2 0.885555 0.628879 0.009142 0.011082
2 0.880153 0.614473 0.004987 0.004433
2 0.916307 0.553524 0.009142 0.013298
2 0.907995 0.521387 0.015791 0.017730
2 0.930851 0.339650 0.013298 0.006649
2 0.951213 0.350731 0.010805 0.013298
2 0.934591 0.353502 0.012467 0.012190
2 0.754654 0.636082 0.009973 0.018839
2 0.696892 0.621676 0.014129 0.012190
1 0.676114 0.639406 0.005818 0.014406
1 0.784574 0.847185 0.009973 0.015514
1 0.851479 0.833333 0.005818 0.009973
1 0.788314 0.874889 0.012467 0.017730
1 0.553939 0.817819 0.015791 0.023271
1 0.566822 0.715315 0.016622 0.015514
1 0.614195 0.746897 0.008311 0.007757
1 0.395612 0.815603 0.008311 0.027704
1 0.425116 0.795656 0.017453 0.005541
1 0.434674 0.785129 0.006649 0.011082
1 0.379820 0.775155 0.011636 0.008865
1 0.507397 0.741910 0.007480 0.006649
1 0.525682 0.789007 0.009142 0.009973
1 0.582197 0.756316 0.007480 0.006649
1 0.580535 0.779034 0.014129 0.016622
1 0.666971 0.767952 0.005818 0.005541
1 0.674036 0.856605 0.006649 0.007757
1 0.726396 0.837212 0.003324 0.004433
1 0.738863 0.847739 0.004987 0.003324
1 0.770861 0.812832 0.010805 0.013298
1 0.868102 0.680408 0.010805 0.012190
1 0.886802 0.523050 0.004987 0.005541
1 0.870180 0.526374 0.003324 0.005541
1 0.780419 0.662123 0.008311 0.004433
1 0.763381 0.715869 0.009142 0.007757
1 0.790392 0.708666 0.008311 0.006649
1 0.773354 0.739694 0.004156 0.006649
1 0.845246 0.582890 0.006649 0.007757
1 0.598404 0.351285 0.011636 0.016622
1 0.632064 0.426640 0.009142 0.009973
1 0.679023 0.336879 0.008311 0.009973
1 0.691489 0.356826 0.004987 0.005541
1 0.666140 0.417221 0.004156 0.011082
1 0.679854 0.455452 0.008311 0.009973
1 0.516955 0.514738 0.009973 0.011082
1 0.448803 0.576795 0.004987 0.008865
1 0.471659 0.580120 0.005818 0.004433
1 0.422207 0.828347 0.018285 0.019947
1 0.474152 0.797872 0.009142 0.012190
2 0.237699 0.739694 0.024934 0.026596
2 0.628740 0.970745 0.014129 0.025488
2 0.437583 0.944703 0.010805 0.028812
2 0.403507 0.940824 0.019116 0.016622
2 0.330369 0.887633 0.019116 0.016622
2 0.307929 0.905918 0.017453 0.019947
2 0.284242 0.909242 0.014960 0.013298
2 0.300449 0.868794 0.012467 0.023271
2 0.307929 0.836104 0.012467 0.019947
2 0.295047 0.791223 0.013298 0.018839
2 0.386469 0.991744 0.014960 0.016512
2 0.367769 0.842199 0.005818 0.018839
2 0.330785 0.566268 0.018285 0.021055
2 0.178690 0.806738 0.011636 0.043218
2 0.252660 0.805629 0.023271 0.025488
2 0.272606 0.833887 0.011636 0.022163
2 0.275100 0.943595 0.014960 0.017730
2 0.327045 0.966312 0.014129 0.021055
2 0.227311 0.914229 0.007480 0.007757
2 0.216922 0.980164 0.021609 0.022163
2 0.117603 0.868794 0.009142 0.016622
2 0.169132 0.838320 0.022440 0.008865
2 0.162068 0.801751 0.013298 0.013298
2 0.074801 0.699246 0.016622 0.016622
2 0.120928 0.718639 0.022440 0.013298
2 0.147108 0.591201 0.018285 0.019947
2 0.253075 0.540780 0.012467 0.018839
2 0.192819 0.352948 0.006649 0.015514
2 0.121759 0.400044 0.007480 0.009973
2 0.107214 0.539672 0.009973 0.005541
1 0.213597 0.482048 0.016622 0.021055
1 0.269282 0.904255 0.008311 0.009973
1 0.259309 0.890957 0.006649 0.007757
1 0.268866 0.875997 0.012467 0.011082
1 0.027427 0.975731 0.004987 0.013298
1 0.028674 0.921432 0.007480 0.015514
1 0.042803 0.916445 0.012467 0.014406
1 0.096410 0.874889 0.006649 0.019947
1 0.107630 0.904809 0.010805 0.006649
1 0.124252 0.823360 0.010805 0.016622
1 0.231466 0.931959 0.012467 0.009973
1 0.253075 0.955230 0.009142 0.014406
1 0.265542 0.932513 0.010805 0.019947
1 0.030336 0.790115 0.009142 0.007757
1 0.093916 0.678191 0.014960 0.016622
1 0.092670 0.597296 0.012467 0.012190
1 0.124668 0.574579 0.009973 0.006649
1 0.186586 0.651596 0.010805 0.005541
1 0.095080 0.184397 0.014628 0.019504
1 0.041223 0.099291 0.015957 0.012411
1 0.117021 0.176418 0.010638 0.010638
1 0.113697 0.246454 0.009309 0.015957
1 0.026596 0.252660 0.005319 0.007092
1 0.077128 0.219858 0.007979 0.008865