1 0.618821 0.663184 0.012864 0.026509
1 0.680220 0.716591 0.009356 0.025729
1 0.713258 0.572743 0.012280 0.021831
1 0.431116 0.699829 0.015203 0.026509
1 0.405972 0.552783 0.012864 0.023390
1 0.703259 0.434508 0.015203 0.014814
1 0.900904 0.485966 0.015203 0.017932
1 0.923125 0.381101 0.018712 0.020271
1 0.948562 0.185171 0.009941 0.021051
1 0.907629 0.044441 0.012280 0.021831
1 0.743607 0.057695 0.021051 0.034305
1 0.608530 0.256120 0.010525 0.014814
1 0.226220 0.355918 0.011695 0.014814
1 0.245517 0.434274 0.012864 0.014034
1 0.225928 0.467800 0.011110 0.014034
1 0.382173 0.962576 0.011110 0.015593
1 0.522630 0.771558 0.009941 0.010915
1 0.692967 0.414938 0.010525 0.024949
1 0.043778 0.271714 0.010525 0.024170
2 0.707177 0.769843 0.013449 0.026509
2 0.724719 0.801809 0.015788 0.015593
2 0.855703 0.757368 0.011110 0.021831
2 0.894589 0.703961 0.010525 0.021051
2 0.913301 0.657571 0.012864 0.014034
2 0.918271 0.619757 0.015788 0.013254
2 0.979378 0.592858 0.010525 0.012475
2 0.986687 0.577265 0.006432 0.024949
2 0.964174 0.613909 0.014034 0.009356
2 0.972653 0.702401 0.011110 0.014814
2 0.982594 0.720334 0.013449 0.016373
2 0.945462 0.710978 0.008186 0.021051
2 0.957450 0.727741 0.013449 0.017153
2 0.953649 0.749571 0.007017 0.014034
2 0.962712 0.747232 0.007602 0.017153
2 0.956280 0.767504 0.012280 0.010915
2 0.953064 0.803368 0.012864 0.024949
2 0.923242 0.787385 0.011695 0.028848
2 0.877631 0.756588 0.009356 0.017153
2 0.885233 0.836114 0.016373 0.015593
2 0.901021 0.868860 0.012864 0.009356
2 0.886403 0.876657 0.007017 0.029627
2 0.898682 0.885233 0.010525 0.009356
2 0.875292 0.854046 0.009356 0.021831
2 0.868275 0.851707 0.010525 0.031187
2 0.877047 0.884064 0.009356 0.016373
2 0.860381 0.907064 0.016958 0.017153
2 0.848686 0.846250 0.007602 0.018712
2 0.830267 0.871199 0.012864 0.012475
2 0.846055 0.891470 0.011695 0.015593
2 0.853949 0.877436 0.011110 0.020271
2 0.823542 0.801809 0.014619 0.017153
2 0.831729 0.763995 0.014619 0.046000
2 0.833483 0.696554 0.014619 0.024949
2 0.751325 0.774910 0.009356 0.017932
2 0.763898 0.799470 0.016958 0.024949
2 0.729690 0.829097 0.016373 0.010915
2 0.738461 0.850538 0.012864 0.016373
2 0.675600 0.813504 0.018127 0.015593
2 0.686711 0.855216 0.012280 0.017932
2 0.668583 0.870419 0.008771 0.020271
2 0.686418 0.909403 0.015203 0.017153
2 0.676477 0.923047 0.018712 0.013254
2 0.676770 0.901996 0.015788 0.008576
2 0.669168 0.889521 0.019297 0.013254
2 0.700745 0.873148 0.015788 0.014814
2 0.645135 0.796741 0.014034 0.011695
2 0.631101 0.758537 0.009356 0.024170
2 0.612681 0.691096 0.019297 0.029627
2 0.550405 0.696554 0.011695 0.031187
2 0.536664 0.700062 0.006432 0.027288
2 0.556253 0.719944 0.014034 0.015593
2 0.565024 0.747622 0.005847 0.014814
2 0.555668 0.753470 0.012864 0.014034
2 0.581982 0.742164 0.011695 0.017932
2 0.600694 0.790504 0.011695 0.008576
2 0.595139 0.795961 0.020466 0.010136
2 0.598063 0.811165 0.018127 0.010915
2 0.586368 0.818572 0.013449 0.010136
2 0.622914 0.817792 0.016373 0.011695
2 0.622622 0.790504 0.011110 0.021051
2 0.627300 0.857165 0.015788 0.024949
2 0.562100 0.814673 0.016373 0.019492
2 0.566194 0.831436 0.012864 0.012475
2 0.582567 0.850148 0.009356 0.010915
2 0.583444 0.874318 0.016958 0.018712
2 0.566778 0.857165 0.011695 0.020271
2 0.440180 0.745283 0.008771 0.024170
2 0.425269 0.733978 0.014034 0.018712
2 0.410358 0.760097 0.011110 0.022610
2 0.389307 0.803758 0.011110 0.016373
2 0.377027 0.711368 0.012280 0.017153
2 0.463862 0.705520 0.011695 0.021051
2 0.445150 0.782317 0.014034 0.015593
2 0.456845 0.816623 0.008186 0.015593
2 0.472634 0.796741 0.010525 0.017932
2 0.486960 0.798690 0.006432 0.014034
2 0.432286 0.926166 0.010525 0.016373
2 0.457138 0.914860 0.011110 0.021831
2 0.496024 0.845080 0.012864 0.022610
2 0.526138 0.829487 0.013449 0.017932
2 0.507134 0.909793 0.014034 0.016373
2 0.538126 0.910182 0.010525 0.021831
2 0.560346 0.924216 0.008186 0.012475
2 0.556838 0.900437 0.010525 0.010136
2 0.574380 0.924216 0.008186 0.028068
2 0.519706 0.857945 0.006432 0.010915
2 0.517367 0.872369 0.020466 0.010136
2 0.549821 0.873928 0.008186 0.019492
2 0.641334 0.817402 0.012280 0.012475
2 0.655953 0.749571 0.011110 0.024949
2 0.761208 0.902776 0.011110 0.024170
2 0.785475 0.899657 0.012864 0.022610
2 0.793077 0.827928 0.012864 0.016373
2 0.705715 0.733744 0.016373 0.011695
2 0.764190 0.738812 0.014034 0.009356
2 0.802199 0.732964 0.014034 0.019492
2 0.789042 0.702947 0.009941 0.021831
2 0.770915 0.678388 0.013449 0.013254
2 0.825589 0.572353 0.015203 0.013254
2 0.820911 0.517776 0.010525 0.022610
2 0.923242 0.449945 0.011695 0.021051
2 0.954526 0.509590 0.009941 0.021831
2 0.921195 0.572353 0.009941 0.016373
2 0.925581 0.649930 0.005847 0.017153
2 0.827343 0.646032 0.007017 0.024949
2 0.801029 0.634726 0.010525 0.010136
2 0.782025 0.621862 0.013449 0.017153
2 0.782317 0.595353 0.007017 0.026509
2 0.772376 0.607438 0.009356 0.016373
2 0.759804 0.593404 0.015788 0.011695
2 0.744893 0.598082 0.015203 0.014814
2 0.797813 0.605879 0.014619 0.017932
2 0.705130 0.609387 0.017542 0.015593
2 0.691973 0.656947 0.015788 0.015593
2 0.687588 0.794558 0.015203 0.013254
2 0.615079 0.592624 0.010525 0.019492
2 0.660104 0.570014 0.018712 0.011695
2 0.661566 0.515827 0.015788 0.020271
2 0.614202 0.564946 0.015788 0.014034
2 0.615664 0.551302 0.022220 0.013254
2 0.624435 0.515048 0.012864 0.018712
2 0.584087 0.521675 0.010525 0.019492
2 0.569761 0.527522 0.012280 0.024949
2 0.598413 0.494386 0.016958 0.016373
2 0.725012 0.499064 0.014034 0.022610
2 0.747817 0.520895 0.011695 0.019492
2 0.330598 0.896148 0.013449 0.018712
2 0.303115 0.795182 0.012280 0.021051
2 0.288204 0.737486 0.010525 0.027288
2 0.309547 0.739046 0.014619 0.016373
2 0.300191 0.705910 0.015788 0.024949
2 0.276801 0.744893 0.009941 0.023390
2 0.264814 0.708249 0.004678 0.023390
2 0.289373 0.815453 0.021051 0.014814
2 0.248441 0.788944 0.014034 0.022610
2 0.195813 0.680961 0.018712 0.012475
2 0.196398 0.854436 0.014034 0.017932
2 0.180317 0.902776 0.008771 0.019492
2 0.172131 0.866911 0.015788 0.021051
2 0.094944 0.813504 0.021636 0.020271
2 0.087342 0.677452 0.018127 0.021051
2 0.075647 0.770622 0.018127 0.015593
2 0.079156 0.794012 0.018127 0.012475
2 0.160728 0.910182 0.011695 0.021831
2 0.114533 0.839233 0.015203 0.017153
2 0.121842 0.815063 0.011110 0.018712
2 0.163944 0.797911 0.006432 0.024949
2 0.150203 0.828317 0.005847 0.026509
2 0.201953 0.795961 0.014619 0.016373
2 0.112194 0.754639 0.016373 0.035085
2 0.284403 0.645876 0.012280 0.017153
2 0.234114 0.731639 0.012280 0.010915
2 0.312178 0.880945 0.010525 0.035085
2 0.834945 0.261578 0.007017 0.024170
2 0.828512 0.272883 0.010525 0.023390
2 0.858919 0.247544 0.007017 0.021051
2 0.910377 0.291205 0.009356 0.022610
2 0.963005 0.296663 0.007017 0.021051
2 0.929089 0.419460 0.007017 0.020271
2 0.942831 0.383986 0.006432 0.019492
2 0.963005 0.386325 0.007017 0.022610
2 0.860966 0.398409 0.016958 0.012475
2 0.840207 0.337206 0.018712 0.028848
2 0.822080 0.245985 0.008186 0.021051
2 0.844593 0.123187 0.016958 0.018712
2 0.710978 0.288087 0.008186 0.027288
2 0.823250 0.455325 0.015203 0.010915
2 0.786703 0.509122 0.005263 0.021831
2 0.780563 0.510681 0.007017 0.018712
2 0.842546 0.493529 0.007017 0.021831
2 0.793135 0.490020 0.013449 0.014814
2 0.785533 0.389833 0.014619 0.009356
2 0.751618 0.418681 0.013449 0.015593
2 0.709223 0.381257 0.014034 0.014034
1 0.709516 0.459613 0.011110 0.016373
0 0.885526 0.406206 0.040348 0.046780
1 0.909208 0.412054 0.010525 0.022610
1 0.470295 0.471074 0.012864 0.015593
1 0.677062 0.165055 0.007017 0.022610
1 0.856580 0.342585 0.008186 0.015593
1 0.304811 0.276704 0.014034 0.011695
1 0.317090 0.377281 0.007017 0.013254
1 0.396616 0.341026 0.009356 0.012475
1 0.459184 0.341416 0.008186 0.011695
1 0.582508 0.312958 0.008771 0.015593
1 0.555025 0.211601 0.008771 0.009356
1 0.696242 0.200686 0.009356 0.012475
1 0.189673 0.727741 0.014619 0.012475
1 0.226513 0.838843 0.012280 0.010136
1 0.320072 0.861843 0.007602 0.010915
1 0.430883 0.841182 0.009356 0.011695
1 0.294636 0.570638 0.007017 0.014814
1 0.331475 0.635350 0.011695 0.011695
1 0.008109 0.567129 0.010525 0.015593
1 0.017465 0.687978 0.009356 0.014034
1 0.026821 0.743724 0.015203 0.017932
1 0.094359 0.726571 0.008771 0.010136
1 0.417141 0.083814 0.007602 0.010136
2 0.205929 0.955403 0.011110 0.020271
2 0.513566 0.706300 0.021051 0.014814
2 0.854826 0.707079 0.009356 0.019492
2 0.828220 0.727351 0.009941 0.017932
2 0.940784 0.752690 0.010525 0.018712
2 0.994289 0.839623 0.011110 0.019492
2 0.369776 0.164510 0.009941 0.021831
2 0.034715 0.360206 0.025144 0.015593
2 0.514502 0.609933 0.009356 0.022610
2 0.521226 0.507797 0.007602 0.013254
2 0.027698 0.808670 0.016958 0.010915
2 0.032668 0.826212 0.019881 0.016373
2 0.024189 0.850382 0.019297 0.011695
2 0.010448 0.885077 0.017542 0.017153
2 0.111902 0.581007 0.011110 0.020271
2 0.224466 0.883674 0.011695 0.012475