1 0.653590 0.850177 0.009309 0.021277
1 0.838431 0.894504 0.017287 0.010638
1 0.452128 0.244681 0.015957 0.015957
1 0.558511 0.048759 0.018617 0.014184
1 0.071144 0.389184 0.022606 0.014184
1 0.147606 0.686170 0.018617 0.026596
1 0.043883 0.378546 0.013298 0.007092
1 0.037899 0.410461 0.009309 0.007092
1 0.018617 0.378546 0.007979 0.021277
1 0.365691 0.526596 0.018617 0.015957
1 0.401596 0.571809 0.007979 0.017730
1 0.970080 0.945922 0.011968 0.028369
1 0.693484 0.738475 0.011968 0.017730
1 0.048537 0.894504 0.017287 0.017730
1 0.962101 0.236702 0.009309 0.014184
1 0.021277 0.893617 0.010638 0.019504