0 0.587101 0.113475 0.017287 0.019504
0 0.752660 0.184397 0.013298 0.023050
0 0.670878 0.205674 0.011968 0.012411
0 0.832447 0.376773 0.015957 0.017730
0 0.750665 0.580674 0.011968 0.028369
0 0.687500 0.543440 0.015957 0.014184
0 0.539894 0.578014 0.013298 0.012411
0 0.573138 0.642730 0.013298 0.039007
0 0.547872 0.689716 0.018617 0.015957
0 0.552527 0.776596 0.011968 0.033688
0 0.666888 0.808511 0.017287 0.015957
0 0.748670 0.742908 0.010638 0.019504
0 0.812500 0.849291 0.013298 0.023050
0 0.769282 0.816489 0.011968 0.017730
0 0.309840 0.322695 0.015957 0.033688
0 0.360372 0.484043 0.010638 0.015957
0 0.602394 0.381206 0.013298 0.019504
1 0.721410 0.421986 0.009309 0.008865
1 0.642287 0.936170 0.007979 0.012411
1 0.028590 0.426418 0.009309 0.010638