3 0.729388 0.466312 0.054521 0.086879
0 0.432846 0.125887 0.038564 0.037234
0 0.552527 0.272163 0.014628 0.024823
0 0.680851 0.278369 0.013298 0.012411
0 0.668218 0.361702 0.011968 0.015957
0 0.693484 0.559397 0.022606 0.021277
0 0.646941 0.490248 0.011968 0.014184
0 0.533910 0.456560 0.011968 0.017730
0 0.517287 0.475177 0.015957 0.023050
0 0.592420 0.734043 0.011968 0.023050
0 0.559176 0.699468 0.017287 0.024823
0 0.735372 0.643617 0.007979 0.026596
2 0.125000 0.781915 0.010638 0.054965
2 0.595745 0.197695 0.013298 0.024823
2 0.638963 0.252660 0.019947 0.042553
2 0.623670 0.026596 0.010638 0.019504
2 0.815824 0.195035 0.019947 0.019504
2 0.913564 0.009309 0.021277 0.018617
2 0.625000 0.555851 0.010638 0.021277
2 0.619681 0.866135 0.018617 0.017730
2 0.553191 0.812057 0.023936 0.015957
2 0.529920 0.842199 0.022606 0.019504
2 0.722739 0.023936 0.022606 0.028369
0 0.936835 0.179965 0.019947 0.017730
0 0.893617 0.710993 0.015957 0.015957
0 0.800532 0.868794 0.015957 0.015957
0 0.906915 0.792553 0.021277 0.015957
0 0.421543 0.599291 0.021277 0.019504
0 0.272606 0.505319 0.023936 0.015957
0 0.503989 0.284574 0.013298 0.017730
0 0.376330 0.058511 0.021277 0.023050
0 0.510638 0.739362 0.015957 0.026596
0 0.585106 0.984929 0.018617 0.021277
0 0.661569 0.815603 0.009309 0.008865
0 0.669548 0.881206 0.017287 0.019504