1 0.551715 0.367067 0.030875 0.030875
1 0.466159 0.243210 0.012864 0.023585
1 0.320094 0.292667 0.009112 0.013579
1 0.219858 0.575329 0.017689 0.017153
1 0.603018 0.650004 0.015315 0.027771
1 0.396267 0.166626 0.026954 0.019603
1 0.060565 0.456587 0.011027 0.027771
1 0.054133 0.436984 0.014090 0.019603
1 0.238218 0.655885 0.014702 0.014702
1 0.168995 0.700400 0.011027 0.012252
1 0.134995 0.760435 0.014090 0.013069
1 0.108348 0.895859 0.015927 0.021237
1 0.385547 0.915053 0.010414 0.015519
1 0.458446 0.682267 0.011639 0.020420
1 0.514192 0.653271 0.012864 0.026137
1 0.327350 0.522748 0.012864 0.013069
1 0.308360 0.766642 0.012864 0.022870
1 0.836233 0.457404 0.009802 0.017969
1 0.869619 0.547251 0.011639 0.014702
1 0.521849 0.275096 0.009802 0.014702
1 0.140631 0.573961 0.015315 0.020420
2 0.550396 0.312342 0.014702 0.016336
2 0.422670 0.355223 0.009189 0.025321
2 0.332312 0.588908 0.014702 0.017969
2 0.357429 0.630156 0.022053 0.025321
2 0.496181 0.774238 0.010414 0.033489
2 0.420220 0.827738 0.021441 0.014702
2 0.169301 0.924855 0.021441 0.022053
2 0.775831 0.869313 0.015927 0.031855
2 0.784714 0.887283 0.011639 0.026954
2 0.804623 0.877889 0.011027 0.027771
2 0.767439 0.942171 0.016540 0.035122
2 0.897799 0.572572 0.017765 0.016336
2 0.864719 0.600343 0.016540 0.021237
2 0.924447 0.390591 0.011027 0.019603
2 0.187372 0.646247 0.008576 0.022870