0 0.555851 0.223404 0.013298 0.021277
0 0.567154 0.313239 0.011968 0.035461
0 0.754654 0.268322 0.009309 0.021277
0 0.677527 0.317967 0.014628 0.016548
0 0.678856 0.494090 0.014628 0.023641
0 0.783910 0.345154 0.017287 0.018913
0 0.837101 0.359338 0.014628 0.028369
0 0.323138 0.359338 0.010638 0.023641
0 0.488697 0.366430 0.014628 0.023641
1 0.420213 0.576832 0.013298 0.023641
1 0.334441 0.679669 0.014628 0.016548
1 0.491356 0.622931 0.011968 0.026005
1 0.583777 0.443262 0.013298 0.021277
1 0.611037 0.186761 0.019947 0.023641
1 0.863032 0.669031 0.013298 0.018913
1 0.865027 0.613475 0.011968 0.016548
1 0.621011 0.817967 0.013298 0.023641
1 0.240027 0.869976 0.017287 0.018913
1 0.317819 0.815603 0.018617 0.018913
1 0.246011 0.958629 0.015957 0.016548
1 0.137633 0.580378 0.009309 0.026005
1 0.488697 0.528369 0.017287 0.016548
1 0.744016 0.836879 0.011968 0.028369
1 0.812500 0.877069 0.010638 0.023641
0 0.833777 0.975177 0.010638 0.026005
0 0.512633 0.709220 0.011968 0.018913
0 0.569149 0.691489 0.015957 0.026005
1 0.596410 0.652482 0.009309 0.023641
1 0.755319 0.508274 0.015957 0.023641
0 0.539229 0.717494 0.014628 0.030733
1 0.271941 0.364066 0.014628 0.028369
0 0.593085 0.351064 0.015957 0.021277
0 0.635638 0.622931 0.005319 0.026005
1 0.356383 0.739953 0.010638 0.028369
2 0.469415 0.488180 0.010638 0.021277