2 0.074848 0.951939 0.009600 0.024361
2 0.086306 0.863578 0.012077 0.017755
2 0.010126 0.799166 0.017651 0.008671
2 0.205221 0.861720 0.020129 0.010735
1 0.166667 0.877410 0.010529 0.007432
1 0.238821 0.918287 0.003097 0.006606
2 0.418029 0.783641 0.018271 0.018580
1 0.404713 0.807176 0.008361 0.015277
2 0.515360 0.899087 0.011148 0.016103
1 0.539514 0.900946 0.009910 0.009910
2 0.767868 0.861720 0.011148 0.022297
2 0.688592 0.766340 0.011768 0.021471
1 0.735662 0.824146 0.013006 0.011561
1 0.600180 0.904868 0.011458 0.011148
1 0.653444 0.874520 0.008981 0.009910
1 0.659173 0.933565 0.004955 0.010735
1 0.865199 0.838804 0.008361 0.018580
1 0.966958 0.905075 0.012077 0.012387
1 0.960145 0.808250 0.016413 0.013626
2 0.868481 0.783269 0.018890 0.009084
1 0.994705 0.705603 0.010590 0.029316
1 0.861359 0.693216 0.013316 0.013626
1 0.908120 0.643008 0.012077 0.011974
2 0.920197 0.680581 0.016413 0.007845
2 0.987551 0.659524 0.016103 0.006193
1 0.958597 0.551550 0.010219 0.019819
2 0.898365 0.518312 0.019819 0.010322
1 0.663477 0.547834 0.014555 0.018993
2 0.657748 0.577563 0.011148 0.019819
2 0.565930 0.668194 0.019509 0.013626
1 0.514462 0.575292 0.020748 0.025187
2 0.477611 0.637846 0.011458 0.021471
2 0.342283 0.644866 0.014555 0.020645
2 0.234207 0.575086 0.017032 0.013213
1 0.424656 0.489368 0.011458 0.021471
1 0.373560 0.192493 0.012697 0.022297
2 0.427134 0.145423 0.014555 0.020645
2 0.548805 0.212519 0.020438 0.015277
1 0.636969 0.371981 0.011458 0.011974
1 0.699090 0.450638 0.016413 0.017342
1 0.725412 0.313308 0.010219 0.009910
1 0.698935 0.184525 0.020438 0.011974
1 0.817540 0.194228 0.010529 0.016516
1 0.852378 0.204137 0.013935 0.018168
2 0.855320 0.397209 0.008052 0.029729
2 0.958442 0.432718 0.007432 0.018168
1 0.909668 0.350758 0.010839 0.016103
1 0.877617 0.368099 0.011768 0.010322
2 0.696148 0.141211 0.016103 0.008258
2 0.542085 0.089186 0.010219 0.016516
1 0.166945 0.542219 0.013935 0.012387
1 0.572681 0.698542 0.005884 0.004955
1 0.503933 0.736116 0.007742 0.004129
1 0.355692 0.478715 0.004955 0.009084
1 0.489626 0.338453 0.005264 0.004542