0 0.771882 0.468772 0.007206 0.021488
1 0.776140 0.443265 0.009172 0.009609
1 0.831990 0.446323 0.016051 0.008735
1 0.708006 0.614168 0.007862 0.015287
2 0.835823 0.281447 0.008517 0.029263
0 0.876376 0.872554 0.010482 0.024895
2 0.631257 0.759652 0.011465 0.022711
1 0.651402 0.893300 0.009172 0.020091
2 0.500852 0.362159 0.017689 0.008298
2 0.555064 0.484015 0.017361 0.016160
2 0.425511 0.373078 0.009827 0.011792
1 0.544549 0.616964 0.020309 0.011792
1 0.289243 0.189553 0.009172 0.022275
1 0.302673 0.284548 0.015068 0.007862
1 0.284034 0.428765 0.006879 0.026205