0 0.692154 0.241135 0.019947 0.012411
0 0.887633 0.454787 0.022606 0.024823
0 0.674867 0.556738 0.019947 0.023050
0 0.627660 0.476064 0.015957 0.014184
0 0.721410 0.439716 0.014628 0.019504
0 0.549867 0.890957 0.017287 0.017730
0 0.837766 0.817376 0.023936 0.019504
0 0.339096 0.608156 0.018617 0.019504
0 0.541888 0.757092 0.022606 0.026596
0 0.501330 0.531915 0.021277 0.015957
2 0.730718 0.501773 0.025266 0.015957
2 0.922207 0.311170 0.014628 0.014184
1 0.805851 0.211879 0.015957 0.007092
1 0.874335 0.498227 0.011968 0.019504
0 0.672872 0.820035 0.018617 0.021277
0 0.586436 0.765957 0.021277 0.012411
0 0.408910 0.686170 0.022606 0.012411
1 0.573803 0.620567 0.009309 0.012411
1 0.658910 0.728723 0.009309 0.008865
1 0.644947 0.777482 0.005319 0.007092
1 0.621011 0.543440 0.005319 0.007092
1 0.391622 0.971631 0.009309 0.012411