0 0.178645 0.478559 0.038593 0.068611
1 0.559419 0.524051 0.022932 0.035051
1 0.497070 0.427387 0.030017 0.022870
1 0.775977 0.419879 0.016250 0.022569
1 0.866029 0.868466 0.020312 0.019861
1 0.681186 0.947459 0.016250 0.033403
1 0.426808 0.654058 0.012864 0.022569
1 0.137357 0.573711 0.018958 0.015347
1 0.090638 0.915862 0.020312 0.027986
1 0.145482 0.844994 0.013542 0.016250
1 0.235872 0.811592 0.016927 0.014444
1 0.371287 0.682495 0.015573 0.019861
1 0.241965 0.522705 0.008802 0.014444
1 0.562933 0.798734 0.009007 0.024841
1 0.965898 0.808432 0.012864 0.022569
1 0.957773 0.956486 0.010156 0.013542
1 0.649025 0.649273 0.010156 0.014444
1 0.752957 0.459872 0.010833 0.016250
1 0.815248 0.465740 0.010833 0.017153
1 0.974700 0.523969 0.014219 0.012639
1 0.311095 0.170624 0.024375 0.018055
1 0.236549 0.294755 0.011510 0.013542
1 0.205065 0.475761 0.012187 0.018055
1 0.014805 0.927598 0.017604 0.015347
1 0.061862 0.575065 0.014219 0.016250
2 0.273788 0.628329 0.026406 0.025278
2 0.350095 0.632391 0.017604 0.017153
2 0.645640 0.683398 0.016927 0.025278
2 0.690665 0.877043 0.016250 0.026180
2 0.697436 0.893744 0.008125 0.023472
2 0.719780 0.884716 0.017604 0.019861
2 0.779024 0.605037 0.014219 0.021667
2 0.815248 0.576600 0.016250 0.013542
2 0.844024 0.391351 0.012864 0.017153
2 0.881602 0.328157 0.014896 0.022569
2 0.894805 0.295658 0.014219 0.015347
2 0.529318 0.348018 0.019635 0.035208
2 0.462625 0.315970 0.016250 0.016250
2 0.336147 0.357498 0.009479 0.023472
2 0.252189 0.216214 0.016250 0.015347
2 0.247111 0.591315 0.012864 0.014444
2 0.107633 0.648432 0.012864 0.023891
2 0.208481 0.782896 0.013324 0.013477
2 0.188725 0.831598 0.012405 0.020216
2 0.334324 0.827003 0.018378 0.013477
2 0.336161 0.815364 0.018378 0.013477
2 0.223827 0.762681 0.009648 0.022053
2 0.408984 0.773585 0.013324 0.025729
2 0.350175 0.768990 0.014243 0.012864
2 0.561750 0.876195 0.015621 0.017765
2 0.461820 0.914175 0.011486 0.025116
2 0.473766 0.920301 0.005054 0.015315
2 0.482495 0.917545 0.006892 0.022053
2 0.471698 0.949706 0.010108 0.011639
2 0.978321 0.686678 0.010006 0.020964
1 0.630678 0.727881 0.009545 0.016046
1 0.592292 0.851823 0.006640 0.011620
1 0.425261 0.794555 0.007885 0.012173
1 0.397043 0.819454 0.008715 0.011066
1 0.434350 0.276102 0.009130 0.008853
1 0.303215 0.246500 0.009960 0.009406
1 0.275162 0.681237 0.009130 0.012173
1 0.243208 0.641399 0.007470 0.013279
1 0.157929 0.653848 0.012864 0.012726
1 0.301367 0.911690 0.013254 0.019752
1 0.071093 0.773793 0.008966 0.016113
1 0.089999 0.700244 0.010915 0.013514
1 0.042440 0.695306 0.007797 0.011955
1 0.036397 0.711679 0.007407 0.011435
1 0.031330 0.723894 0.008966 0.009876
1 0.986983 0.676645 0.007885 0.013833
1 0.892367 0.083550 0.009545 0.013279
2 0.762892 0.306092 0.011205 0.015493
2 0.640223 0.248548 0.007055 0.017706
2 0.754551 0.157528 0.006640 0.014939
2 0.635036 0.351464 0.005810 0.016599
2 0.656200 0.376363 0.008300 0.008853
2 0.654540 0.309688 0.011620 0.019366
1 0.564696 0.099430 0.007055 0.012726
1 0.673837 0.505063 0.009545 0.013279
1 0.551209 0.449732 0.009130 0.012173
1 0.473234 0.601339 0.007885 0.011066
1 0.366583 0.697339 0.007055 0.009406
1 0.368450 0.739114 0.005810 0.011066
1 0.605032 0.827090 0.009545 0.009960