0 0.686792 0.176672 0.043739 0.085763
0 0.143911 0.277873 0.064322 0.051458
1 0.411878 0.057695 0.021636 0.018712
1 0.698990 0.058865 0.011110 0.024170
1 0.927920 0.124357 0.010525 0.019492
1 0.989319 0.060034 0.015203 0.018712
1 0.813017 0.250663 0.011110 0.030407
1 0.862720 0.264697 0.020466 0.016373
1 0.709223 0.170357 0.019881 0.024170
1 0.655134 0.189069 0.018127 0.027288
1 0.593735 0.171137 0.015788 0.025729
1 0.554557 0.184391 0.021636 0.017932
1 0.521811 0.188289 0.020466 0.016373
1 0.494328 0.203103 0.013449 0.030407
1 0.389950 0.242476 0.011695 0.018712
1 0.483510 0.330501 0.011695 0.025729
1 0.489358 0.391315 0.018712 0.019492
1 0.685658 0.322314 0.023975 0.018712
1 0.876462 0.427179 0.022220 0.014814
1 0.621803 0.402620 0.013449 0.028068
1 0.624435 0.430688 0.014034 0.020271
1 0.644901 0.432247 0.021051 0.014034
1 0.605138 0.425620 0.011695 0.028848
1 0.524969 0.420240 0.012280 0.015593
1 0.536079 0.438952 0.011110 0.021831
1 0.467839 0.580384 0.023390 0.017153
1 0.448834 0.706300 0.019297 0.017932
1 0.435385 0.745673 0.018127 0.034305
1 0.328668 0.730469 0.026898 0.021051
1 0.214935 0.707469 0.014619 0.028068
1 0.313757 0.855996 0.014619 0.024170
1 0.280426 0.930064 0.016958 0.031966
1 0.408253 0.914471 0.013449 0.030407
1 0.531869 0.877436 0.013449 0.023390
1 0.587712 0.784656 0.018712 0.023390
1 0.602916 0.922657 0.018712 0.034305
1 0.630984 0.950725 0.018712 0.021831
1 0.699692 0.911742 0.020466 0.018712
1 0.760681 0.958522 0.018712 0.018712
1 0.850148 0.925776 0.012864 0.026509
1 0.833483 0.859114 0.020466 0.024170
1 0.795766 0.813894 0.014034 0.021051
1 0.798690 0.794792 0.017542 0.015593
1 0.904822 0.804928 0.012280 0.026509
1 0.915055 0.721503 0.009356 0.021831
1 0.937276 0.756978 0.016373 0.014814
1 0.836991 0.576329 0.015788 0.020271
1 0.878801 0.529549 0.012864 0.024949
1 0.816525 0.585685 0.018127 0.015593
1 0.758342 0.637143 0.018712 0.021831
1 0.734660 0.539685 0.012280 0.028068
1 0.732321 0.516295 0.022805 0.014034
1 0.670571 0.536177 0.027483 0.021051
1 0.641334 0.559956 0.011110 0.028068
1 0.571456 0.674567 0.016373 0.028068
2 0.557130 0.635584 0.015788 0.032746
3 0.776704 0.871199 0.022220 0.024949
2 0.648351 0.774131 0.019297 0.013254
2 0.930842 0.668776 0.008428 0.018336
2 0.985627 0.590998 0.012421 0.015378
2 0.952801 0.536582 0.015970 0.016561
3 0.827926 0.534512 0.009316 0.018336
2 0.882933 0.800793 0.006654 0.017153
2 0.916203 0.870290 0.007541 0.020110
2 0.950804 0.945703 0.010203 0.015970
2 0.754421 0.755545 0.015970 0.011829
2 0.536789 0.656178 0.008872 0.020110
1 0.532574 0.522584 0.010006 0.012706
1 0.699622 0.544311 0.009053 0.011435
1 0.884871 0.156597 0.015723 0.015882
2 0.912744 0.067975 0.013341 0.029223