2 0.634691 0.425386 0.024443 0.054889
1 0.680360 0.337050 0.020583 0.018868
0 0.846955 0.646655 0.034734 0.041166
1 0.754974 0.756432 0.015437 0.024014
1 0.758834 0.643225 0.012864 0.027444
1 0.624400 0.524871 0.016724 0.020583
2 0.625043 0.566895 0.015437 0.025729
2 0.520197 0.741852 0.029588 0.018868
2 0.326587 0.245283 0.023156 0.017153
1 0.557504 0.094340 0.016724 0.027444
1 0.178002 0.761578 0.014151 0.024014
2 0.116252 0.462264 0.011578 0.025729
2 0.621827 0.644940 0.016724 0.027444
0 0.546569 0.706690 0.020583 0.027444
1 0.055146 0.936535 0.015437 0.024014
2 0.327230 0.479417 0.024443 0.022298