0 0.438165 0.370567 0.022606 0.026596
0 0.400931 0.408688 0.017287 0.017730
0 0.492021 0.290780 0.013298 0.019504
0 0.481383 0.353723 0.021277 0.017730
0 0.496011 0.389184 0.021277 0.014184
0 0.532580 0.401596 0.022606 0.024823
0 0.591755 0.320922 0.013298 0.023050
0 0.632979 0.070035 0.015957 0.021277
0 0.674867 0.266844 0.011968 0.024823
0 0.749335 0.153369 0.014628 0.024823
0 0.785904 0.085993 0.018617 0.017730
0 0.855718 0.085106 0.014628 0.023050
0 0.889628 0.117021 0.021277 0.023050
0 0.906915 0.035461 0.015957 0.023050
0 0.971410 0.109043 0.009309 0.014184
0 0.990691 0.179078 0.015957 0.023050
0 0.988697 0.212766 0.022606 0.030142
0 0.940160 0.458333 0.021277 0.028369
0 0.980053 0.351950 0.021277 0.024823
0 0.821809 0.378546 0.023936 0.031915
0 0.809840 0.250000 0.018617 0.019504
0 0.833112 0.158688 0.011968 0.017730
0 0.751995 0.410461 0.019947 0.024823
0 0.778590 0.503546 0.011968 0.026596
0 0.857713 0.579787 0.018617 0.023050
0 0.892952 0.453014 0.011968 0.024823
0 0.892952 0.687057 0.011968 0.021277
0 0.912899 0.850177 0.014628 0.024823
0 0.912234 0.897163 0.010638 0.023050
0 0.876330 0.899823 0.015957 0.021277
0 0.857048 0.967199 0.017287 0.021277
0 0.807846 0.832447 0.014628 0.024823
0 0.781915 0.621454 0.013298 0.021277
0 0.797872 0.677305 0.018617 0.015957
0 0.733378 0.711879 0.014628 0.028369
0 0.686170 0.355496 0.034574 0.031915
0 0.660904 0.372340 0.021277 0.040780
0 0.613032 0.493794 0.021277 0.028369
0 0.544548 0.507092 0.019947 0.019504
0 0.500665 0.544326 0.019947 0.026596
0 0.521941 0.555851 0.019947 0.017730
0 0.447473 0.470745 0.019947 0.021277
0 0.468085 0.530142 0.018617 0.023050
0 0.579787 0.618794 0.015957 0.015957
0 0.591755 0.659574 0.015957 0.023050
0 0.579787 0.740248 0.010638 0.017730
0 0.678191 0.777482 0.013298 0.021277
0 0.448803 0.824468 0.022606 0.015957
0 0.420878 0.948582 0.022606 0.008865
0 0.531915 0.835993 0.015957 0.017730
0 0.607713 0.828901 0.013298 0.024823
0 0.599069 0.883865 0.014628 0.024823
0 0.621011 0.988475 0.015957 0.017730
0 0.661569 0.556738 0.014628 0.015957
0 0.662899 0.614362 0.017287 0.031915
0 0.657580 0.698582 0.011968 0.015957
0 0.748005 0.477837 0.011968 0.017730
0 0.616356 0.700355 0.011968 0.012411
0 0.496011 0.618794 0.015957 0.015957
0 0.492686 0.650709 0.009309 0.015957
2 0.533245 0.741135 0.007979 0.026596
2 0.533910 0.933511 0.017287 0.028369
2 0.543218 0.979610 0.019947 0.028369
2 0.600399 0.944149 0.014628 0.017730
2 0.561170 0.906028 0.010638 0.012411
2 0.551862 0.807624 0.015957 0.021277
2 0.511968 0.780142 0.007979 0.012411
2 0.513298 0.735816 0.005319 0.040780
2 0.742686 0.839539 0.014628 0.024823
2 0.744016 0.775709 0.017287 0.014184
2 0.685505 0.738475 0.011968 0.021277
2 0.692154 0.627660 0.014628 0.026596
2 0.718750 0.659574 0.017287 0.012411
2 0.700133 0.218972 0.017287 0.024823
2 0.769282 0.130319 0.022606 0.017730
2 0.516622 0.051418 0.017287 0.015957
2 0.539894 0.078014 0.015957 0.023050
2 0.615027 0.040780 0.003989 0.008865
2 0.608378 0.047872 0.022606 0.026596
2 0.349069 0.095745 0.014628 0.019504
2 0.403590 0.113475 0.011968 0.015957
2 0.474069 0.125887 0.009309 0.012411
2 0.481383 0.164007 0.013298 0.014184
2 0.563830 0.143617 0.015957 0.023050
2 0.543883 0.223404 0.013298 0.019504
2 0.480718 0.198582 0.017287 0.023050
2 0.436835 0.170213 0.019947 0.019504
2 0.418218 0.339539 0.009309 0.021277
2 0.398936 0.295213 0.010638 0.024823
2 0.361037 0.164007 0.009309 0.010638
2 0.284574 0.123227 0.010638 0.024823
0 0.334441 0.180851 0.011968 0.012411
2 0.341090 0.254433 0.009309 0.010638
2 0.355053 0.453901 0.021277 0.030142
2 0.373670 0.384752 0.013298 0.023050
2 0.400931 0.377660 0.009309 0.019504
2 0.287234 0.251773 0.021277 0.033688
2 0.257979 0.204787 0.015957 0.021277
2 0.210106 0.072695 0.013298 0.030142
2 0.251995 0.463652 0.017287 0.017730
2 0.267287 0.500887 0.007979 0.010638
2 0.309840 0.527482 0.005319 0.014184
2 0.376330 0.682624 0.013298 0.023050
2 0.351064 0.656915 0.015957 0.024823
2 0.302527 0.617021 0.009309 0.012411
2 0.351064 0.575355 0.013298 0.021277
2 0.388963 0.514184 0.014628 0.019504
2 0.423537 0.585993 0.009309 0.014184
2 0.401596 0.632979 0.013298 0.012411
2 0.470745 0.584220 0.026596 0.014184
2 0.440160 0.553191 0.018617 0.008865
2 0.416223 0.546986 0.010638 0.021277
2 0.431516 0.635638 0.022606 0.014184
2 0.456117 0.599291 0.013298 0.023050
2 0.295213 0.671099 0.018617 0.017730
2 0.321809 0.710993 0.026596 0.030142
2 0.376330 0.726950 0.007979 0.015957
2 0.419548 0.723404 0.017287 0.037234
2 0.392952 0.827128 0.022606 0.017730
2 0.417553 0.800532 0.010638 0.024823
2 0.353723 0.802305 0.015957 0.031915
2 0.193484 0.797872 0.017287 0.023050
2 0.286569 0.766844 0.011968 0.024823
2 0.311170 0.764184 0.007979 0.012411
2 0.320479 0.850177 0.013298 0.021277
2 0.339096 0.871454 0.026596 0.028369
2 0.474734 0.879433 0.013298 0.012411
2 0.436835 0.861702 0.009309 0.015957
2 0.494681 0.848404 0.010638 0.014184
2 0.635638 0.782801 0.013298 0.017730
2 0.785904 0.686170 0.018617 0.037234
2 0.809176 0.703014 0.014628 0.007092
2 0.787234 0.244681 0.007979 0.023050
2 0.656915 0.266844 0.007979 0.024823
2 0.593085 0.301418 0.021277 0.015957
2 0.629654 0.342199 0.014628 0.015957
2 0.593085 0.353723 0.015957 0.024823
2 0.577128 0.570035 0.018617 0.017730
2 0.604388 0.576241 0.011968 0.023050
2 0.495346 0.726064 0.014628 0.021277
2 0.271277 0.403369 0.007979 0.021277
2 0.290559 0.412234 0.014628 0.017730
2 0.273271 0.625887 0.014628 0.023050
2 0.253324 0.582447 0.017287 0.017730
2 0.239362 0.521277 0.021277 0.026596
2 0.240027 0.403369 0.009309 0.017730
2 0.250000 0.250000 0.007979 0.012411
2 0.268617 0.297872 0.015957 0.023050
2 0.270612 0.341312 0.019947 0.017730
2 0.304521 0.381206 0.007979 0.019504
2 0.318484 0.390957 0.009309 0.017730
2 0.330452 0.273936 0.011968 0.010638
2 0.347739 0.290780 0.017287 0.019504
2 0.330452 0.363475 0.006649 0.008865
2 0.339761 0.407801 0.011968 0.023050
2 0.361037 0.421986 0.014628 0.015957
2 0.209441 0.395390 0.014628 0.012411
2 0.054521 0.560284 0.021277 0.023050
2 0.093085 0.521277 0.013298 0.019504
2 0.140957 0.511525 0.031915 0.017730
0 0.097074 0.361702 0.013298 0.026596
0 0.021941 0.209220 0.019947 0.019504
0 0.440160 0.974291 0.015957 0.017730
2 0.300532 0.921986 0.018617 0.033688
2 0.059840 0.651596 0.007979 0.010638
2 0.088431 0.680851 0.014628 0.023050
2 0.148271 0.646277 0.006649 0.010638
2 0.119016 0.652482 0.009309 0.012411
2 0.139628 0.734043 0.013298 0.012411
2 0.180851 0.772163 0.013298 0.010638
2 0.203457 0.717199 0.015957 0.017730
2 0.191489 0.683511 0.018617 0.010638
2 0.166223 0.651596 0.013298 0.021277
0 0.168218 0.574468 0.017287 0.019504
2 0.257979 0.757979 0.021277 0.028369
2 0.257979 0.813830 0.018617 0.012411
2 0.174202 0.846631 0.007979 0.017730
2 0.199468 0.908688 0.010638 0.017730
2 0.209441 0.821809 0.011968 0.017730
2 0.222074 0.904255 0.010638 0.026596
2 0.259309 0.878546 0.010638 0.010638
2 0.277926 0.851064 0.010638 0.012411
2 0.301197 0.851064 0.009309 0.026596
2 0.326463 0.904255 0.017287 0.026596
2 0.098404 0.981383 0.018617 0.028369
2 0.120346 0.926418 0.011968 0.017730
2 0.137633 0.875000 0.017287 0.014184
2 0.111037 0.812057 0.022606 0.019504
2 0.142287 0.772163 0.018617 0.021277
2 0.164229 0.811170 0.009309 0.010638
2 0.070479 0.849291 0.010638 0.012411
2 0.067819 0.924645 0.018617 0.017730
2 0.757314 0.960106 0.011968 0.028369
2 0.763963 0.921099 0.014628 0.021277
2 0.782580 0.918440 0.009309 0.019504
2 0.969415 0.813830 0.007979 0.023050
2 0.829787 0.960106 0.010638 0.031915
2 0.623670 0.851950 0.010638 0.028369
2 0.724734 0.840426 0.013298 0.023050
2 0.694149 0.847518 0.015957 0.023050
2 0.568484 0.671099 0.025266 0.024823
2 0.588431 0.773050 0.025266 0.019504
2 0.505984 0.320035 0.014628 0.031915
2 0.512633 0.372340 0.014628 0.023050
2 0.481383 0.242908 0.013298 0.012411
2 0.267287 0.116135 0.015957 0.028369
2 0.264628 0.364362 0.015957 0.017730
2 0.251995 0.313830 0.011968 0.008865
2 0.195479 0.302305 0.013298 0.021277
2 0.170213 0.273050 0.010638 0.012411
2 0.142952 0.296986 0.011968 0.021277
2 0.142287 0.390957 0.021277 0.021277
2 0.157580 0.352837 0.014628 0.012411
2 0.179521 0.428191 0.015957 0.024823
2 0.228059 0.440603 0.014628 0.021277
2 0.200133 0.495567 0.006649 0.035461
2 0.221410 0.492908 0.003989 0.008865
2 0.226729 0.568262 0.017287 0.014184
2 0.299867 0.558511 0.003989 0.026596
2 0.323138 0.545213 0.013298 0.003546
2 0.210771 0.585106 0.022606 0.026596
2 0.219415 0.639184 0.029255 0.017730
2 0.188830 0.620567 0.010638 0.019504
2 0.055851 0.695035 0.015957 0.012411
2 0.056516 0.592199 0.011968 0.019504
2 0.107048 0.707447 0.017287 0.026596
2 0.075798 0.759752 0.015957 0.021277
2 0.047207 0.754433 0.011968 0.031915
2 0.092420 0.744681 0.011968 0.015957
2 0.067154 0.784574 0.011968 0.031915
2 0.109043 0.854610 0.010638 0.023050
2 0.130984 0.846631 0.011968 0.024823
2 0.265293 0.904255 0.014628 0.023050
2 0.210771 0.745567 0.009309 0.024823
2 0.230718 0.685284 0.019947 0.031915
2 0.345080 0.680851 0.017287 0.019504
2 0.283245 0.716312 0.021277 0.033688
2 0.232713 0.769504 0.010638 0.012411
2 0.263298 0.686170 0.007979 0.015957
2 0.384973 0.746454 0.006649 0.026596
2 0.409574 0.752660 0.013298 0.021277
2 0.382979 0.577128 0.010638 0.017730
2 0.035239 0.835993 0.014628 0.042553