0 0.506432 0.372830 0.019039 0.039794
0 0.538593 0.358353 0.025729 0.030875
0 0.460635 0.327136 0.016981 0.049400
1 0.551973 0.346003 0.015437 0.017153
0 0.579194 0.185111 0.018010 0.035678
0 0.523876 0.139828 0.018525 0.038422
2 0.634717 0.114031 0.018525 0.020583
1 0.616141 0.228268 0.014923 0.029503
1 0.737067 0.277667 0.020069 0.017153
0 0.878319 0.155883 0.018525 0.039794
2 0.871630 0.646244 0.019554 0.010292
2 0.844871 0.660309 0.017496 0.012350
2 0.914340 0.883774 0.012350 0.019897
2 0.669451 0.883431 0.007719 0.026072
1 0.563190 0.884460 0.013379 0.028130
3 0.674340 0.600892 0.020583 0.023328
0 0.604871 0.572419 0.014408 0.040480
0 0.607187 0.521441 0.013894 0.037050
0 0.502727 0.535506 0.028302 0.030875
0 0.319125 0.607479 0.019039 0.042539
0 0.259691 0.413654 0.028816 0.022642
0 0.286707 0.267650 0.021098 0.040480
2 0.553362 0.256398 0.019039 0.017153
2 0.590154 0.269091 0.008233 0.019211
2 0.662710 0.469228 0.014408 0.021269
0 0.990772 0.243774 0.018456 0.026758
0 0.980772 0.551561 0.022127 0.028130
1 0.982830 0.704220 0.011835 0.012350
1 0.912590 0.588954 0.014408 0.012350