0 0.173499 0.480274 0.038593 0.072041
1 0.601463 0.060892 0.016284 0.025729
1 0.590519 0.233510 0.017542 0.013254
1 0.446963 0.286917 0.012280 0.017153
1 0.306682 0.171916 0.021051 0.014814
1 0.660104 0.967488 0.018712 0.014814
1 0.590812 0.746842 0.018127 0.014814
1 0.580579 0.775300 0.018712 0.018712
1 0.296975 0.912833 0.010525 0.017153
1 0.142309 0.845002 0.012280 0.012475
1 0.132309 0.580540 0.022220 0.026509
1 0.058397 0.574692 0.012864 0.013254
1 0.004054 0.642913 0.008108 0.021831
1 0.012787 0.925932 0.015203 0.014034
1 0.153126 0.654608 0.011695 0.014034
1 0.347673 0.632777 0.016958 0.018712
1 0.534266 0.547794 0.018712 0.012475
1 0.895174 0.266646 0.016373 0.021831
1 0.423035 0.653770 0.008576 0.019694
1 0.505702 0.582936 0.011912 0.010165
1 0.239502 0.523347 0.011435 0.015247
1 0.243552 0.591640 0.012864 0.012070
1 0.274760 0.620863 0.010482 0.010800
1 0.261181 0.635157 0.007147 0.012706
1 0.367337 0.682295 0.010959 0.017788
1 0.267041 0.808081 0.019059 0.016517
2 0.220348 0.764564 0.010482 0.015882
2 0.206292 0.785084 0.012864 0.010165
2 0.186758 0.832095 0.010959 0.017788
2 0.087653 0.920081 0.019535 0.019694
2 0.103091 0.648053 0.010959 0.019694
2 0.329649 0.829935 0.018106 0.016517
2 0.494981 0.803570 0.014294 0.010800
2 0.556445 0.892510 0.008576 0.017153
2 0.558351 0.877898 0.016200 0.012070
2 0.678753 0.948415 0.016676 0.032399
2 0.681135 0.878534 0.006194 0.023505
2 0.688282 0.863287 0.018582 0.010800
2 0.695429 0.892828 0.005241 0.021600
2 0.711391 0.888381 0.017153 0.008894
2 0.716727 0.662855 0.007623 0.017788
2 0.479020 0.919510 0.007147 0.017788
2 0.406550 0.773077 0.013341 0.029858
2 0.759132 0.304682 0.010482 0.016517
2 0.774855 0.604917 0.012388 0.017788
2 0.810828 0.577600 0.015723 0.013976
2 0.838225 0.388984 0.010482 0.015882
2 0.875866 0.325138 0.014294 0.015247
2 0.889921 0.295915 0.011912 0.008894
1 0.747935 0.457912 0.009053 0.016517
1 0.812402 0.463196 0.007831 0.014170
1 0.628384 0.729212 0.005593 0.014915
1 0.817716 0.775449 0.008390 0.011932
1 0.627211 0.875322 0.007638 0.011792
1 0.588819 0.849861 0.005628 0.010184
1 0.520637 0.896226 0.014473 0.011792
1 0.458123 0.921419 0.008442 0.010720
1 0.453902 0.909359 0.007236 0.013401
1 0.457922 0.882290 0.004020 0.007504
1 0.421540 0.793578 0.008442 0.012328
1 0.450485 0.792774 0.006834 0.008576
1 0.348172 0.768386 0.011256 0.013401
1 0.271477 0.680746 0.008576 0.012150
1 0.240119 0.641081 0.005896 0.008576
1 0.085156 0.698542 0.008576 0.011435
1 0.138490 0.668525 0.011256 0.008576
1 0.068003 0.774300 0.008576 0.014294
1 0.040398 0.698899 0.006968 0.010720
1 0.430460 0.276944 0.008576 0.012150
1 0.561410 0.100415 0.006968 0.009291
1 0.671026 0.506504 0.007504 0.010720
1 0.232240 0.296955 0.009648 0.016438
1 0.301655 0.247642 0.010184 0.010720
1 0.969966 0.523087 0.010806 0.012350
1 0.963019 0.805901 0.011321 0.013722
1 0.954528 0.958902 0.008748 0.012350
1 0.914906 0.936947 0.007719 0.012350
2 0.977170 0.688233 0.008748 0.017153
1 0.985660 0.679314 0.009262 0.013036
2 0.792178 0.793894 0.013379 0.010292
2 0.606261 0.519039 0.010806 0.017153
2 0.631732 0.354237 0.006175 0.018525
2 0.458370 0.316158 0.015952 0.009605
2 0.332813 0.358696 0.008748 0.023328
2 0.246930 0.216810 0.014408 0.013722
2 0.139537 0.781201 0.015952 0.010978