0 0.363697 0.671099 0.067819 0.085106
0 0.554521 0.148050 0.021277 0.021277
0 0.791888 0.031915 0.009309 0.023050
0 0.620346 0.837766 0.014628 0.035461
0 0.655585 0.797872 0.007979 0.015957
0 0.815824 0.509752 0.006649 0.021277
0 0.697473 0.265071 0.014628 0.017730
0 0.722074 0.320035 0.010638 0.021277
0 0.958112 0.471631 0.014628 0.019504
0 0.976729 0.515071 0.019947 0.014184
1 0.918883 0.117021 0.010638 0.023050
1 0.971410 0.196809 0.017287 0.012411
1 0.867021 0.367021 0.013298 0.019504
1 0.738697 0.625000 0.009309 0.021277
1 0.458777 0.481383 0.005319 0.007092
1 0.492686 0.885638 0.022606 0.017730
1 0.484043 0.994238 0.013298 0.011524
0 0.234707 0.966312 0.017287 0.033688
0 0.279920 0.939716 0.009309 0.019504
0 0.166888 0.610816 0.014628 0.028369