1 0.453945 0.491424 0.020583 0.042882
1 0.728785 0.293672 0.027760 0.026180
1 0.707118 0.500406 0.016927 0.015347
1 0.672926 0.580302 0.012187 0.028889
1 0.740295 0.729710 0.011510 0.020764
1 0.944434 0.405615 0.012187 0.026180
1 0.528708 0.262075 0.014896 0.024375
1 0.461000 0.280581 0.018958 0.019861
1 0.132617 0.243477 0.009479 0.022569
1 0.127878 0.682495 0.010833 0.018055
1 0.012436 0.528121 0.012864 0.012639
1 0.108581 0.630135 0.014219 0.016250
1 0.773607 0.047396 0.012864 0.020764
1 0.955403 0.163402 0.012187 0.030694
1 0.496953 0.462941 0.011510 0.019861
1 0.532161 0.554573 0.010156 0.015347
2 0.797982 0.956035 0.010156 0.023472
2 0.692697 0.884716 0.010833 0.016250
2 0.904766 0.850184 0.008454 0.022543
2 0.896312 0.934967 0.012129 0.015682
2 0.831806 0.918304 0.006616 0.022543
2 0.955489 0.226758 0.011394 0.010292
2 0.591681 0.391522 0.010659 0.016173
2 0.039574 0.629258 0.019113 0.021563
2 0.012742 0.595197 0.018378 0.019113
2 0.096361 0.815388 0.018010 0.027444
2 0.225374 0.909728 0.026832 0.027934
2 0.438557 0.879588 0.018010 0.031365
2 0.444805 0.896741 0.012129 0.025484
2 0.467226 0.889880 0.013600 0.025484
2 0.390535 0.686808 0.017542 0.025729
2 0.387787 0.594418 0.015788 0.028068
2 0.431935 0.955793 0.019881 0.033526
2 0.076700 0.185483 0.020466 0.017932
2 0.165582 0.769843 0.014619 0.034305
2 0.526138 0.610947 0.014619 0.020271
2 0.311243 0.878606 0.017542 0.013254
1 0.376735 0.730859 0.008186 0.014034
1 0.726591 0.821301 0.012280 0.018712
1 0.719574 0.974115 0.009941 0.012475
1 0.718989 0.996803 0.019297 0.006393
1 0.678641 0.954623 0.011110 0.017153
1 0.751325 0.688991 0.010525 0.011695
1 0.739923 0.696008 0.008771 0.013254
1 0.732613 0.529160 0.009356 0.013254
1 0.773546 0.523702 0.014034 0.010136
1 0.743724 0.424216 0.011695 0.017932
1 0.631744 0.323951 0.013449 0.013254
1 0.562451 0.467956 0.008186 0.015593
1 0.180025 0.790971 0.008186 0.014814
1 0.112779 0.763293 0.014034 0.018712
1 0.179148 0.652581 0.011110 0.021831