0 0.480053 0.547872 0.061170 0.090426
1 0.715426 0.180851 0.013298 0.015957
1 0.769282 0.172872 0.009309 0.014184
1 0.804521 0.175532 0.010638 0.008865
1 0.867021 0.148050 0.005319 0.010638
1 0.610372 0.298759 0.013298 0.014184
1 0.464761 0.237589 0.017287 0.015957
1 0.504654 0.356383 0.009309 0.008865
1 0.420213 0.366135 0.010638 0.014184
1 0.388298 0.348404 0.007979 0.010638
1 0.395612 0.442376 0.009309 0.010638
1 0.567819 0.367908 0.013298 0.021277
1 0.630984 0.407801 0.009309 0.019504
2 0.588431 0.546986 0.019947 0.035461
2 0.684840 0.486702 0.013298 0.021277
2 0.971410 0.612589 0.011968 0.021277
2 0.662899 0.671986 0.025266 0.012411
2 0.542553 0.516844 0.023936 0.035461
1 0.723404 0.757092 0.013298 0.015957
1 0.689495 0.569149 0.014628 0.019504
1 0.731383 0.555851 0.005319 0.010638
1 0.541888 0.780142 0.019947 0.030142
1 0.549202 0.872340 0.015957 0.012411
1 0.394282 0.760638 0.035904 0.040780
1 0.549202 0.579787 0.023936 0.026596
1 0.160239 0.265957 0.014628 0.012411
1 0.430186 0.320035 0.009309 0.017730
1 0.227394 0.453014 0.010638 0.021277
1 0.213431 0.515071 0.009309 0.017730
1 0.150931 0.473404 0.006649 0.015957
1 0.172207 0.971631 0.014628 0.019504
1 0.265957 0.969858 0.018617 0.019504
1 0.298537 0.905142 0.009309 0.017730
1 0.490027 0.988475 0.014628 0.021277
1 0.243351 0.898050 0.005319 0.010638
1 0.303191 0.922872 0.013298 0.021277
1 0.256649 0.656028 0.013298 0.015957
1 0.408910 0.491135 0.006649 0.015957
1 0.411569 0.540780 0.006649 0.015957
1 0.028590 0.513298 0.014628 0.017730
1 0.014628 0.860816 0.007979 0.014184
1 0.178191 0.769504 0.010638 0.015957
1 0.140293 0.799645 0.006649 0.015957
1 0.128989 0.632092 0.005319 0.014184
1 0.930851 0.542553 0.010638 0.008865