1 0.824281 0.108157 0.020726 0.019059
1 0.776081 0.105775 0.014184 0.020671
1 0.727916 0.057890 0.011578 0.023156
1 0.883255 0.367925 0.010935 0.022298
1 0.882611 0.334048 0.017367 0.014580
1 0.866209 0.391081 0.020583 0.015437
1 0.746248 0.281304 0.012221 0.030875
1 0.733190 0.371098 0.019297 0.012864
1 0.636385 0.441424 0.019940 0.014580
1 0.725793 0.465009 0.022513 0.020583
1 0.514816 0.052316 0.016081 0.024014
1 0.488636 0.516124 0.011578 0.024014
1 0.504074 0.687393 0.018010 0.014580
1 0.612457 0.737564 0.018654 0.018868
1 0.983598 0.932333 0.009648 0.024871
1 0.832440 0.776244 0.010935 0.021441
1 0.815845 0.751201 0.010935 0.018010
1 0.523821 0.808233 0.009648 0.024014
1 0.757826 0.933876 0.019940 0.018010
1 0.606668 0.772642 0.019940 0.018010
1 0.456154 0.857118 0.026372 0.017153
1 0.726312 0.616261 0.011321 0.027444
1 0.584081 0.562409 0.017812 0.020451
0 0.423714 0.459691 0.029588 0.037736
0 0.527273 0.158662 0.033448 0.022298
0 0.643696 0.216123 0.029588 0.030875
0 0.903559 0.169811 0.024443 0.041166
0 0.989408 0.593482 0.021184 0.037736
0 0.846955 0.355918 0.016724 0.039451
0 0.709949 0.826758 0.018010 0.030875
1 0.596098 0.923671 0.014151 0.025729
1 0.573585 0.608919 0.018010 0.027444
1 0.635583 0.717839 0.017000 0.024504
1 0.530732 0.897656 0.010720 0.020011
1 0.507683 0.530303 0.016081 0.025729
1 0.400479 0.193682 0.013937 0.024300
1 0.827151 0.259434 0.016081 0.015723
1 0.378125 0.875409 0.012864 0.021831
1 0.536397 0.748324 0.019881 0.015074
1 0.580643 0.791985 0.000000 0.002599
1 0.097627 0.860737 0.012864 0.019603
1 0.025035 0.766806 0.013477 0.022870
1 0.012170 0.795393 0.011027 0.016336
2 0.609535 0.670445 0.016220 0.014915
2 0.572060 0.741293 0.008390 0.023865
2 0.535704 0.725259 0.016220 0.014170
2 0.554441 0.728988 0.017898 0.015661
2 0.519931 0.199120 0.015102 0.020881
2 0.475744 0.173764 0.019576 0.013424
2 0.376743 0.275934 0.016220 0.010441
2 0.381498 0.291968 0.010068 0.021627
2 0.272149 0.318667 0.011746 0.023119
2 0.297319 0.317548 0.011746 0.017898
2 0.393243 0.456559 0.015661 0.020881
2 0.415896 0.389067 0.008390 0.021627
2 0.438269 0.390931 0.008390 0.023865
2 0.429040 0.378999 0.008949 0.020881
2 0.354370 0.546200 0.015102 0.011932
2 0.338989 0.555522 0.006712 0.018644
2 0.328082 0.541726 0.019576 0.011932
2 0.312141 0.404057 0.015661 0.014915
2 0.327802 0.405176 0.015661 0.015661
2 0.357614 0.394362 0.009509 0.019390
2 0.401521 0.425311 0.008949 0.020136
2 0.386979 0.421955 0.010068 0.020881
2 0.476863 0.550377 0.016220 0.013424
2 0.463439 0.588784 0.009509 0.023119
2 0.455888 0.607801 0.012305 0.010441
2 0.433347 0.577970 0.018458 0.017898
2 0.438381 0.627414 0.013983 0.015661
2 0.448449 0.638601 0.011746 0.023119
2 0.496551 0.599448 0.012864 0.023865
2 0.508856 0.582295 0.018458 0.011932
2 0.703222 0.617645 0.016780 0.014915
2 0.625531 0.840406 0.010627 0.026102
2 0.479547 0.865016 0.008390 0.021627
2 0.395425 0.807965 0.012864 0.022373
2 0.439891 0.763592 0.008949 0.020136
2 0.424510 0.740846 0.009509 0.017898
2 0.416399 0.724439 0.007831 0.020881
2 0.394306 0.658811 0.009509 0.020881
2 0.382840 0.670371 0.015661 0.015661
2 0.379484 0.627116 0.015661 0.017153
2 0.390391 0.631964 0.013983 0.014915
2 0.311526 0.624357 0.006153 0.019390
2 0.361865 0.711612 0.020695 0.028339
2 0.322992 0.768365 0.011187 0.023119
2 0.348162 0.766873 0.011187 0.018644
2 0.525804 0.922738 0.012305 0.021627
2 0.555839 0.785293 0.016220 0.014915
2 0.588001 0.950108 0.008949 0.025356
2 0.146189 0.708479 0.010627 0.019390
2 0.161850 0.658513 0.018458 0.017898
2 0.200723 0.648072 0.015661 0.014915
2 0.032646 0.573346 0.011746 0.025356
2 0.110952 0.759788 0.012864 0.022373
2 0.127452 0.747110 0.010068 0.020881
2 0.104240 0.930942 0.017339 0.021627
2 0.180867 0.773585 0.011746 0.026102
2 0.176113 0.738907 0.015661 0.017898
2 0.211910 0.850772 0.011187 0.019390
2 0.236520 0.909315 0.011187 0.021627
2 0.360558 0.891718 0.006597 0.024190
2 0.369464 0.903593 0.017153 0.015393
2 0.350002 0.867749 0.008576 0.019352
2 0.341096 0.873686 0.006597 0.015393
2 0.338292 0.860052 0.006927 0.018912
2 0.320579 0.857853 0.017812 0.011875
2 0.333773 0.920526 0.013854 0.020231
2 0.350596 0.896556 0.006597 0.022430
2 0.357193 0.851476 0.014514 0.014954
2 0.316456 0.902494 0.009566 0.016713
2 0.334268 0.898975 0.013524 0.013194
2 0.328001 0.893302 0.015503 0.009236
2 0.325857 0.882306 0.009896 0.008356
2 0.326846 0.872191 0.009896 0.008356
2 0.316126 0.885825 0.008906 0.013634
2 0.304086 0.881647 0.012535 0.012315
2 0.427486 0.767735 0.009566 0.018472
2 0.433423 0.745965 0.010885 0.017153
2 0.449916 0.716717 0.008906 0.013194
2 0.532007 0.652830 0.011321 0.022642
2 0.461767 0.548199 0.010806 0.021955
2 0.529691 0.338250 0.015952 0.019211
2 0.596844 0.271355 0.008233 0.022642
2 0.307382 0.114968 0.017943 0.015799
2 0.321770 0.119030 0.011510 0.010382
2 0.322617 0.132346 0.009818 0.018958
2 0.329387 0.250564 0.009141 0.020312
2 0.303151 0.266588 0.008802 0.019861
2 0.288932 0.253498 0.008802 0.020764
2 0.309414 0.292994 0.011172 0.015799
2 0.234123 0.303963 0.006432 0.021667
2 0.206870 0.279137 0.009479 0.018958
2 0.309549 0.341202 0.011172 0.020312
2 0.217433 0.425612 0.012864 0.009479
2 0.250948 0.396949 0.012187 0.009028
2 0.288526 0.461045 0.015573 0.010833
2 0.308533 0.502753 0.006432 0.019861
2 0.284666 0.526135 0.008802 0.022569
2 0.251151 0.515302 0.006094 0.022569
2 0.244719 0.515753 0.007448 0.019861
2 0.258260 0.487316 0.012187 0.018055
2 0.191771 0.505597 0.012864 0.021215
2 0.134897 0.520042 0.015573 0.021215
2 0.097827 0.518687 0.009818 0.017604
2 0.076160 0.498826 0.011849 0.013090
2 0.053478 0.535614 0.009141 0.016250
2 0.065327 0.526587 0.009141 0.016250
2 0.090209 0.594972 0.005417 0.017604
2 0.085639 0.548705 0.012526 0.013542
2 0.098842 0.556604 0.015234 0.006771
2 0.091733 0.567663 0.011172 0.011736
2 0.186355 0.530649 0.008125 0.014444
2 0.187201 0.550961 0.007109 0.016250
2 0.290354 0.581701 0.016385 0.015799
2 0.323937 0.678749 0.007448 0.023923
2 0.238287 0.683940 0.010156 0.009930
2 0.223899 0.676943 0.011849 0.013090
2 0.268417 0.577638 0.014896 0.012187
2 0.261646 0.638801 0.018958 0.015347
2 0.250305 0.650086 0.014557 0.018958
2 0.248443 0.615555 0.015573 0.007674
2 0.261646 0.612621 0.010833 0.011736
2 0.147050 0.866525 0.011172 0.024826
2 0.120136 0.792047 0.017604 0.011285
2 0.083913 0.750068 0.008125 0.021215
2 0.101855 0.905344 0.018281 0.021215
2 0.079782 0.803376 0.023021 0.010833
2 0.079275 0.784644 0.024713 0.009479
2 0.026192 0.697075 0.008463 0.016701
2 0.008418 0.700235 0.012864 0.010382
2 0.041934 0.713551 0.011510 0.017153
2 0.092715 0.695269 0.020989 0.011285
2 0.042442 0.751693 0.019297 0.008576
2 0.041426 0.744471 0.006432 0.016701
2 0.065293 0.737474 0.007448 0.016250
2 0.158222 0.922091 0.013203 0.013542
2 0.163977 0.902681 0.015911 0.016250
2 0.162792 0.890494 0.016250 0.013542
2 0.173456 0.874695 0.015911 0.014444
2 0.149081 0.885529 0.015911 0.014444
2 0.153990 0.894556 0.012864 0.012639
2 0.177011 0.818724 0.008125 0.012639
2 0.202063 0.830008 0.013542 0.009028
2 0.159915 0.794800 0.013880 0.008125
2 0.102702 0.788029 0.009141 0.018055
2 0.014343 0.861379 0.009141 0.017604
2 0.006917 0.900199 0.013834 0.014896
2 0.039902 0.862508 0.009479 0.017153
2 0.020606 0.818724 0.010833 0.019861
2 0.230297 0.748127 0.011510 0.018055
2 0.249763 0.741582 0.009818 0.016701
2 0.254672 0.707728 0.006094 0.020312
2 0.260596 0.682224 0.010495 0.012639
2 0.274815 0.764828 0.015911 0.009930
2 0.239776 0.817414 0.016250 0.013090
2 0.221834 0.779949 0.012187 0.016701
2 0.196105 0.800713 0.014219 0.018507
2 0.402902 0.100343 0.009863 0.017724
2 0.433391 0.785988 0.013854 0.014514
2 0.792607 0.956591 0.007257 0.027268