1 0.063508 0.379074 0.029588 0.048027
0 0.798714 0.468268 0.036021 0.061750
1 0.211449 0.946827 0.019297 0.030875
1 0.096955 0.845626 0.019297 0.030875
1 0.087307 0.766724 0.018010 0.037736
1 0.048714 0.765866 0.015437 0.022298
1 0.753045 0.569468 0.021870 0.024014
1 0.980746 0.667238 0.014151 0.020583
1 0.843739 0.512864 0.012864 0.041166
1 0.774271 0.649228 0.010292 0.022298
1 0.675858 0.777015 0.016724 0.020583
1 0.510549 0.742710 0.012864 0.020583
1 0.424357 0.717839 0.015437 0.015437
1 0.149700 0.531732 0.011578 0.017153
1 0.754974 0.846484 0.018010 0.018868
1 0.216109 0.154031 0.015009 0.013722
1 0.517996 0.788679 0.008148 0.011435
1 0.510749 0.847398 0.007719 0.015437
1 0.426058 0.772213 0.007290 0.011435
1 0.400114 0.737621 0.007719 0.010863
1 0.891710 0.671412 0.009434 0.014294
1 0.964394 0.618525 0.013293 0.016009
1 0.865981 0.582218 0.012007 0.010863
1 0.697799 0.699142 0.012007 0.011435
1 0.636264 0.715152 0.006432 0.010292
1 0.628116 0.729731 0.009005 0.010863
1 0.646126 0.704288 0.010720 0.013722
1 0.824600 0.778788 0.011578 0.013150
1 0.838536 0.758205 0.010292 0.020011
2 0.919368 0.168382 0.021870 0.013150
2 0.861692 0.209148 0.012007 0.012579
2 0.379403 0.108519 0.015009 0.016009
2 0.164994 0.146827 0.016724 0.019440
2 0.417181 0.389594 0.019726 0.034305
2 0.406675 0.603145 0.014151 0.014294
2 0.364866 0.548256 0.008576 0.015437
2 0.890638 0.618639 0.021870 0.022870
2 0.718253 0.644654 0.010720 0.021155
2 0.216066 0.852544 0.018010 0.020011
2 0.097499 0.930589 0.015009 0.019440
2 0.014122 0.701315 0.028244 0.016009
2 0.008948 0.682447 0.013722 0.018296
2 0.023528 0.921155 0.012007 0.010863
2 0.155818 0.956432 0.008148 0.026301
2 0.601958 0.944883 0.021012 0.018296
2 0.943811 0.806232 0.015009 0.025729
2 0.962250 0.751629 0.009005 0.013722
2 0.948313 0.350829 0.009434 0.019440
2 0.669368 0.569811 0.013293 0.017153
2 0.594969 0.336764 0.018868 0.016009
2 0.509205 0.433391 0.011149 0.010292
2 0.402216 0.433391 0.013293 0.013722
1 0.360063 0.446827 0.008576 0.016581
1 0.428459 0.473128 0.007290 0.013150
1 0.423742 0.487707 0.007290 0.006861
1 0.470698 0.531104 0.006861 0.014294
1 0.521941 0.580560 0.007290 0.006861
1 0.220783 0.735220 0.012864 0.014294
1 0.234505 0.686049 0.010292 0.013150
1 0.299042 0.770955 0.007290 0.012579
1 0.431075 0.915437 0.008576 0.008576
1 0.556504 0.969754 0.012436 0.010863
1 0.581375 0.954603 0.008148 0.008005
1 0.693296 0.927444 0.015009 0.024585
1 0.860866 0.515899 0.006927 0.014514
1 0.824499 0.466091 0.007422 0.015174
1 0.489725 0.393126 0.010391 0.013854