1 0.305186 0.132092 0.009309 0.021277
1 0.273936 0.019504 0.007979 0.023050
1 0.361702 0.187943 0.005319 0.015957
1 0.343750 0.303191 0.011968 0.019504
1 0.722739 0.534574 0.022606 0.021277
1 0.668218 0.500000 0.011968 0.019504
1 0.791223 0.538121 0.018617 0.014184
1 0.871011 0.523050 0.013298 0.015957
1 0.852394 0.479610 0.007979 0.014184
1 0.650266 0.534574 0.010638 0.014184
1 0.646277 0.595745 0.013298 0.015957
1 0.702128 0.598404 0.007979 0.010638
1 0.503989 0.609929 0.013298 0.012411
1 0.434840 0.974291 0.015957 0.014184
1 0.680186 0.931738 0.019947 0.021277
1 0.764628 0.973404 0.013298 0.015957
1 0.494016 0.692376 0.011968 0.017730
1 0.529255 0.645390 0.023936 0.023050
1 0.275266 0.518617 0.023936 0.021277
1 0.357713 0.373227 0.013298 0.028369
1 0.587766 0.487589 0.010638 0.019504
1 0.607713 0.460106 0.015957 0.014184
1 0.723404 0.658688 0.010638 0.021277
1 0.932181 0.392730 0.021277 0.014184