1 0.482247 0.545455 0.018010 0.030875
0 0.352316 0.871355 0.020583 0.041166
1 0.746612 0.024871 0.021870 0.022298
1 0.564802 0.645747 0.015891 0.032287
1 0.265967 0.533246 0.013621 0.017153
1 0.862955 0.695187 0.012864 0.020180
1 0.954520 0.670467 0.017405 0.017153
1 0.918197 0.574614 0.012864 0.027242
1 0.931061 0.517607 0.009838 0.018162
1 0.841767 0.390475 0.012864 0.024216
1 0.588563 0.196751 0.014378 0.016144
1 0.533700 0.738573 0.015135 0.012108
1 0.943926 0.800121 0.011351 0.032287
1 0.736202 0.652003 0.007567 0.014126
1 0.221622 0.953486 0.009081 0.020180
1 0.263924 0.824841 0.008324 0.015135
1 0.726006 0.796195 0.011110 0.010915
1 0.676010 0.646421 0.011695 0.011695
1 0.661976 0.644082 0.009356 0.013254
1 0.159559 0.139560 0.009356 0.012475
1 0.199614 0.090441 0.008771 0.014034
1 0.276509 0.424528 0.009356 0.013254
1 0.356912 0.483393 0.009941 0.014034
2 0.004717 0.933179 0.009434 0.035051
2 0.069561 0.836602 0.012864 0.011932
2 0.029570 0.875009 0.013424 0.026102
2 0.122697 0.726602 0.011746 0.012678
2 0.098087 0.796704 0.016220 0.014170
2 0.108994 0.585279 0.015661 0.016407
2 0.075434 0.610635 0.012305 0.016407
2 0.052222 0.467596 0.009509 0.017898
2 0.108435 0.475054 0.010068 0.019390
2 0.134443 0.399359 0.009509 0.017153
2 0.173149 0.336938 0.012864 0.017898
2 0.186852 0.304870 0.011187 0.010441
2 0.193284 0.250802 0.009509 0.015661
2 0.455720 0.297934 0.013983 0.012678
2 0.304255 0.528792 0.013477 0.011435
2 0.274238 0.702769 0.012252 0.014702
2 0.458017 0.765254 0.007351 0.013885
2 0.446990 0.863269 0.006126 0.023687
2 0.443927 0.952299 0.015927 0.017153
2 0.375317 0.931063 0.011027 0.028588
2 0.582006 0.973863 0.014702 0.018786
2 0.553214 0.843992 0.013477 0.023687
2 0.495018 0.731275 0.009802 0.018786
2 0.702381 0.643470 0.012864 0.019603
2 0.900555 0.599771 0.014702 0.008985
2 0.890448 0.673283 0.016540 0.018786
2 0.732398 0.809279 0.014090 0.021237
2 0.729335 0.710447 0.012864 0.014702
2 0.815405 0.796618 0.015927 0.020420
2 0.882484 0.876256 0.009189 0.026137
2 0.959365 0.827657 0.015927 0.008985
2 0.904231 0.862779 0.009802 0.018786
2 0.819387 0.924447 0.011639 0.032672
2 0.805297 0.930164 0.011639 0.021237
2 0.729641 0.853794 0.008576 0.023687
2 0.747040 0.849333 0.012864 0.022132
2 0.755132 0.838820 0.008300 0.022132
2 0.767374 0.838267 0.013694 0.023239
2 0.742267 0.878382 0.018259 0.009406
2 0.738118 0.885852 0.024069 0.011066
2 0.643128 0.866763 0.016184 0.014939
2 0.601320 0.709072 0.017867 0.023823
2 0.583810 0.719078 0.012864 0.028588
2 0.446589 0.598723 0.028588 0.014294
2 0.706022 0.510101 0.011435 0.021917
2 0.795002 0.506289 0.016438 0.012388
2 0.945302 0.580141 0.017153 0.017153
2 0.985682 0.347151 0.007862 0.020011
2 0.549004 0.326186 0.006432 0.020011
2 0.476069 0.757026 0.010391 0.009896
2 0.487449 0.765272 0.012370 0.009236
2 0.490665 0.783085 0.012864 0.007917
2 0.512436 0.840810 0.017812 0.008576
2 0.333817 0.794630 0.020781 0.012535
1 0.230103 0.883431 0.008748 0.015094
1 0.263036 0.977770 0.008748 0.014408
1 0.686998 0.819280 0.009262 0.017153
1 0.584082 0.803156 0.007204 0.013722
1 0.617015 0.876913 0.008233 0.013036
1 0.761818 0.476021 0.008233 0.008233
1 0.671767 0.410497 0.009262 0.014408
1 0.607959 0.250429 0.009262 0.010978
1 0.610592 0.615266 0.009005 0.013722
1 0.283255 0.694597 0.010935 0.012864
2 0.967517 0.796998 0.013508 0.038593
1 0.906089 0.251286 0.011578 0.017153
1 0.908662 0.231561 0.009005 0.012007
1 0.811214 0.237993 0.010935 0.016295
2 0.648349 0.026587 0.009648 0.020583
2 0.503623 0.222985 0.014794 0.012007
2 0.899657 0.960034 0.012864 0.010292
2 0.994854 0.958319 0.010292 0.020583
2 0.753645 0.924014 0.012864 0.013722
2 0.882933 0.176672 0.015437 0.024014
1 0.746891 0.684305 0.009648 0.012864
1 0.195133 0.702058 0.007075 0.010292
1 0.334134 0.727358 0.006432 0.012864
1 0.409713 0.711063 0.008362 0.009434
1 0.478859 0.789108 0.007719 0.014580
1 0.904803 0.531990 0.012864 0.012864
1 0.567110 0.555146 0.010292 0.014580
1 0.431904 0.696398 0.009005 0.012007
1 0.247041 0.367496 0.010292 0.016295
1 0.758469 0.251286 0.010935 0.012007
1 0.843696 0.259005 0.006432 0.012007
1 0.064237 0.176244 0.007719 0.009434