0 0.242686 0.079196 0.011968 0.030733
0 0.587766 0.107565 0.013298 0.021277
0 0.209441 0.104019 0.011968 0.023641
0 0.753989 0.088652 0.013298 0.026005
0 0.626330 0.213948 0.015957 0.021277
0 0.688830 0.200946 0.010638 0.018913
0 0.481383 0.309693 0.013298 0.033097
0 0.442154 0.348700 0.011968 0.026005
0 0.485372 0.451537 0.015957 0.033097
1 0.412899 0.304965 0.006649 0.018913
0 0.859707 0.392435 0.011968 0.028369
0 0.818484 0.617021 0.009309 0.028369
0 0.823138 0.509456 0.007979 0.016548
0 0.791888 0.459811 0.006649 0.011820
0 0.680851 0.439716 0.013298 0.018913
1 0.422872 0.614657 0.013298 0.023641
1 0.414894 0.673759 0.010638 0.018913
1 0.446144 0.684397 0.011968 0.026005
1 0.482048 0.576832 0.011968 0.018913
1 0.334441 0.535461 0.017287 0.030733
1 0.143617 0.393617 0.010638 0.021277
1 0.075133 0.417258 0.011968 0.026005
1 0.184840 0.405437 0.010638 0.021277
1 0.218085 0.399527 0.007979 0.014184
1 0.050532 0.820331 0.007979 0.018913
1 0.466090 0.897163 0.019947 0.030733
1 0.586436 0.813239 0.010638 0.028369
1 0.668883 0.778960 0.010638 0.021277
1 0.652261 0.825059 0.014628 0.014184
1 0.749335 0.595745 0.011968 0.018913
0 0.627660 0.604019 0.015957 0.030733
1 0.811170 0.663121 0.010638 0.011820
1 0.618351 0.287234 0.010638 0.016548
1 0.436835 0.452719 0.006649 0.016548
1 0.529920 0.446809 0.011968 0.009456
1 0.627660 0.374704 0.005319 0.007092
1 0.229388 0.659574 0.011968 0.009456
1 0.675532 0.417258 0.015957 0.016548
2 0.922207 0.424350 0.006649 0.026005
0 0.587101 0.972813 0.011968 0.026005
1 0.293883 0.040189 0.010638 0.014184
1 0.494016 0.765957 0.003989 0.014184
1 0.501330 0.715130 0.007979 0.011820
1 0.503989 0.744681 0.010638 0.014184
1 0.648936 0.534279 0.010638 0.014184
1 0.761303 0.494090 0.019947 0.018913
1 0.539229 0.911348 0.011968 0.016548
1 0.621011 0.868794 0.005319 0.011820
1 0.709441 0.661939 0.003989 0.009456
1 0.598404 0.421986 0.007979 0.016548
1 0.558511 0.516548 0.007979 0.011820
1 0.544548 0.503546 0.006649 0.014184
1 0.591755 0.453901 0.007979 0.014184
1 0.419548 0.767139 0.017287 0.021277
1 0.251330 0.419622 0.007979 0.016548
3 0.265957 0.927896 0.010638 0.030733
3 0.150266 0.905437 0.013298 0.023641
3 0.226064 0.929078 0.010638 0.028369
3 0.127660 0.771868 0.007979 0.016548