2 0.319149 0.714539 0.023936 0.019504
2 0.246676 0.476950 0.017287 0.023050
2 0.523936 0.609929 0.037234 0.037234
2 0.583777 0.730496 0.018617 0.037234
2 0.698803 0.889184 0.038564 0.031915
2 0.589096 0.406028 0.021277 0.015957
2 0.609043 0.387411 0.023936 0.014184
2 0.622340 0.439716 0.021277 0.026596
2 0.501995 0.692376 0.011968 0.031915
1 0.607713 0.621454 0.021277 0.021277
1 0.638298 0.875887 0.007979 0.012411
1 0.687500 0.787234 0.010638 0.008865
1 0.781250 0.353723 0.003989 0.014184
1 0.486037 0.325355 0.011968 0.021277
1 0.528590 0.164007 0.006649 0.010638
1 0.427527 0.344858 0.014628 0.014184
1 0.660239 0.932624 0.033245 0.026596
1 0.335106 0.950355 0.018617 0.023050
1 0.494681 0.493794 0.013298 0.017730