1 0.507973 0.175440 0.022111 0.030553
1 0.554938 0.524080 0.012370 0.019792
1 0.540837 0.579496 0.014844 0.023750
1 0.788231 0.804196 0.018802 0.014514
1 0.743650 0.604829 0.016328 0.014514
1 0.551623 0.692242 0.020781 0.023090
1 0.483639 0.704710 0.013854 0.022430
1 0.337676 0.737696 0.011875 0.015833
1 0.353015 0.656881 0.012864 0.017812
1 0.279044 0.647645 0.013359 0.012535
1 0.290919 0.648964 0.010391 0.012535
1 0.559094 0.934490 0.016328 0.032326
1 0.373549 0.026059 0.023255 0.024410
1 0.423572 0.138871 0.019792 0.020451
1 0.433467 0.333487 0.009896 0.021771
1 0.348364 0.814751 0.013854 0.021111
2 0.859728 0.928882 0.009401 0.023750
2 0.726382 0.866539 0.009896 0.027048
2 0.735288 0.832564 0.011875 0.025069
2 0.723413 0.787703 0.017812 0.019792
2 0.842657 0.821348 0.006927 0.029028
2 0.820887 0.801557 0.006927 0.023750
2 0.871306 0.672912 0.007422 0.025069
2 0.881498 0.602652 0.014349 0.012535
2 0.871108 0.596385 0.011380 0.017153
2 0.993815 0.760588 0.012370 0.020451
2 0.757801 0.880063 0.017318 0.013194
2 0.795900 0.834213 0.007422 0.015174
2 0.804559 0.981660 0.013854 0.019792
2 0.784767 0.974733 0.017812 0.020451
2 0.748400 0.958570 0.008411 0.019792
2 0.732567 0.904473 0.015338 0.010555
2 0.712033 0.903813 0.015833 0.021111
2 0.698427 0.947684 0.016328 0.019132
2 0.675172 0.951643 0.011380 0.020451
2 0.637320 0.982320 0.011875 0.015833
2 0.507389 0.890289 0.009896 0.027048
2 0.442819 0.934490 0.008411 0.023090
2 0.427233 0.937789 0.010885 0.017812
2 0.699763 0.833223 0.010885 0.031666
2 0.679229 0.805185 0.024245 0.019132
2 0.688531 0.517087 0.016328 0.026389
2 0.416793 0.555746 0.010391 0.027708
2 0.487053 0.620398 0.024245 0.040902
2 0.600854 0.809144 0.014349 0.032326
2 0.590711 0.843779 0.018802 0.013194
2 0.349799 0.856643 0.013755 0.027048
2 0.175881 0.839491 0.018802 0.028368
2 0.085087 0.853015 0.009401 0.023750
2 0.086324 0.936799 0.017812 0.014514
2 0.618271 0.071250 0.010391 0.022430
2 0.615055 0.346286 0.012864 0.021771
2 0.764481 0.562805 0.017812 0.020451
2 0.718466 0.592163 0.008906 0.018472
2 0.573394 0.592492 0.017812 0.024410
2 0.411845 0.510358 0.011380 0.011875
2 0.849832 0.782887 0.017318 0.016493
2 0.949878 0.225228 0.018307 0.021111
2 0.434259 0.074218 0.015833 0.019132
2 0.274937 0.037274 0.012864 0.019132
2 0.205766 0.718696 0.010885 0.022430
2 0.224568 0.709460 0.019792 0.029028
2 0.530298 0.878084 0.011380 0.015833
1 0.694963 0.902164 0.011380 0.013854
1 0.649690 0.930202 0.006927 0.011875
1 0.879766 0.996438 0.018802 0.007124
1 0.436931 0.714738 0.016823 0.018472
2 0.666760 0.738554 0.019297 0.021771
2 0.688135 0.922945 0.013359 0.010555
2 0.688630 0.877424 0.008411 0.014514
2 0.880756 0.731825 0.015833 0.013854
2 0.979466 0.696200 0.011380 0.020451
2 0.080337 0.600277 0.017318 0.011215
2 0.027395 0.911070 0.014349 0.023750
2 0.437921 0.798588 0.013854 0.017812
2 0.508032 0.686106 0.019297 0.014514