0 0.556751 0.380257 0.012529 0.035377
0 0.663178 0.524224 0.013267 0.027516
2 0.642357 0.379766 0.007739 0.025550
2 0.682894 0.363797 0.012898 0.013267
2 0.711453 0.365271 0.012529 0.018180
2 0.762861 0.458628 0.004791 0.019163
2 0.674786 0.495725 0.017320 0.009827
2 0.714770 0.514888 0.013267 0.016706
2 0.722693 0.545352 0.009950 0.016706
2 0.663915 0.586625 0.009581 0.019654
2 0.779997 0.257911 0.007370 0.025550
2 0.823113 0.243907 0.005159 0.022111
2 0.846145 0.245873 0.007002 0.018180
2 0.857201 0.290094 0.018057 0.007370
2 0.933446 0.232852 0.014741 0.015723
2 0.954636 0.369939 0.007002 0.025550
2 0.989497 0.396226 0.006560 0.020145
2 0.949735 0.545008 0.009581 0.014249
2 0.947708 0.681849 0.014372 0.011792
2 0.975346 0.640576 0.004054 0.021619
2 0.937021 0.627309 0.010687 0.018671
2 0.863871 0.684798 0.008844 0.017689
2 0.970187 0.722140 0.007739 0.021619
2 0.994141 0.684061 0.007002 0.018180
2 0.915094 0.792404 0.018426 0.012775
2 0.833284 0.785770 0.008107 0.016215
2 0.899985 0.900747 0.007370 0.022111
2 0.867556 0.919418 0.011792 0.011301
2 0.868477 0.970273 0.015846 0.018671
2 0.830152 0.967816 0.015109 0.017689
2 0.781139 0.903204 0.016583 0.010318
2 0.718492 0.895588 0.007739 0.028498
2 0.690854 0.871462 0.016583 0.007370
2 0.617151 0.967030 0.019531 0.012775
2 0.653818 0.803901 0.013267 0.020637
2 0.586011 0.814957 0.022848 0.009336
2 0.709648 0.742482 0.019531 0.010810
2 0.586933 0.701946 0.015846 0.014249
2 0.730469 0.677132 0.016215 0.013758
2 0.730469 0.645686 0.010318 0.026533
2 0.660083 0.616696 0.015478 0.012775
2 0.556162 0.080582 0.010318 0.011301
2 0.514151 0.070755 0.007370 0.016215
2 0.682193 0.014986 0.016952 0.003931
2 0.761608 0.005896 0.018057 0.010318
2 0.809699 0.010564 0.015478 0.009827
2 0.893168 0.008844 0.015109 0.010318
2 0.310178 0.054540 0.016583 0.010318
2 0.358269 0.158952 0.005896 0.019654
2 0.402123 0.301445 0.017689 0.008844
2 0.382776 0.676838 0.012898 0.014741
2 0.442291 0.659149 0.008844 0.022602
2 0.425155 0.873870 0.018794 0.005896
2 0.401386 0.969438 0.012529 0.024076
2 0.492593 0.982213 0.021005 0.014249
2 0.465691 0.973123 0.014372 0.011792
2 0.492588 0.511276 0.024259 0.010782
2 0.490903 0.528122 0.018868 0.008535
2 0.238342 0.397305 0.012803 0.012129
2 0.201550 0.357502 0.014825 0.006739
0 0.671142 0.664369 0.016328 0.013707
0 0.642265 0.696420 0.009978 0.019755
0 0.704251 0.686543 0.007559 0.019352
0 0.692156 0.664369 0.013002 0.012901
0 0.579221 0.910015 0.009676 0.024593
0 0.591921 0.884011 0.012700 0.015320
0 0.552461 0.826157 0.008769 0.020561
0 0.690796 0.846920 0.014514 0.010482
0 0.876845 0.470610 0.016630 0.045960
0 0.386339 0.560958 0.014211 0.025399
0 0.381199 0.605104 0.012397 0.017739
1 0.728048 0.465046 0.013304 0.008870
1 0.610728 0.332204 0.015723 0.013304
1 0.663643 0.278383 0.019352 0.010482
1 0.704161 0.333616 0.010281 0.013707
1 0.822841 0.216296 0.009978 0.008870
1 0.975871 0.538945 0.013304 0.009273
1 0.649432 0.914570 0.007257 0.009676
1 0.884101 0.812167 0.009373 0.014514