0 0.186835 0.100177 0.011968 0.014184
0 0.607713 0.222518 0.023936 0.021277
0 0.769282 0.170213 0.022606 0.026596
1 0.908245 0.094858 0.013298 0.017730
1 0.557846 0.381206 0.017287 0.023050
1 0.561170 0.288121 0.010638 0.031915
1 0.715426 0.454787 0.026596 0.021277
1 0.713431 0.421099 0.019947 0.017730
0 0.617686 0.450355 0.065160 0.079787
0 0.567154 0.718085 0.017287 0.019504
0 0.610372 0.948582 0.013298 0.019504
0 0.712101 0.815603 0.011968 0.023050
0 0.762633 0.816489 0.017287 0.021277
2 0.395612 0.571809 0.017287 0.031915
2 0.374335 0.502660 0.017287 0.031915
2 0.336436 0.636525 0.023936 0.026596
2 0.225399 0.170213 0.009309 0.019504
2 0.472739 0.203901 0.017287 0.012411
2 0.766622 0.092199 0.014628 0.026596
2 0.898271 0.200355 0.014628 0.026596
2 0.921543 0.320922 0.010638 0.026596
2 0.765293 0.285461 0.011968 0.033688
2 0.826463 0.291667 0.011968 0.024823
2 0.708777 0.241135 0.010638 0.023050
2 0.827128 0.109043 0.015957 0.021277
2 0.855718 0.173759 0.017287 0.015957
2 0.784574 0.449468 0.023936 0.017730
2 0.383644 0.706560 0.014628 0.021277
2 0.399601 0.693262 0.017287 0.030142
2 0.418218 0.535461 0.014628 0.026596
2 0.448803 0.492908 0.019947 0.012411
2 0.463431 0.550532 0.027926 0.017730
2 0.309840 0.912234 0.018617 0.035461
2 0.284574 0.846631 0.013298 0.028369
2 0.296543 0.780142 0.015957 0.019504
2 0.361037 0.706560 0.014628 0.021277
2 0.542553 0.660461 0.023936 0.031915
2 0.586436 0.647163 0.026596 0.015957
2 0.733378 0.607270 0.019947 0.024823
2 0.781915 0.650709 0.013298 0.030142
2 0.828457 0.623227 0.021277 0.028369
2 0.898271 0.572695 0.025266 0.012411
2 0.920878 0.717199 0.030585 0.028369
2 0.713431 0.763298 0.017287 0.031915
0 0.203457 0.790780 0.021277 0.019504
0 0.132979 0.887411 0.015957 0.028369
0 0.186170 0.911348 0.018617 0.019504
0 0.373005 0.905142 0.022606 0.021277
0 0.539894 0.936170 0.021277 0.015957
0 0.581782 0.615248 0.019947 0.012411
0 0.890293 0.519504 0.014628 0.023050
0 0.871011 0.549645 0.018617 0.015957
0 0.966755 0.566489 0.015957 0.024823
0 0.650931 0.685284 0.025266 0.024823
0 0.668883 0.734043 0.018617 0.019504
0 0.216090 0.807624 0.022606 0.024823
0 0.278590 0.731383 0.019947 0.024823
0 0.216090 0.634752 0.011968 0.026596
0 0.710771 0.674645 0.009309 0.031915
0 0.678191 0.576241 0.013298 0.023050
0 0.679521 0.304078 0.010638 0.021277
0 0.591090 0.265957 0.022606 0.026596
0 0.694814 0.118794 0.030585 0.040780
0 0.825798 0.387411 0.018617 0.028369
0 0.698138 0.394504 0.010638 0.024823
0 0.689495 0.353723 0.009309 0.017730
0 0.746011 0.384752 0.021277 0.023050
0 0.714096 0.398050 0.018617 0.024823
0 0.685505 0.286348 0.025266 0.035461
0 0.920878 0.914007 0.009309 0.031915
0 0.943484 0.909574 0.025266 0.047872
0 0.838431 0.591312 0.014628 0.031915
0 0.914894 0.416667 0.026596 0.037234
0 0.786569 0.419326 0.011968 0.021277
0 0.669548 0.516844 0.022606 0.031915
0 0.509309 0.573582 0.021277 0.021277
0 0.912234 0.640957 0.018617 0.021277
0 0.569149 0.534574 0.015957 0.031915
1 0.968750 0.296099 0.017287 0.019504
1 0.662234 0.231383 0.018617 0.021277
1 0.541888 0.420213 0.017287 0.030142
1 0.509973 0.514184 0.017287 0.030142
1 0.315824 0.476950 0.019947 0.023050
1 0.143617 0.592199 0.023936 0.040780
1 0.176197 0.380319 0.022606 0.017730
1 0.106383 0.434397 0.015957 0.012411
1 0.462101 0.699468 0.022606 0.021277
1 0.472739 0.660461 0.014628 0.017730
1 0.591090 0.858156 0.017287 0.033688
1 0.480053 0.763298 0.015957 0.024823
1 0.432846 0.742021 0.014628 0.024823
1 0.409574 0.719858 0.018617 0.030142
1 0.750665 0.703901 0.017287 0.037234
1 0.708112 0.707447 0.017287 0.026596
1 0.633644 0.514184 0.017287 0.030142
1 0.741356 0.519504 0.014628 0.019504
1 0.728723 0.552305 0.007979 0.028369
1 0.635638 0.389184 0.013298 0.014184
1 0.619016 0.296099 0.014628 0.026596
1 0.170213 0.867021 0.021277 0.033688
1 0.510638 0.733156 0.010638 0.017730
1 0.825133 0.756206 0.011968 0.028369
1 0.781250 0.794326 0.014628 0.033688
1 0.675532 0.454787 0.015957 0.017730
1 0.815160 0.510638 0.007979 0.019504
1 0.671543 0.402482 0.015957 0.019504
1 0.697473 0.333333 0.017287 0.019504
1 0.765957 0.404255 0.010638 0.023050
1 0.648936 0.564716 0.015957 0.017730
1 0.740027 0.843085 0.017287 0.017730
1 0.759309 0.861702 0.021277 0.019504
1 0.757314 0.899823 0.019947 0.021277
1 0.963431 0.792553 0.011968 0.015957
1 0.911569 0.835106 0.017287 0.015957
1 0.889628 0.862589 0.013298 0.014184
1 0.947473 0.724291 0.011968 0.031915
1 0.993351 0.573582 0.013298 0.028369
1 0.954787 0.226950 0.013298 0.026596
1 0.924202 0.061170 0.013298 0.021277
1 0.527926 0.815603 0.021277 0.023050
1 0.615691 0.910461 0.013298 0.024823
1 0.477394 0.855496 0.018617 0.024823
1 0.453457 0.762411 0.007979 0.037234
1 0.368351 0.804965 0.013298 0.015957
1 0.666223 0.798759 0.013298 0.014184
1 0.776596 0.573582 0.010638 0.014184
1 0.847074 0.536348 0.010638 0.017730
1 0.824468 0.558511 0.015957 0.015957
1 0.810505 0.568262 0.022606 0.017730
1 0.877660 0.589539 0.013298 0.017730
1 0.974734 0.658688 0.031915 0.014184
1 0.803191 0.717199 0.013298 0.024823
1 0.142287 0.647163 0.015957 0.030142
1 0.057846 0.721631 0.014628 0.023050
1 0.428191 0.846631 0.023936 0.021277
1 0.394282 0.806738 0.006649 0.012411
1 0.391622 0.838652 0.014628 0.015957
1 0.431516 0.915780 0.019947 0.024823
1 0.537234 0.859043 0.021277 0.024823
1 0.467420 0.941489 0.011968 0.015957
1 0.639628 0.903369 0.013298 0.021277
1 0.607048 0.750887 0.014628 0.024823
1 0.608378 0.679078 0.014628 0.019504
1 0.815824 0.814716 0.019947 0.035461
1 0.315160 0.704787 0.015957 0.021277
1 0.159574 0.712766 0.018617 0.033688
1 0.233378 0.714539 0.017287 0.019504
1 0.118351 0.736702 0.013298 0.028369
1 0.093085 0.728723 0.015957 0.015957
1 0.124335 0.700355 0.011968 0.026596
1 0.188165 0.633865 0.014628 0.017730
1 0.168218 0.596631 0.009309 0.007092
1 0.162234 0.640071 0.005319 0.008865
1 0.327128 0.423759 0.010638 0.012411
1 0.457447 0.420213 0.010638 0.015957
1 0.638963 0.653369 0.019947 0.021277
1 0.700798 0.618794 0.010638 0.019504
1 0.563165 0.773936 0.017287 0.014184
1 0.604388 0.781028 0.019947 0.021277
1 0.551862 0.878546 0.021277 0.014184
1 0.515293 0.870567 0.009309 0.019504
1 0.518617 0.900709 0.015957 0.012411
1 0.843750 0.725177 0.017287 0.012411
1 0.851729 0.624113 0.009309 0.019504
1 0.751995 0.564716 0.014628 0.014184
1 0.802527 0.379433 0.017287 0.026596
1 0.472074 0.518617 0.013298 0.021277
1 0.406915 0.757092 0.018617 0.030142
1 0.434840 0.784574 0.010638 0.010638
1 0.401596 0.881206 0.013298 0.033688
1 0.341755 0.799645 0.007979 0.012411
1 0.311835 0.820922 0.017287 0.019504
1 0.348404 0.843085 0.013298 0.028369
1 0.373670 0.873227 0.023936 0.031915
1 0.285239 0.921986 0.019947 0.015957
1 0.231383 0.757092 0.015957 0.015957
1 0.262633 0.758865 0.019947 0.030142
1 0.110372 0.784574 0.018617 0.021277
1 0.130319 0.807624 0.029255 0.017730
1 0.160239 0.794326 0.011968 0.019504
1 0.166888 0.735816 0.017287 0.019504
1 0.492686 0.821809 0.019947 0.028369
1 0.445479 0.812057 0.021277 0.012411
1 0.410904 0.816489 0.015957 0.031915
1 0.462766 0.591312 0.015957 0.017730
1 0.523936 0.709220 0.013298 0.026596
1 0.576463 0.805851 0.019947 0.021277
1 0.772606 0.740248 0.018617 0.017730
1 0.697473 0.491135 0.017287 0.015957
1 0.799867 0.276596 0.014628 0.019504
1 0.496676 0.261525 0.017287 0.024823
1 0.073803 0.889184 0.025266 0.017730
1 0.059840 0.847518 0.018617 0.023050
1 0.063830 0.786348 0.018617 0.021277
1 0.064495 0.658688 0.019947 0.017730
1 0.061170 0.681738 0.021277 0.021277
1 0.934176 0.772163 0.019947 0.014184
1 0.994681 0.695035 0.010638 0.019504
1 0.626995 0.820035 0.014628 0.021277
1 0.740027 0.763298 0.017287 0.035461
1 0.680851 0.899823 0.013298 0.021277
1 0.705452 0.853723 0.022606 0.010638
1 0.702793 0.900709 0.019947 0.026596
1 0.951463 0.958333 0.025266 0.035461
1 0.735372 0.890957 0.010638 0.031915
1 0.556516 0.921986 0.019947 0.015957
1 0.430186 0.875887 0.019947 0.019504
1 0.888298 0.130319 0.010638 0.017730
1 0.146277 0.308511 0.018617 0.019504
1 0.165559 0.281915 0.022606 0.012411
1 0.269947 0.147163 0.018617 0.019504
1 0.541223 0.544326 0.013298 0.023050
1 0.642952 0.590426 0.025266 0.026596
1 0.973404 0.888298 0.013298 0.015957
1 0.684176 0.817376 0.011968 0.012411
1 0.175532 0.833333 0.007979 0.015957
1 0.240027 0.797872 0.022606 0.019504
1 0.206117 0.764184 0.013298 0.023050
1 0.322473 0.789894 0.011968 0.024823
1 0.599069 0.524823 0.017287 0.023050
1 0.970745 0.156028 0.015957 0.019504
1 0.026596 0.908688 0.013298 0.024823
1 0.011968 0.617908 0.015957 0.021277
1 0.057181 0.497340 0.013298 0.024823
1 0.087101 0.466312 0.014628 0.019504
1 0.114362 0.335106 0.018617 0.026596
1 0.376995 0.829787 0.017287 0.019504