0 0.897127 0.542882 0.039880 0.104631
2 0.718954 0.478559 0.020583 0.017153
2 0.837307 0.206690 0.010292 0.032590
2 0.783276 0.106346 0.010292 0.027444
2 0.713808 0.135506 0.015437 0.037736
2 0.591595 0.488851 0.018010 0.034305
2 0.706732 0.780446 0.021870 0.020583
2 0.854674 0.754717 0.019297 0.024014
2 0.266123 0.981132 0.023156 0.017153
1 0.104674 0.821612 0.016724 0.024014
2 0.361964 0.547170 0.016724 0.027444
1 0.812221 0.318182 0.014151 0.018868
1 0.005060 0.254717 0.010120 0.018868
2 0.012779 0.427959 0.025557 0.025729