0 0.569082 0.409091 0.047599 0.053173
1 0.603381 0.037736 0.017153 0.028588
1 0.979506 0.500786 0.013401 0.015009
1 0.811196 0.271727 0.008040 0.020011
1 0.933355 0.756861 0.010720 0.022870
1 0.611689 0.744354 0.017689 0.015009
1 0.406125 0.703974 0.008576 0.011435
1 0.419257 0.945540 0.006968 0.012864
1 0.377823 0.206189 0.009648 0.015009
1 0.604238 0.369282 0.008576 0.013579
1 0.264884 0.321041 0.006968 0.010006
1 0.084084 0.948399 0.008576 0.011435
1 0.156715 0.475557 0.012328 0.012864
2 0.351290 0.874428 0.011256 0.026444
2 0.370051 0.910520 0.016617 0.012864
2 0.360670 0.931961 0.020369 0.017153
2 0.364959 0.900515 0.030017 0.018582
2 0.353166 0.893010 0.024657 0.020726
2 0.410788 0.835835 0.018761 0.007862
2 0.362546 0.809034 0.025193 0.032876
2 0.322077 0.820111 0.017153 0.016438
2 0.323953 0.800457 0.021977 0.015723
2 0.303584 0.794025 0.010184 0.022870
2 0.305192 0.818325 0.015545 0.004288
2 0.282411 0.813679 0.027873 0.013579
2 0.275979 0.794025 0.023585 0.011435
2 0.278659 0.778659 0.020369 0.009291
2 0.248106 0.748999 0.006432 0.022870
2 0.236850 0.754002 0.009648 0.017153
2 0.263383 0.743639 0.014473 0.015009
2 0.241138 0.721484 0.015009 0.015009
2 0.233097 0.694683 0.010720 0.032876
2 0.219965 0.703259 0.008040 0.015723
2 0.200936 0.705403 0.015009 0.011435
2 0.151086 0.702544 0.011792 0.020011
2 0.132058 0.742210 0.011256 0.026444
2 0.121605 0.727559 0.010720 0.020011
2 0.104989 0.754360 0.012864 0.022156
2 0.077383 0.706475 0.017689 0.015009
2 0.087300 0.733991 0.023585 0.024300
2 0.082744 0.790452 0.016617 0.017153
2 0.016545 0.732919 0.019297 0.019297
2 0.010381 0.789022 0.010184 0.025729
2 0.143582 0.804388 0.013937 0.025014
2 0.135810 0.775800 0.021977 0.019297
2 0.163951 0.793310 0.012864 0.024300
2 0.176815 0.798313 0.007504 0.027158
2 0.127233 0.914094 0.013401 0.012864
2 0.152962 0.908376 0.009112 0.022870
2 0.027266 0.862993 0.019297 0.033591
2 0.039058 0.881218 0.010720 0.012864
2 0.185392 0.842982 0.016081 0.025014
2 0.211657 0.827973 0.016081 0.016438
2 0.203616 0.854059 0.013937 0.011435
2 0.203616 0.868711 0.022513 0.015009
2 0.195576 0.906589 0.017153 0.026444
2 0.208173 0.903373 0.006968 0.018582
2 0.225861 0.905517 0.011256 0.022870
2 0.241406 0.905517 0.006968 0.017153
2 0.248374 0.920169 0.011256 0.012150
2 0.259899 0.927316 0.010720 0.019297
2 0.259202 0.865495 0.025193 0.032876
2 0.258398 0.836549 0.020369 0.027873
2 0.331940 0.752573 0.012864 0.021441
2 0.386882 0.775086 0.014473 0.020726
2 0.406983 0.809748 0.012864 0.025729
2 0.421241 0.856918 0.012864 0.017153
2 0.369783 0.860849 0.012864 0.015009
2 0.381039 0.878359 0.013937 0.011435
2 0.311625 0.857276 0.018761 0.016438
2 0.388007 0.738279 0.011792 0.011435
2 0.431961 0.782947 0.011792 0.016438
2 0.512096 0.771012 0.014473 0.034305
2 0.541041 0.768153 0.011256 0.022870
2 0.564358 0.766009 0.008576 0.011435
2 0.538897 0.716338 0.012328 0.017867
2 0.581511 0.716338 0.016081 0.019297
2 0.601076 0.668811 0.013401 0.017153
2 0.656822 0.625572 0.016617 0.012150
2 0.675314 0.605203 0.013937 0.012864
2 0.609116 0.617710 0.012328 0.019297
2 0.506200 0.580903 0.017689 0.015723
2 0.370855 0.661664 0.018225 0.020011
2 0.294043 0.701329 0.021977 0.015009
2 0.294043 0.596627 0.008040 0.022870
2 0.337997 0.574543 0.020905 0.015009
2 0.339873 0.519154 0.016081 0.024300
2 0.303155 0.518796 0.016617 0.016438
2 0.250893 0.533090 0.007504 0.010720
2 0.297527 0.551315 0.034305 0.011435
2 0.295383 0.566324 0.015009 0.012864
2 0.205600 0.511292 0.011256 0.010006
2 0.445630 0.914451 0.010184 0.022156
2 0.468411 0.910878 0.011792 0.023585
2 0.506736 0.812250 0.012328 0.020726
2 0.749929 0.648942 0.010720 0.022870
2 0.634416 0.725772 0.013401 0.012150
2 0.644332 0.736850 0.010720 0.017153
2 0.645137 0.766867 0.010184 0.020011
2 0.652105 0.745783 0.012328 0.017867
2 0.668721 0.711478 0.013401 0.016438
2 0.667113 0.796527 0.005896 0.016438
2 0.615387 0.803316 0.008576 0.025729
2 0.788147 0.731132 0.006968 0.022870
2 0.763758 0.742925 0.012864 0.010720
2 0.772066 0.777945 0.012328 0.015009
2 0.698095 0.860849 0.013401 0.019297
2 0.648513 0.820826 0.013937 0.030732
2 0.728649 0.871927 0.010184 0.012864
2 0.753573 0.840123 0.013937 0.017867
2 0.783055 0.922670 0.017153 0.028588
2 0.796723 0.914808 0.010184 0.024300
2 0.810660 0.803316 0.011256 0.012864
2 0.822720 0.670240 0.015009 0.020011
2 0.682819 0.590337 0.010720 0.030017
2 0.609116 0.581046 0.009112 0.020011
2 0.615548 0.661449 0.008040 0.016438
2 0.503466 0.529517 0.017153 0.026444
2 0.425207 0.526658 0.010720 0.019297
2 0.401890 0.507361 0.015545 0.020726
2 0.429227 0.420169 0.015545 0.012150
2 0.464337 0.392653 0.016081 0.011435
2 0.505074 0.456975 0.018225 0.012864
2 0.458709 0.515580 0.010184 0.018582
2 0.466481 0.517010 0.007504 0.020011
2 0.481489 0.644868 0.013937 0.010720
2 0.473181 0.679531 0.011256 0.005718
2 0.452544 0.683819 0.012864 0.007147
2 0.467285 0.712407 0.010184 0.021441
2 0.464605 0.742782 0.010184 0.012150
2 0.446380 0.748856 0.014473 0.010006
2 0.485938 0.742782 0.020905 0.013579
2 0.488887 0.768868 0.016081 0.011435
2 0.490763 0.687750 0.020905 0.020726
2 0.489423 0.710978 0.022513 0.020011
2 0.519976 0.705975 0.012864 0.020011
2 0.510863 0.725272 0.009648 0.032876
2 0.525068 0.722413 0.010184 0.024300
2 0.645673 0.514079 0.011256 0.020726
2 0.803155 0.556246 0.011256 0.025014
2 0.656554 0.764365 0.008576 0.022156
2 0.652534 0.781875 0.013401 0.010006
2 0.573203 0.851558 0.020905 0.016438
2 0.566234 0.870497 0.008040 0.018582
2 0.552834 0.859420 0.012328 0.022156
2 0.535145 0.857990 0.016617 0.012150
2 0.523621 0.880146 0.012864 0.009291
2 0.528981 0.904445 0.007504 0.016438
2 0.536485 0.884077 0.018225 0.008576
2 0.557390 0.884077 0.007504 0.014294
2 0.563822 0.898370 0.003216 0.020011
2 0.581511 0.900157 0.018225 0.007862
2 0.587407 0.903016 0.013937 0.006432
2 0.592499 0.888365 0.013401 0.011435
2 0.548546 0.922313 0.014473 0.022156
2 0.548010 0.899085 0.015545 0.008576
2 0.244300 0.814180 0.010184 0.012864
2 0.390420 0.291953 0.009112 0.026444
2 0.545437 0.249071 0.010184 0.020726
2 0.534180 0.111135 0.020905 0.006432
2 0.537128 0.129002 0.008576 0.016438
2 0.518100 0.263365 0.010184 0.027873
2 0.503895 0.249428 0.010720 0.014294
2 0.511399 0.274443 0.009648 0.024300
2 0.525336 0.289451 0.008576 0.012864
2 0.590998 0.272656 0.013401 0.013579
2 0.599575 0.288022 0.011256 0.021441
2 0.526676 0.339837 0.018761 0.023585
2 0.620587 0.423599 0.011256 0.020726
2 0.604506 0.422527 0.005896 0.024300
2 0.608794 0.454688 0.013401 0.020011
2 0.746016 0.411807 0.013401 0.017153
2 0.915720 0.607133 0.013401 0.015009
2 0.850593 0.683819 0.013937 0.020011
2 0.843893 0.705617 0.016617 0.013579
2 0.834781 0.737779 0.009112 0.013579
2 0.892403 0.764723 0.010720 0.022870
2 0.882218 0.688250 0.012864 0.021441
2 0.679067 0.737564 0.016081 0.018582
2 0.934480 0.922670 0.014473 0.014294
2 0.991835 0.941252 0.008040 0.031447
2 0.995837 0.143654 0.008326 0.022870
2 0.693646 0.172241 0.015009 0.012864
2 0.660681 0.296098 0.009112 0.029302
2 0.658805 0.388651 0.009648 0.028588
2 0.634416 0.385435 0.009112 0.022156
2 0.371766 0.419668 0.011256 0.030017
2 0.388115 0.387865 0.016081 0.016438
2 0.276622 0.498642 0.012864 0.015009
2 0.472538 0.495426 0.016617 0.018582
2 0.524532 0.498642 0.008040 0.016438
2 0.007862 0.704688 0.009648 0.027158