1 0.521277 0.298759 0.015957 0.031915
1 0.726064 0.174645 0.015957 0.031915
1 0.564495 0.535461 0.014628 0.023050
1 0.350399 0.401596 0.009309 0.017730
1 0.342420 0.381206 0.019947 0.015957
1 0.132314 0.070035 0.014628 0.017730
1 0.153590 0.339539 0.019947 0.028369
1 0.860372 0.195922 0.013298 0.017730
1 0.458112 0.506206 0.009309 0.017730
1 0.530585 0.457447 0.013298 0.023050
1 0.582447 0.408688 0.013298 0.017730
1 0.610372 0.415780 0.013298 0.021277
1 0.737367 0.395390 0.022606 0.012411
1 0.880319 0.463652 0.013298 0.021277
1 0.884309 0.373227 0.005319 0.010638
1 0.178856 0.547872 0.006649 0.005319
1 0.265293 0.575355 0.009309 0.014184
1 0.297872 0.608156 0.010638 0.012411
1 0.255984 0.600177 0.014628 0.021277
1 0.855718 0.767730 0.017287 0.026596
1 0.513963 0.539894 0.017287 0.017730
2 0.850399 0.291667 0.017287 0.031915
2 0.865691 0.820035 0.018617 0.017730
2 0.559176 0.679965 0.006649 0.017730
2 0.781915 0.354610 0.015957 0.023050
2 0.919548 0.275709 0.006649 0.014184
2 0.948803 0.558511 0.011968 0.015957
2 0.563165 0.983156 0.006649 0.014184
2 0.476064 0.937943 0.015957 0.015957
2 0.461436 0.560284 0.015957 0.012411
2 0.623005 0.551418 0.017287 0.012411
2 0.668218 0.532801 0.009309 0.010638
2 0.286569 0.692376 0.011968 0.017730
2 0.276596 0.641844 0.010638 0.026596
2 0.324468 0.641844 0.013298 0.008865
2 0.382314 0.484929 0.009309 0.010638
2 0.398936 0.462766 0.007979 0.008865
2 0.296543 0.520390 0.007979 0.014184
2 0.430851 0.567376 0.010638 0.015957
2 0.246011 0.672872 0.010638 0.021277
2 0.236037 0.971631 0.017287 0.019504
2 0.216090 0.436170 0.011968 0.030142
2 0.310505 0.401596 0.011968 0.028369
2 0.263298 0.477837 0.010638 0.021277
2 0.308511 0.348404 0.007979 0.017730
2 0.166888 0.200355 0.009309 0.008865
2 0.094415 0.593972 0.010638 0.012411