2 0.431196 0.563824 0.020749 0.060864
2 0.506940 0.347246 0.010006 0.022870
2 0.635967 0.397942 0.010959 0.012706
2 0.656693 0.565339 0.020964 0.018423
2 0.743409 0.677784 0.008576 0.018423
2 0.769376 0.679372 0.008100 0.021600
2 0.765803 0.601232 0.011435 0.019059
2 0.778667 0.608221 0.014294 0.013976
2 0.898021 0.764818 0.012864 0.019694
2 0.988025 0.890159 0.015247 0.015247
2 0.934661 0.954005 0.007623 0.020964
2 0.995918 0.771997 0.008163 0.008894
2 0.956817 0.871101 0.006194 0.015247
2 0.717346 0.805349 0.008100 0.026047
2 0.739740 0.826631 0.008100 0.026682
2 0.757369 0.934439 0.010959 0.019694
2 0.720920 0.936980 0.014294 0.009529
2 0.732593 0.891239 0.010006 0.018423
2 0.626342 0.836923 0.008100 0.024141
2 0.616336 0.790229 0.017629 0.019694
2 0.592513 0.835017 0.008100 0.025411
2 0.618004 0.870275 0.010482 0.020964
2 0.627771 0.909663 0.016676 0.010800
2 0.681135 0.981450 0.013817 0.014612
2 0.700670 0.983356 0.010959 0.017153
2 0.744981 0.789594 0.016676 0.012070
2 0.567737 0.954133 0.010959 0.019694
2 0.530573 0.986532 0.013817 0.010800
2 0.570358 0.807064 0.026682 0.019059
2 0.582269 0.929674 0.009529 0.017788
2 0.592751 0.942062 0.014294 0.017153
2 0.481497 0.845181 0.018582 0.012706
2 0.472683 0.808335 0.014294 0.017788
2 0.578029 0.516295 0.015723 0.023505
2 0.505606 0.532177 0.008100 0.020964
2 0.491551 0.812083 0.012388 0.036211
2 0.400689 0.890858 0.006194 0.027317
2 0.422868 0.877864 0.004948 0.016713
2 0.435733 0.969345 0.014844 0.010555
3 0.435238 0.887100 0.013194 0.027268
2 0.401097 0.684963 0.017483 0.014954
2 0.163264 0.863900 0.014349 0.015174
2 0.322338 0.935809 0.013854 0.017812
2 0.327039 0.801227 0.016328 0.011215
2 0.336192 0.934160 0.010885 0.021111
2 0.082069 0.834477 0.011875 0.023090
2 0.254255 0.886331 0.017812 0.017812
2 0.303981 0.512073 0.013359 0.010555
2 0.399673 0.174165 0.015338 0.023750
2 0.330947 0.076857 0.015833 0.013854
2 0.175336 0.045521 0.009401 0.018472
2 0.776851 0.736575 0.014844 0.012535
2 0.968334 0.886331 0.009896 0.016493
2 0.642713 0.964177 0.011380 0.019132
2 0.590761 0.885671 0.007422 0.020451
2 0.558797 0.741852 0.019297 0.023090
1 0.179938 0.645072 0.007521 0.021111
2 0.116209 0.710516 0.033646 0.023750
2 0.323971 0.242908 0.010391 0.018472
1 0.445689 0.525531 0.010391 0.015833
1 0.523123 0.623829 0.015833 0.026389
1 0.603031 0.630756 0.015338 0.020451
1 0.494673 0.609315 0.010391 0.025069
1 0.427777 0.761182 0.018307 0.013194
1 0.375082 0.704446 0.013854 0.017153
1 0.245448 0.813960 0.011875 0.018472
1 0.239758 0.801425 0.007422 0.010555
1 0.240500 0.712693 0.013854 0.011215
1 0.245943 0.655957 0.009896 0.008576
1 0.188795 0.651339 0.009401 0.011215
1 0.064108 0.732484 0.014349 0.015174
1 0.203391 0.819237 0.006927 0.013194
1 0.812228 0.687756 0.007422 0.011215
1 0.960912 0.644412 0.005937 0.009236
1 0.881746 0.705106 0.009896 0.009236
1 0.690015 0.839359 0.008411 0.015174
1 0.588089 0.906320 0.012370 0.013194
1 0.546180 0.920834 0.007917 0.010555
1 0.543954 0.933698 0.007422 0.013854
1 0.607732 0.918195 0.012864 0.021111
1 0.763343 0.537604 0.011380 0.021771
1 0.755921 0.477570 0.012370 0.013854
1 0.839342 0.511875 0.008411 0.011215
1 0.996635 0.613142 0.006729 0.013194
1 0.924495 0.498021 0.005937 0.008576
1 0.843597 0.775432 0.006432 0.010555
1 0.269841 0.031337 0.019297 0.021771
1 0.254107 0.687228 0.007422 0.008576
1 0.523123 0.278863 0.013854 0.009896
1 0.525350 0.190131 0.013359 0.018472
1 0.485074 0.224832 0.006432 0.011875
1 0.507587 0.220544 0.005937 0.013854
1 0.619162 0.233870 0.008411 0.009896
1 0.606841 0.687558 0.008906 0.010555
1 0.459642 0.589920 0.015338 0.017153
1 0.459394 0.716585 0.005937 0.011875
1 0.413379 0.747262 0.004948 0.007257
1 0.112251 0.963188 0.009896 0.011875
1 0.659271 0.088253 0.005810 0.010513
1 0.707616 0.180933 0.007055 0.008853
1 0.801776 0.261661 0.006640 0.009406
1 0.980759 0.151275 0.007885 0.013279
1 0.853774 0.222653 0.007885 0.012173
1 0.424880 0.232309 0.009236 0.015833
1 0.420757 0.250561 0.008906 0.010995