0 0.676862 0.680851 0.066489 0.083333
0 0.641622 0.329787 0.014628 0.033688
3 0.786569 0.443262 0.025266 0.037234
0 0.658245 0.422872 0.034574 0.028369
0 0.422872 0.628546 0.031915 0.056738
0 0.428856 0.535461 0.017287 0.012411
0 0.452128 0.438830 0.015957 0.021277
0 0.521941 0.598404 0.017287 0.021277
0 0.546543 0.609043 0.015957 0.017730
0 0.621676 0.522163 0.022606 0.024823
0 0.690824 0.528369 0.011968 0.012411
0 0.794548 0.684397 0.022606 0.026596
0 0.803571 0.715172 0.018997 0.018237
0 0.234707 0.973404 0.035904 0.047872
0 0.345080 0.888298 0.011968 0.023050
0 0.897606 0.533688 0.018617 0.019504
0 0.884973 0.657801 0.022606 0.015957
2 0.787424 0.746581 0.015198 0.040527
2 0.792648 0.815603 0.010448 0.024063
2 0.881459 0.888425 0.018997 0.020263
2 0.871486 0.843465 0.018047 0.021530
2 0.838716 0.790907 0.013298 0.030395
2 0.879559 0.782675 0.020897 0.013931
2 0.926102 0.776342 0.013298 0.024063
2 0.948898 0.796606 0.020897 0.008865
2 0.975019 0.689590 0.014248 0.022796
2 0.942724 0.694656 0.006649 0.022796
2 0.904730 0.648430 0.023746 0.013931
2 0.963146 0.634498 0.009498 0.021530
2 0.874810 0.485689 0.013298 0.020263
2 0.787899 0.574975 0.016147 0.024063
2 0.693864 0.458460 0.016147 0.024063
2 0.703837 0.342579 0.026596 0.022796
2 0.931801 0.326114 0.017097 0.022796
2 0.761303 0.675659 0.019947 0.025329
2 0.703837 0.797872 0.011398 0.016464
2 0.732333 0.776342 0.009498 0.018997
2 0.749905 0.770643 0.014248 0.017730
2 0.745631 0.799139 0.015198 0.013931
2 0.559935 0.870061 0.008549 0.018997
2 0.671068 0.897923 0.010448 0.029129
2 0.659669 0.902989 0.012348 0.021530
2 0.624525 0.936550 0.010448 0.017730
2 0.609802 0.896023 0.022796 0.017730
2 0.651121 0.804205 0.008549 0.026596
2 0.833492 0.918186 0.016147 0.026596
2 0.826368 0.882725 0.022796 0.008865
2 0.839666 0.857396 0.034195 0.021530
2 0.979768 0.858029 0.010448 0.030395
2 0.994966 0.878293 0.008549 0.022796
2 0.956022 0.730750 0.010448 0.018997
2 0.966470 0.577508 0.019947 0.026596
2 0.835866 0.472391 0.007599 0.018997
2 0.543788 0.754813 0.012348 0.026596
2 0.588906 0.725684 0.011398 0.018997
2 0.608378 0.748480 0.008549 0.021530
2 0.546163 0.858029 0.011398 0.022796
2 0.540464 0.884625 0.017097 0.027862
2 0.506269 0.874493 0.009498 0.020263
2 0.588431 0.931484 0.012348 0.022796
2 0.767477 0.906155 0.020897 0.020263
2 0.852014 0.894124 0.013298 0.021530
2 0.974544 0.775709 0.009498 0.020263
2 0.985467 0.719985 0.010448 0.017730
2 0.979768 0.630066 0.004749 0.015198
2 0.994396 0.580674 0.011208 0.010132
2 0.998195 0.613602 0.003609 0.012665
2 0.499620 0.557877 0.013298 0.022796
2 0.472549 0.764311 0.018047 0.010132
2 0.526216 0.685157 0.018997 0.016464
2 0.600779 0.681991 0.021847 0.010132
2 0.628799 0.714286 0.015198 0.013931
1 0.482048 0.353343 0.016147 0.021530
1 0.658720 0.277356 0.010448 0.024063
1 0.476349 0.827634 0.018047 0.015198
1 0.297302 0.823202 0.017097 0.034195
1 0.321998 0.906788 0.015198 0.011398
1 0.369966 0.823835 0.012348 0.017730
1 0.909005 0.345745 0.011398 0.013931
1 0.821144 0.448961 0.016147 0.020263
1 0.671543 0.559144 0.015198 0.015198
1 0.633549 0.594605 0.009498 0.015198
1 0.827318 0.611069 0.009498 0.020263
1 0.741356 0.512918 0.008549 0.016464
1 0.926577 0.421733 0.012348 0.011398
1 0.908055 0.459093 0.011398 0.015198
1 0.964571 0.297619 0.014248 0.011398
1 0.965995 0.245694 0.007599 0.011398
1 0.977869 0.271657 0.016147 0.012665
1 0.995346 0.372974 0.009308 0.010132
1 0.712386 0.292553 0.013298 0.016464
1 0.710486 0.372974 0.013298 0.012665
1 0.637823 0.631966 0.008549 0.011398
1 0.531915 0.727584 0.015198 0.012665
1 0.541413 0.652862 0.015198 0.027862
1 0.503894 0.642097 0.010448 0.024063
1 0.437880 0.916920 0.020897 0.021530
1 0.464001 0.946682 0.014248 0.030395
1 0.381364 0.975811 0.012348 0.022796
1 0.400361 0.895390 0.014248 0.018997
1 0.562310 0.832067 0.017097 0.013931
1 0.605528 0.821302 0.012348 0.010132
1 0.628324 0.796606 0.016147 0.011398
1 0.708587 0.824468 0.020897 0.018997
1 0.454502 0.174772 0.016147 0.026596
1 0.486797 0.188703 0.010448 0.016464
1 0.963146 0.101950 0.013298 0.017730
1 0.990691 0.100684 0.015198 0.022796
1 0.623575 0.127913 0.006649 0.011398
1 0.580357 0.319149 0.007599 0.016464
2 0.429806 0.341312 0.008549 0.022796
2 0.672492 0.108283 0.011398 0.035461
2 0.694814 0.117148 0.014248 0.017730
2 0.444529 0.797239 0.017097 0.017730
2 0.473974 0.666793 0.013298 0.017730
2 0.512918 0.725051 0.007599 0.025329
2 0.484897 0.977710 0.018047 0.011398
2 0.684366 0.859929 0.016147 0.013931
3 0.691964 0.749113 0.010448 0.017730
3 0.926577 0.914387 0.018047 0.016464
2 0.433131 0.566109 0.011398 0.016464
2 0.444529 0.589539 0.022796 0.010132
2 0.445479 0.574975 0.013298 0.011398
2 0.501520 0.391337 0.011398 0.013931
2 0.503419 0.239362 0.005699 0.016464
2 0.332447 0.778242 0.015198 0.025329
2 0.578932 0.486955 0.018047 0.015198
2 0.600779 0.312183 0.012348 0.015198
2 0.590805 0.621201 0.007599 0.017730
2 0.663944 0.627533 0.007599 0.010132
2 0.649221 0.562943 0.014248 0.012665
2 0.342420 0.364108 0.014248 0.012665
2 0.270707 0.521150 0.007599 0.005066
2 0.287804 0.241895 0.005699 0.006332