0 0.697461 0.404952 0.044187 0.053695
1 0.644568 0.553230 0.012864 0.027444
1 0.665580 0.518353 0.013722 0.019440
1 0.616283 0.561957 0.019519 0.012421
1 0.772254 0.511386 0.010646 0.016561
1 0.788002 0.380375 0.018188 0.015970
1 0.718578 0.313835 0.016857 0.013012
1 0.200006 0.957237 0.008872 0.017744
1 0.134574 0.832436 0.014639 0.020110
1 0.016354 0.720767 0.010646 0.011829
1 0.068877 0.438931 0.014195 0.013604
1 0.049358 0.472349 0.010646 0.011829
1 0.050911 0.362039 0.011977 0.014787
1 0.013426 0.389543 0.011534 0.011829
1 0.132756 0.384101 0.007985 0.015142
1 0.276040 0.472763 0.009759 0.013604
1 0.387384 0.318330 0.009759 0.013012
1 0.501745 0.199740 0.008872 0.013604
1 0.620985 0.123026 0.007098 0.011829
1 0.229284 0.091974 0.007098 0.013604
1 0.078015 0.207606 0.007985 0.009464
1 0.207458 0.345951 0.007985 0.010055
1 0.266901 0.345360 0.007098 0.008872
1 0.532620 0.703791 0.008872 0.015970
1 0.636645 0.774650 0.010203 0.014787
3 0.877610 0.611049 0.011977 0.017153
1 0.725676 0.038741 0.015083 0.025433
1 0.543355 0.942686 0.007098 0.009464
1 0.239043 0.836458 0.008872 0.010646
1 0.513633 0.461939 0.011534 0.014195
2 0.119492 0.693677 0.013752 0.039037
2 0.249911 0.744839 0.012864 0.024250
2 0.235938 0.731827 0.015083 0.017153
2 0.219968 0.757556 0.012421 0.022476
2 0.127033 0.735376 0.012864 0.013604
2 0.084891 0.706394 0.006654 0.021884
2 0.102857 0.734193 0.018631 0.021884
2 0.071361 0.784172 0.014195 0.021293
2 0.094207 0.809605 0.023511 0.010646
2 0.130360 0.871710 0.009759 0.026025
2 0.148770 0.891820 0.013752 0.014195
2 0.197566 0.796889 0.017301 0.023067
2 0.025448 0.843319 0.014639 0.017744
2 0.028110 0.786834 0.015526 0.011238
2 0.012805 0.888567 0.014195 0.025433
2 0.023452 0.677707 0.014195 0.010646
2 0.101526 0.642219 0.011534 0.021293
2 0.060271 0.728278 0.017744 0.012421
2 0.242769 0.921157 0.018631 0.014195
2 0.266946 0.912581 0.009316 0.024250
2 0.253549 0.779618 0.011977 0.017153
2 0.188561 0.711007 0.013308 0.015970
2 0.268055 0.705980 0.009759 0.023659
2 0.317916 0.706276 0.018631 0.014787
2 0.289969 0.628201 0.010646 0.021884
2 0.242060 0.590643 0.013308 0.011829
2 0.371325 0.534631 0.015083 0.018336
2 0.326743 0.508606 0.006654 0.012421
2 0.426022 0.515112 0.012864 0.013604
2 0.418880 0.595256 0.010646 0.018927
2 0.466168 0.517892 0.018631 0.024842
2 0.463506 0.573786 0.021293 0.014787
2 0.514166 0.384101 0.015083 0.014195
2 0.515940 0.288874 0.007985 0.029574
2 0.555731 0.417697 0.013752 0.010646
2 0.529381 0.502514 0.015526 0.020110
2 0.520731 0.523215 0.007098 0.014195
2 0.516960 0.562252 0.013752 0.011829
2 0.585187 0.514107 0.008428 0.022476
2 0.592950 0.515585 0.007985 0.024250
2 0.600269 0.491926 0.013752 0.015970
2 0.591619 0.391376 0.014195 0.010055
2 0.668584 0.399065 0.016413 0.005323
2 0.631543 0.455374 0.013308 0.010055
2 0.730511 0.418288 0.007541 0.023659
2 0.745372 0.419767 0.007985 0.023067
2 0.760144 0.385225 0.006654 0.023067
2 0.771234 0.372213 0.003992 0.017153
2 0.653457 0.328740 0.013308 0.014195
2 0.647690 0.345301 0.010646 0.018927
2 0.651239 0.286627 0.014195 0.016561
2 0.643476 0.257941 0.007541 0.024250
2 0.631055 0.247590 0.009316 0.021293
2 0.637709 0.268291 0.009316 0.022476
2 0.670092 0.244928 0.008428 0.020701
2 0.647380 0.108298 0.008428 0.017153
2 0.659579 0.110073 0.012421 0.012421
2 0.658913 0.125747 0.007541 0.017744
2 0.882711 0.058023 0.011534 0.015970
2 0.928402 0.273614 0.008872 0.021293
2 0.929955 0.150884 0.011977 0.017153
2 0.963447 0.300586 0.011534 0.011829
2 0.908884 0.342580 0.010646 0.010646
2 0.879163 0.411486 0.013308 0.006506
2 0.865633 0.412669 0.012864 0.023067
2 0.781348 0.293784 0.007541 0.023067
2 0.724789 0.287277 0.011534 0.021884
2 0.716360 0.271603 0.012421 0.010646
2 0.737653 0.452239 0.012421 0.018927
2 0.918421 0.554267 0.014639 0.026616
2 0.952135 0.574082 0.011977 0.016561
2 0.940823 0.663216 0.015970 0.018336
2 0.960342 0.697758 0.014195 0.011238
2 0.977864 0.687408 0.013752 0.023659
2 0.995253 0.679423 0.009493 0.023067
2 0.963669 0.680901 0.011977 0.022476
2 0.951248 0.731472 0.011090 0.013604
2 0.870734 0.643047 0.015970 0.024842
2 0.806545 0.584728 0.009316 0.028391
2 0.797007 0.602472 0.013308 0.011829
2 0.780816 0.621399 0.016413 0.010646
2 0.792793 0.631454 0.008428 0.016561
2 0.734193 0.578045 0.009759 0.017153
2 0.631765 0.526291 0.014639 0.030756
2 0.652393 0.497605 0.009759 0.017153
2 0.606923 0.518897 0.007541 0.010055
2 0.495801 0.659076 0.015970 0.017153
2 0.633318 0.577749 0.016857 0.014195
2 0.564781 0.598450 0.011090 0.013012
2 0.551029 0.602886 0.015526 0.015970
2 0.588292 0.598746 0.009316 0.021884
2 0.608254 0.639558 0.011977 0.010055
2 0.587405 0.626249 0.012864 0.022476
2 0.598938 0.676820 0.013752 0.008872
2 0.577424 0.684805 0.010646 0.010646
2 0.050733 0.837405 0.025285 0.028391
2 0.119714 0.789791 0.012421 0.023067
2 0.200183 0.735317 0.010646 0.020110
2 0.264639 0.807831 0.006654 0.026025
2 0.281274 0.800142 0.011534 0.023659
2 0.296135 0.803987 0.007541 0.025433
2 0.303676 0.845744 0.016413 0.025433
2 0.315875 0.910806 0.013308 0.017153
2 0.322086 0.853434 0.009759 0.021884
2 0.325634 0.873248 0.015970 0.015378
2 0.347593 0.838351 0.009316 0.020110
2 0.354247 0.821198 0.008428 0.020110
2 0.362232 0.811735 0.015526 0.022476
2 0.371769 0.834506 0.015970 0.030165
2 0.384634 0.849589 0.013308 0.009464
2 0.367777 0.854912 0.019519 0.028391
2 0.387517 0.870882 0.016413 0.015378
2 0.356908 0.875022 0.011090 0.021293
2 0.345596 0.912876 0.009759 0.023659
2 0.329405 0.909032 0.013752 0.014787
2 0.364006 0.904596 0.011090 0.014195
2 0.367777 0.923227 0.009759 0.019519
2 0.381307 0.926480 0.010203 0.029574
2 0.394393 0.821494 0.011534 0.010055
2 0.399938 0.794286 0.019962 0.015970
2 0.397942 0.778317 0.011534 0.007689
2 0.387206 0.743420 0.014195 0.018336
2 0.368797 0.750518 0.005767 0.019519
2 0.358816 0.752292 0.011534 0.020701
2 0.363252 0.718282 0.014195 0.018927
2 0.353271 0.694624 0.006654 0.026025
2 0.340406 0.702313 0.008428 0.020110
2 0.329538 0.831786 0.019519 0.018336
2 0.402733 0.813450 0.015970 0.012421
2 0.436225 0.764713 0.012864 0.024250
2 0.427796 0.795469 0.012864 0.019519
2 0.447182 0.798427 0.021293 0.011238
2 0.446960 0.819424 0.015526 0.018927
2 0.426776 0.818832 0.019519 0.013012
2 0.458139 0.754185 0.016413 0.026616
2 0.416706 0.697995 0.023511 0.017153
2 0.401180 0.495239 0.019962 0.015970
2 0.374342 0.512983 0.010646 0.004140
2 0.388537 0.523925 0.010646 0.017744
2 0.595478 0.708346 0.008428 0.022476
2 0.567398 0.665168 0.009759 0.028391
2 0.521263 0.719288 0.009759 0.012421
2 0.510839 0.738806 0.013752 0.010055
2 0.513722 0.773999 0.012421 0.026025
2 0.531910 0.806234 0.016857 0.015970
2 0.492651 0.801502 0.016413 0.019519
2 0.481561 0.820429 0.019962 0.014787
2 0.492207 0.761282 0.012864 0.015970
2 0.494869 0.858461 0.011090 0.016561
2 0.505515 0.877684 0.016413 0.013604
2 0.474907 0.875318 0.010203 0.025433
2 0.478234 0.893654 0.018631 0.023067
2 0.493095 0.911398 0.018188 0.017153
2 0.483557 0.931508 0.016857 0.010055
2 0.494204 0.898090 0.019519 0.015378
2 0.548323 0.856982 0.014195 0.020701
2 0.572721 0.910510 0.011534 0.020110
2 0.594236 0.907080 0.011977 0.021293
2 0.595789 0.939611 0.007098 0.014195
2 0.602265 0.835630 0.010646 0.015378
2 0.631321 0.809014 0.016413 0.018927
2 0.570991 0.743124 0.019075 0.013012
2 0.592506 0.738984 0.008872 0.014195
2 0.592728 0.752883 0.009316 0.010055
2 0.561454 0.784527 0.014195 0.022476
2 0.665257 0.765896 0.008872 0.019519
2 0.691208 0.763826 0.013752 0.016561
2 0.739117 0.801384 0.010203 0.020701
2 0.770169 0.816171 0.010203 0.030165
2 0.700302 0.883599 0.007985 0.027799
2 0.714053 0.896315 0.012421 0.011829
2 0.690542 0.894836 0.008872 0.025433
2 0.687881 0.861714 0.007098 0.024250
2 0.679896 0.857870 0.005323 0.024842
2 0.681227 0.877980 0.007098 0.014195
2 0.656163 0.902230 0.008428 0.014195
2 0.674573 0.916425 0.017744 0.024842
2 0.699858 0.847815 0.015970 0.014195
2 0.792438 0.706867 0.011090 0.017153
2 0.799536 0.729343 0.008428 0.019519
2 0.707488 0.712190 0.018631 0.018336
2 0.637266 0.752410 0.010203 0.020701
2 0.637266 0.729639 0.014639 0.021293
2 0.637931 0.708050 0.005323 0.014787
2 0.644363 0.703022 0.011090 0.018927
2 0.651905 0.720175 0.011090 0.021293
2 0.694712 0.608979 0.007985 0.021293
2 0.605326 0.609274 0.011977 0.011238
2 0.553558 0.524871 0.013308 0.021293
2 0.736633 0.615307 0.014639 0.030165
2 0.726652 0.666174 0.014195 0.023067
2 0.765112 0.725912 0.014639 0.031348
2 0.777755 0.780328 0.014195 0.013604
2 0.782413 0.756373 0.003992 0.022476
2 0.771323 0.760513 0.011090 0.016561
2 0.757127 0.759330 0.009316 0.017744
2 0.775315 0.740699 0.013752 0.020701
2 0.817014 0.852960 0.009316 0.019519
2 0.789067 0.792157 0.009316 0.018336
2 0.906666 0.726740 0.007985 0.025433
2 0.892249 0.771692 0.016413 0.013604
2 0.969879 0.912285 0.011090 0.008281
2 0.873396 0.833028 0.014195 0.013012
2 0.837686 0.596144 0.008428 0.017153
2 0.739294 0.656414 0.005767 0.015378
2 0.886571 0.497368 0.008428 0.013604
2 0.975735 0.527533 0.018188 0.014787
2 0.913187 0.904773 0.008428 0.018336
2 0.898104 0.909801 0.014639 0.009464
2 0.902762 0.919264 0.009759 0.026025
2 0.989930 0.855385 0.014639 0.015378
2 0.883244 0.740640 0.015083 0.011829
2 0.928269 0.796948 0.011090 0.014195
1 0.138567 0.855208 0.011977 0.013604
1 0.038756 0.901638 0.009316 0.013012
1 0.005486 0.855504 0.010203 0.017744
1 0.091545 0.772698 0.008428 0.014195
1 0.104188 0.791329 0.008872 0.014787
1 0.535370 0.834802 0.014195 0.011829
1 0.522594 0.640208 0.006210 0.013012
1 0.523481 0.658544 0.006210 0.009464
1 0.143890 0.631928 0.009316 0.011829
1 0.026113 0.610043 0.007098 0.010646
1 0.027001 0.653812 0.009759 0.011829
1 0.111507 0.571006 0.008428 0.009464
1 0.497353 0.419175 0.010203 0.028982
2 0.611758 0.741054 0.022180 0.019519
2 0.644363 0.880345 0.014639 0.013012
2 0.659002 0.883007 0.008428 0.014787
2 0.664769 0.711480 0.011090 0.014787
1 0.847667 0.864198 0.008872 0.014787
1 0.931508 0.385166 0.009759 0.014195
1 0.390755 0.435678 0.007098 0.009464
1 0.375895 0.753357 0.006654 0.017153
1 0.034098 0.951322 0.008872 0.014195
1 0.723634 0.832541 0.004778 0.008821
1 0.680262 0.716638 0.006248 0.009311
1 0.703602 0.735506 0.005146 0.006861
1 0.718488 0.513012 0.004043 0.010782
1 0.620902 0.333154 0.004411 0.007841
1 0.563012 0.373340 0.008454 0.006861
1 0.474798 0.262583 0.006248 0.007841
1 0.428486 0.212301 0.006248 0.009802
1 0.442122 0.868660 0.007351 0.009311
1 0.915609 0.221563 0.007351 0.009311
1 0.932149 0.518794 0.005881 0.010782
1 0.863416 0.570497 0.005146 0.010292
1 0.914690 0.593286 0.007719 0.010782
1 0.926636 0.621024 0.005146 0.008821
1 0.844119 0.700858 0.006248 0.010292
1 0.704374 0.990836 0.008454 0.010782