0 0.663564 0.309693 0.013298 0.023641
0 0.454122 0.159574 0.006649 0.021277
1 0.440160 0.543735 0.010638 0.018913
1 0.422872 0.536643 0.013298 0.014184
1 0.280585 0.706856 0.007979 0.009456
1 0.333777 0.840426 0.005319 0.016548
2 0.449468 0.878251 0.013298 0.011820
2 0.554521 0.633570 0.007979 0.023641
2 0.338431 0.115839 0.011968 0.014184
1 0.368351 0.232861 0.010638 0.016548
1 0.101729 0.209220 0.011968 0.016548
1 0.821144 0.921986 0.011968 0.014184
1 0.787899 0.618203 0.009309 0.026005
1 0.810505 0.351064 0.006649 0.016548
1 0.794548 0.340426 0.006649 0.018913
1 0.370346 0.856974 0.009309 0.016548
1 0.490027 0.547281 0.009309 0.021277
1 0.529920 0.687943 0.009309 0.014184
1 0.500000 0.306147 0.007979 0.026005
1 0.236037 0.535461 0.011968 0.021277
1 0.115691 0.965721 0.007979 0.016548
1 0.208777 0.821513 0.007979 0.011820
1 0.577793 0.593381 0.006649 0.014184
1 0.303191 0.699764 0.007979 0.018913
1 0.264628 0.579196 0.007979 0.023641
1 0.406250 0.619385 0.006649 0.009456