2 0.747899 0.552316 0.016724 0.041166
2 0.737607 0.802744 0.014151 0.034305
2 0.825729 0.967410 0.012864 0.030875
1 0.697084 0.888508 0.012864 0.017153
1 0.607676 0.971698 0.011578 0.018868
1 0.949871 0.234991 0.016724 0.020583
1 0.864322 0.428816 0.015437 0.017153
2 0.847599 0.461407 0.020583 0.020583
1 0.808362 0.433962 0.014151 0.020583
1 0.729245 0.398799 0.015437 0.018868
0 0.673285 0.313036 0.016724 0.022298
2 0.625043 0.292453 0.018010 0.022298
2 0.595455 0.463979 0.015437 0.025729
2 0.560077 0.634648 0.016724 0.030875
1 0.173499 0.584048 0.015437 0.022298
1 0.322084 0.734134 0.014151 0.024014