0 0.676501 0.645798 0.110635 0.186964
1 0.835205 0.285358 0.012475 0.022870
1 0.454993 0.710940 0.014542 0.030576
1 0.429823 0.583041 0.015661 0.032814
1 0.501025 0.423894 0.017339 0.020881
1 0.449567 0.315758 0.011746 0.022373
1 0.262193 0.913416 0.010627 0.019390
1 0.185342 0.766127 0.010627 0.018644
1 0.208274 0.593780 0.015102 0.014915
1 0.166605 0.475203 0.008949 0.017898
1 0.197815 0.296816 0.010068 0.014915
1 0.202872 0.523709 0.013279 0.024899
2 0.415638 0.802802 0.008576 0.018868
2 0.710749 0.459062 0.010292 0.015437
2 0.892782 0.491995 0.012436 0.016581
2 0.106054 0.778419 0.015788 0.007797
2 0.144648 0.823640 0.016958 0.007797
2 0.071086 0.648604 0.009941 0.021051
2 0.520352 0.880393 0.017812 0.015174
2 0.739630 0.605333 0.014034 0.017153
2 0.878509 0.014814 0.011110 0.014034
2 0.774715 0.035865 0.010525 0.017153
2 0.171029 0.784631 0.011835 0.012350