1 0.587929 0.470892 0.018747 0.014111
1 0.737754 0.652758 0.008164 0.021771
1 0.742290 0.696299 0.009978 0.020964
1 0.805485 0.743469 0.009373 0.016126
1 0.636157 0.645501 0.011792 0.010482
1 0.552915 0.769755 0.016933 0.012095
1 0.494860 0.803379 0.010885 0.013707
1 0.642205 0.866836 0.007559 0.021771
1 0.712597 0.811603 0.014816 0.010482
1 0.851899 0.938478 0.009676 0.011692
1 0.869134 0.896549 0.010885 0.014111
1 0.886218 0.990284 0.008164 0.016126
1 0.762397 0.955410 0.012095 0.008466
1 0.402697 0.551080 0.009676 0.008870
1 0.210631 0.678479 0.015723 0.009676