1 0.732461 0.418525 0.029588 0.051458
1 0.827659 0.699828 0.016724 0.030875
1 0.765909 0.871355 0.021870 0.037736
1 0.648199 0.931389 0.033448 0.054889
1 0.454588 0.698113 0.029588 0.030875
1 0.523413 0.611492 0.025729 0.039451
1 0.452659 0.767581 0.012864 0.029160
1 0.327230 0.722985 0.014151 0.029160
1 0.313079 0.951973 0.016724 0.024014
1 0.174786 0.990566 0.012864 0.018868
1 0.199228 0.607204 0.015437 0.030875
1 0.244254 0.765009 0.012864 0.030875
1 0.448799 0.577187 0.018010 0.036021
1 0.539494 0.079760 0.027015 0.015437
1 0.917067 0.214408 0.015437 0.034305
1 0.842453 0.294168 0.018010 0.025729