2 0.913208 0.421955 0.028302 0.048027
1 0.859820 0.285592 0.016724 0.022298
1 0.742110 0.399657 0.020583 0.020583
1 0.706089 0.684391 0.020583 0.024014
1 0.575515 0.766724 0.014151 0.027444
0 0.368396 0.809605 0.019297 0.030875
1 0.434648 0.954545 0.012864 0.022298
0 0.942153 0.694683 0.019297 0.034305
1 0.673285 0.077187 0.019297 0.013722
1 0.223671 0.518010 0.012864 0.024014
1 0.505403 0.489708 0.012864 0.022298
1 0.340738 0.626930 0.012864 0.015437
1 0.324014 0.645798 0.018010 0.022298
1 0.790995 0.753002 0.012864 0.041166