0 0.650129 0.364494 0.024443 0.046312
1 0.929288 0.248714 0.014151 0.027444
1 0.656561 0.024014 0.019297 0.024014
1 0.625043 0.470840 0.012864 0.025729
1 0.681647 0.306175 0.010292 0.025729
1 0.769101 0.697721 0.019113 0.020093
1 0.824786 0.715609 0.016540 0.016663
1 0.813575 0.778339 0.018378 0.018623
1 0.944302 0.726892 0.020011 0.024776
1 0.705236 0.607299 0.017867 0.027635
1 0.635911 0.815323 0.016438 0.024776
1 0.438084 0.739565 0.019297 0.020011
1 0.489501 0.324130 0.010375 0.024346
1 0.577892 0.309744 0.014524 0.016599
2 0.952748 0.788692 0.022265 0.023090
2 0.992826 0.774179 0.014348 0.020451
2 0.994063 0.847077 0.011874 0.023750
2 0.946315 0.930862 0.011380 0.021111
2 0.912175 0.964507 0.013359 0.017153
2 0.972044 0.814751 0.008411 0.015833
2 0.790705 0.878744 0.009896 0.026389
2 0.799858 0.905462 0.014349 0.017812
2 0.870365 0.832564 0.015833 0.009236
2 0.961159 0.907771 0.009401 0.017153
2 0.969818 0.933171 0.008906 0.013854
2 0.968828 0.918327 0.017812 0.014514
2 0.966107 0.848067 0.012370 0.008576
2 0.969323 0.860932 0.006927 0.013194
2 0.981693 0.888310 0.011875 0.020451
2 0.997031 0.885011 0.005937 0.019132
2 0.966602 0.884351 0.012370 0.013854
2 0.864181 0.796939 0.013359 0.021111
2 0.815197 0.867529 0.006432 0.021111
2 0.720593 0.799578 0.013359 0.021111
2 0.626583 0.836522 0.013359 0.017153
2 0.711192 0.931851 0.014349 0.013854
2 0.726036 0.918657 0.009401 0.013854
2 0.725294 0.936139 0.011875 0.018472
2 0.634995 0.861261 0.010391 0.021771
2 0.598974 0.802019 0.010193 0.019396
2 0.546675 0.866209 0.015833 0.013194
2 0.457613 0.844109 0.011875 0.025729
2 0.898568 0.345494 0.007917 0.023090
2 0.794168 0.172318 0.012864 0.025069
2 0.785757 0.170999 0.007917 0.014514
2 0.822618 0.032986 0.016328 0.017153
2 0.719356 0.071250 0.016823 0.018472
2 0.552365 0.028038 0.007422 0.021771
2 0.454694 0.325901 0.012370 0.026389
2 0.627820 0.327880 0.007917 0.021111
2 0.604565 0.496108 0.016823 0.014514
2 0.701296 0.506993 0.012370 0.009896
2 0.815345 0.248714 0.010885 0.013194
2 0.650333 0.603576 0.015338 0.019132
2 0.446926 0.460747 0.009896 0.011875
2 0.131894 0.500726 0.012370 0.018472
2 0.050897 0.404209 0.009896 0.017812
2 0.404819 0.577517 0.012370 0.011875
2 0.399871 0.613471 0.009401 0.024410
2 0.182165 0.703853 0.013359 0.017812
2 0.349255 0.950653 0.016823 0.018472
2 0.017746 0.786977 0.019792 0.015174
2 0.244112 0.626534 0.009401 0.021771
2 0.568446 0.960879 0.011875 0.013854
2 0.634302 0.712033 0.012370 0.013854
1 0.639646 0.654308 0.010391 0.011875
1 0.651521 0.680697 0.006432 0.013194
1 0.619607 0.583058 0.011875 0.015833
1 0.630740 0.601531 0.008411 0.014514
1 0.576065 0.432643 0.012864 0.014514
1 0.578787 0.648964 0.009401 0.012535
1 0.590662 0.823262 0.009401 0.017812
1 0.486014 0.975524 0.011875 0.015174
1 0.596352 0.994854 0.007917 0.010292
1 0.796642 0.843119 0.005937 0.015833
1 0.176431 0.536342 0.011256 0.013937
1 0.086983 0.339247 0.010050 0.013401
1 0.263186 0.483115 0.008040 0.011256
1 0.328916 0.509380 0.007638 0.014473
1 0.191105 0.691038 0.008442 0.010720
1 0.174501 0.972395 0.008844 0.012328
1 0.133898 0.947470 0.008844 0.011792
1 0.473078 0.803816 0.005226 0.016081
1 0.521521 0.876983 0.006432 0.012328
1 0.281116 0.926565 0.016081 0.021441
1 0.283729 0.932461 0.000402 0.000000
0 0.287397 0.841473 0.306040 0.176040