0 0.688830 0.027187 0.013298 0.011820
0 0.712101 0.104019 0.011968 0.023641
0 0.734707 0.046099 0.014628 0.016548
0 0.636303 0.237589 0.014628 0.016548
0 0.765957 0.303783 0.013298 0.026005
0 0.632314 0.309693 0.011968 0.023641
0 0.426197 0.085106 0.014628 0.023641
0 0.586436 0.390071 0.015957 0.023641
0 0.581782 0.427896 0.014628 0.014184
0 0.675532 0.490544 0.018617 0.026005
0 0.775266 0.368794 0.010638 0.023641
0 0.802527 0.426714 0.017287 0.026005
0 0.851064 0.539007 0.015957 0.018913
0 0.843750 0.764775 0.014628 0.030733
0 0.900931 0.206856 0.014628 0.011820
0 0.573803 0.522459 0.011968 0.023641
0 0.620346 0.560284 0.009309 0.028369
1 0.519282 0.288416 0.011968 0.023641
1 0.509973 0.399527 0.006649 0.014184
1 0.544548 0.345154 0.009309 0.009456
1 0.545213 0.185579 0.010638 0.016548
1 0.525266 0.141844 0.007979 0.018913
1 0.488032 0.501182 0.007979 0.018913
1 0.545213 0.500000 0.005319 0.016548
1 0.682181 0.250591 0.010638 0.014184
1 0.726064 0.906619 0.013298 0.030733
1 0.690824 0.926714 0.011968 0.018913
1 0.796543 0.970449 0.013298 0.021277
1 0.853059 0.732861 0.009309 0.018913
1 0.898271 0.793144 0.009309 0.016548
1 0.305186 0.534279 0.009309 0.018913
1 0.507979 0.593381 0.007979 0.018913
1 0.576463 0.578014 0.006649 0.021277
1 0.614362 0.313239 0.007979 0.011820
1 0.468085 0.278960 0.010638 0.018913
1 0.516622 0.024823 0.011968 0.016548
0 0.147606 0.079196 0.013298 0.021277
1 0.169548 0.262411 0.009309 0.014184
1 0.442154 0.394799 0.006649 0.014184
1 0.505319 0.319149 0.007979 0.004728
1 0.429521 0.133570 0.005319 0.011820
1 0.378989 0.715130 0.010638 0.016548
1 0.416223 0.711584 0.010638 0.023641
1 0.444814 0.936170 0.009309 0.018913
1 0.466755 0.877069 0.010638 0.023641
1 0.475399 0.963357 0.009309 0.021277
1 0.561170 0.995272 0.005319 0.009456
1 0.522606 0.465721 0.010638 0.023641
1 0.465426 0.395981 0.010638 0.016548
0 0.609043 0.502364 0.015957 0.030733
0 0.736702 0.764775 0.013298 0.021277