0 0.454787 0.404255 0.034574 0.026596
0 0.742021 0.445922 0.031915 0.031915
0 0.964096 0.148050 0.015957 0.039007
0 0.603723 0.355496 0.010638 0.017730
0 0.640293 0.339539 0.017287 0.017730
0 0.646277 0.365248 0.010638 0.023050
0 0.697473 0.173759 0.011968 0.019504
0 0.494681 0.174645 0.010638 0.021277
0 0.322473 0.286348 0.009309 0.021277
0 0.345080 0.569149 0.014628 0.019504
0 0.375000 0.628546 0.018617 0.017730
0 0.376995 0.564716 0.014628 0.021277
0 0.451463 0.718972 0.019947 0.017730
0 0.498670 0.714539 0.015957 0.012411
0 0.640957 0.658688 0.013298 0.014184
0 0.794548 0.687057 0.011968 0.028369
0 0.912899 0.649823 0.011968 0.017730
0 0.757979 0.516844 0.018617 0.014184
0 0.464761 0.518617 0.009309 0.010638
2 0.432181 0.471631 0.018617 0.023050
2 0.503324 0.623227 0.033245 0.035461
2 0.656915 0.435284 0.013298 0.028369
2 0.860372 0.355496 0.013298 0.028369
2 0.585771 0.318262 0.019947 0.014184
2 0.565160 0.350177 0.013298 0.024823
2 0.414894 0.312943 0.015957 0.024823
2 0.441489 0.536348 0.015957 0.028369
2 0.478723 0.435284 0.007979 0.010638
2 0.480718 0.321809 0.019947 0.021277
2 0.459441 0.287234 0.011968 0.015957
2 0.565160 0.189716 0.013298 0.026596
2 0.529920 0.131206 0.006649 0.005319
2 0.309176 0.507092 0.019947 0.019504
2 0.321809 0.646277 0.013298 0.017730
2 0.314495 0.671986 0.019947 0.023050
2 0.394947 0.847518 0.015957 0.023050
2 0.432181 0.786348 0.018617 0.024823
2 0.447473 0.765071 0.019947 0.024823
2 0.501995 0.901596 0.014628 0.014184
2 0.904920 0.858156 0.019947 0.033688
2 0.932846 0.869681 0.017287 0.028369
2 0.693484 0.624113 0.022606 0.023050
2 0.897606 0.932624 0.013298 0.026596
2 0.737367 0.539894 0.019947 0.046099
1 0.962766 0.400709 0.013298 0.015957
1 0.883644 0.266844 0.011968 0.024823
1 0.822473 0.067376 0.017287 0.019504
1 0.981383 0.077128 0.007979 0.014184
1 0.278590 0.775709 0.003989 0.007092
1 0.535239 0.541667 0.022606 0.024823
1 0.474069 0.581560 0.011968 0.033688
1 0.405585 0.524823 0.005319 0.008865
1 0.097739 0.522163 0.017287 0.021277
1 0.107713 0.400709 0.015957 0.023050
1 0.101064 0.058511 0.013298 0.015957
1 0.410904 0.118794 0.015957 0.019504
1 0.611702 0.640071 0.018617 0.019504
1 0.988032 0.745567 0.018617 0.024823
1 0.992021 0.596631 0.007979 0.014184
1 0.966090 0.451241 0.011968 0.014184
1 0.575798 0.765957 0.007979 0.023050
1 0.456117 0.663121 0.010638 0.015957
1 0.503989 0.680851 0.010638 0.015957
1 0.580452 0.628546 0.011968 0.014184
1 0.591090 0.585993 0.009309 0.007092
1 0.138963 0.587766 0.014628 0.021277
1 0.127660 0.733156 0.010638 0.017730
1 0.035239 0.604610 0.019947 0.015957
1 0.124335 0.442376 0.014628 0.014184
1 0.004654 0.329787 0.009308 0.033688
1 0.006649 0.954787 0.013298 0.024823
1 0.316489 0.921099 0.013298 0.017730
1 0.558511 0.511525 0.007979 0.007092
1 0.910904 0.484929 0.007979 0.014184
1 0.904920 0.438830 0.009309 0.014184
1 0.855718 0.716312 0.006649 0.019504