0 0.376330 0.219858 0.023936 0.019504
0 0.603059 0.034574 0.019947 0.031915
0 0.505319 0.143617 0.015957 0.023050
0 0.800532 0.406028 0.029255 0.030142
0 0.678191 0.318262 0.015957 0.010638
0 0.670878 0.391844 0.001330 0.001773
0 0.629654 0.417553 0.019947 0.014184
0 0.583777 0.406915 0.013298 0.010638
0 0.746011 0.492908 0.021277 0.023050
0 0.884309 0.027482 0.026596 0.014184
0 0.817154 0.022163 0.017287 0.021277
0 0.995346 0.033688 0.009308 0.015957
0 0.779255 0.087766 0.023936 0.014184
0 0.753324 0.706560 0.025266 0.028369
2 0.903590 0.836879 0.025266 0.026596
2 0.950798 0.913121 0.026596 0.023050
2 0.956117 0.781915 0.021277 0.015957
2 0.809176 0.637411 0.009309 0.014184
2 0.793883 0.702128 0.007979 0.015957
2 0.833777 0.809397 0.007979 0.014184
2 0.870346 0.843972 0.011968 0.015957
2 0.878324 0.875887 0.019947 0.019504
2 0.890293 0.913121 0.025266 0.015957
2 0.889628 0.591312 0.018617 0.017730
2 0.592420 0.567376 0.006649 0.012411
2 0.729388 0.709220 0.011968 0.026596
2 0.598404 0.860816 0.010638 0.017730
2 0.521277 0.929965 0.015957 0.021277
2 0.590426 0.948582 0.013298 0.012411
2 0.650931 0.731383 0.022606 0.039007
2 0.363032 0.495567 0.013298 0.021277
2 0.483378 0.625887 0.014628 0.019504
2 0.419548 0.698582 0.009309 0.015957
2 0.393617 0.648050 0.013298 0.014184
2 0.470080 0.543440 0.014628 0.021277
2 0.666223 0.391844 0.021277 0.030142
2 0.701463 0.321809 0.011968 0.024823
2 0.949468 0.236702 0.010638 0.014184
2 0.870346 0.289007 0.009309 0.008865
2 0.271941 0.930851 0.022606 0.033688
2 0.130984 0.936170 0.030585 0.037234
2 0.160239 0.880319 0.022606 0.028369
1 0.125665 0.486702 0.011968 0.028369
1 0.025266 0.294326 0.021277 0.026596
1 0.210771 0.080674 0.014628 0.024823
1 0.060505 0.089539 0.017287 0.035461