0 0.327873 0.623499 0.203259 0.152659
1 0.372384 0.270326 0.018525 0.013722
1 0.564065 0.385592 0.013894 0.020583
1 0.565609 0.439794 0.014923 0.019211
1 0.674906 0.436775 0.007719 0.010978
1 0.266226 0.904700 0.012864 0.013722
1 0.090755 0.727684 0.016981 0.015094
1 0.049074 0.726998 0.018010 0.017839
1 0.367702 0.972624 0.011835 0.015094
1 0.453482 0.895300 0.007204 0.010292
1 0.962121 0.784693 0.016540 0.017153
2 0.805297 0.739361 0.014090 0.032672
2 0.679102 0.625827 0.018990 0.019603
2 0.579249 0.593155 0.025116 0.013069
2 0.671751 0.558033 0.011639 0.022870
2 0.646696 0.230499 0.011027 0.019603
2 0.431063 0.140652 0.017153 0.024504
1 0.022217 0.401209 0.018378 0.016336
1 0.008066 0.605897 0.010414 0.029405
1 0.561362 0.828882 0.009189 0.013069