2 0.732311 0.424948 0.007862 0.023585
2 0.783049 0.559305 0.013607 0.019352
2 0.836569 0.703314 0.014816 0.010482
2 0.714441 0.859136 0.013909 0.018142
2 0.669328 0.911547 0.011490 0.025399
2 0.682934 0.945614 0.013909 0.016933
2 0.623246 0.949242 0.010885 0.017739
2 0.651971 0.736494 0.017537 0.011692
2 0.655298 0.578737 0.013909 0.008063
2 0.443517 0.902475 0.018747 0.011289
2 0.554003 0.739478 0.019352 0.009273
2 0.897466 0.791606 0.013002 0.018545
2 0.893535 0.765804 0.005745 0.023383
2 0.348240 0.257096 0.013002 0.024190
1 0.730437 0.753064 0.009978 0.027415
1 0.872762 0.650460 0.014514 0.010079
1 0.914883 0.543945 0.008769 0.021368
1 0.863782 0.571561 0.013002 0.011289
1 0.865596 0.399815 0.014816 0.012095
1 0.897043 0.398202 0.011792 0.013707
1 0.859398 0.425012 0.005443 0.011692
1 0.804669 0.343291 0.012700 0.015320
1 0.796353 0.285760 0.017235 0.010079
1 0.849117 0.314788 0.016933 0.009273
1 0.601143 0.316239 0.018445 0.011692
1 0.531144 0.302935 0.015723 0.009273
1 0.566159 0.506692 0.016933 0.014111
1 0.627691 0.568618 0.009373 0.013304
1 0.538250 0.817973 0.013002 0.011289
1 0.588897 0.855265 0.005443 0.015723
1 0.313830 0.906064 0.018445 0.012498
1 0.782928 0.960329 0.007559 0.016530