0 0.730053 0.217199 0.023936 0.039007
0 0.818484 0.246454 0.017287 0.019504
0 0.902261 0.117908 0.017287 0.021277
0 0.569814 0.359043 0.027926 0.014184
0 0.709441 0.418440 0.011968 0.019504
0 0.679521 0.487589 0.013298 0.030142
0 0.611702 0.722518 0.013298 0.024823
0 0.484043 0.793440 0.013298 0.028369
0 0.325798 0.562057 0.021277 0.015957
0 0.192154 0.303191 0.017287 0.015957
0 0.251995 0.186170 0.014628 0.012411
1 0.089761 0.521277 0.009309 0.012411
0 0.845745 0.668440 0.023936 0.019504
0 0.847739 0.734929 0.009309 0.031915
1 0.890293 0.624113 0.009309 0.015957
0 0.724734 0.857270 0.010638 0.024823
1 0.527261 0.708333 0.011968 0.010638
1 0.753989 0.870567 0.013298 0.012411
1 0.275266 0.984043 0.007979 0.019504
1 0.592420 0.862589 0.006649 0.010638
1 0.646277 0.855496 0.007979 0.010638
1 0.720080 0.654255 0.009309 0.012411
1 0.698803 0.612589 0.009309 0.007092
1 0.557846 0.700355 0.006649 0.012411
1 0.576463 0.638298 0.014628 0.012411
1 0.468085 0.538121 0.007979 0.014184
1 0.502660 0.580674 0.005319 0.010638