2 0.662140 0.119211 0.020011 0.021917
2 0.730822 0.285020 0.012150 0.021917
2 0.722961 0.273585 0.015009 0.012388
2 0.788355 0.295026 0.012864 0.024776
2 0.933510 0.274633 0.010720 0.020964
2 0.887412 0.061178 0.011435 0.017153
2 0.819444 0.175243 0.012150 0.018106
2 0.676148 0.246236 0.008576 0.019059
2 0.650813 0.259080 0.008390 0.023865
2 0.636830 0.248639 0.011746 0.023865
2 0.643542 0.271012 0.006153 0.020881
2 0.657525 0.287792 0.012864 0.014170
2 0.763014 0.384443 0.006153 0.020136
2 0.774480 0.371392 0.005593 0.016407
2 0.786785 0.385562 0.007831 0.020881
2 0.912801 0.342680 0.012864 0.012678
2 0.882877 0.412559 0.011187 0.010441
2 0.868614 0.409203 0.011746 0.021627
2 0.923988 0.553509 0.012864 0.025356
2 0.955590 0.575882 0.012305 0.016407
2 0.952513 0.491237 0.008390 0.018644
2 0.875997 0.641659 0.013983 0.020881
2 0.944235 0.664032 0.015102 0.019390
2 0.969293 0.678276 0.012864 0.023119
2 0.963420 0.698039 0.015661 0.010441
2 0.955310 0.729734 0.015102 0.017153
2 0.912242 0.727869 0.008390 0.025356
2 0.888470 0.737937 0.015661 0.015661
2 0.896021 0.771348 0.011746 0.012678
2 0.917555 0.904467 0.006712 0.023865
2 0.904411 0.917145 0.015102 0.029831
2 0.931818 0.796331 0.010627 0.014915
2 0.878123 0.831755 0.010627 0.011187
2 0.821911 0.853755 0.010068 0.022373
2 0.775487 0.760161 0.008949 0.017153
2 0.780800 0.738907 0.011746 0.016407
2 0.787512 0.758297 0.006153 0.019390
2 0.781919 0.777687 0.012864 0.011932
2 0.777444 0.814602 0.012864 0.027593
2 0.793385 0.791483 0.008949 0.018644
2 0.797860 0.711313 0.011187 0.020881
2 0.786114 0.619957 0.014542 0.011187
2 0.801495 0.630770 0.006153 0.008949
2 0.800656 0.600119 0.019017 0.014170
2 0.810444 0.583340 0.010627 0.023865
2 0.842606 0.594377 0.008949 0.014915
2 0.872809 0.622343 0.013424 0.009695
2 0.980759 0.528078 0.016780 0.012678
2 0.741927 0.452383 0.013424 0.020881
2 0.749758 0.420688 0.007831 0.023119
2 0.736893 0.419569 0.007831 0.020881
2 0.657357 0.337385 0.017898 0.028339
2 0.675255 0.399657 0.017898 0.009695
2 0.620721 0.309792 0.009509 0.008949
2 0.521161 0.288910 0.008390 0.026848
2 0.560594 0.418376 0.015661 0.014915
2 0.111791 0.644567 0.014542 0.021627
2 0.029290 0.677754 0.015102 0.013424
2 0.028731 0.841450 0.010627 0.017153
2 0.014748 0.891043 0.007271 0.022373
2 0.091096 0.704974 0.006712 0.023119
2 0.122697 0.704228 0.008390 0.020136
2 0.076273 0.784026 0.009509 0.018644
2 0.125214 0.792229 0.011187 0.017153
2 0.133604 0.737415 0.015661 0.016407
2 0.118782 0.745991 0.013983 0.018644
2 0.104799 0.732941 0.010627 0.025356
2 0.156257 0.897382 0.017339 0.023119
2 0.205478 0.800060 0.018458 0.023865
2 0.225893 0.756059 0.013424 0.020881
2 0.254978 0.744873 0.012305 0.025356
2 0.240156 0.730703 0.012864 0.023865
2 0.195689 0.711686 0.012305 0.017153
2 0.325006 0.704974 0.019017 0.014170
2 0.274387 0.704228 0.010627 0.023119
2 0.259173 0.778060 0.011746 0.014170
2 0.286860 0.794466 0.008949 0.021627
2 0.303360 0.800805 0.009509 0.025356
2 0.270919 0.809755 0.012864 0.026848
2 0.249664 0.919382 0.015102 0.013424
2 0.272037 0.913043 0.009509 0.021627
2 0.320978 0.911179 0.008949 0.020881
2 0.328809 0.858602 0.016780 0.017153
2 0.335521 0.831009 0.017898 0.020136
2 0.374394 0.814975 0.017339 0.014915
2 0.377470 0.836229 0.011187 0.020136
2 0.386420 0.848535 0.015661 0.008949
2 0.394809 0.871280 0.020136 0.012678
2 0.377191 0.858230 0.007271 0.016407
2 0.360691 0.873891 0.008949 0.017898
2 0.350343 0.911552 0.006153 0.020136
2 0.374394 0.924230 0.009509 0.017153
2 0.388657 0.924603 0.011187 0.032814
2 0.370199 0.905213 0.010068 0.013424
2 0.310072 0.844060 0.017339 0.023865
2 0.365165 0.756805 0.008949 0.016407
2 0.348665 0.700873 0.010627 0.022373
2 0.359572 0.693415 0.008949 0.025356
2 0.369640 0.718398 0.013424 0.017153
2 0.392852 0.746364 0.010627 0.014915
2 0.374674 0.750466 0.008949 0.020136
2 0.404598 0.776941 0.013983 0.008949
2 0.406154 0.793440 0.021051 0.009876
2 0.409273 0.812932 0.014814 0.007277
2 0.400112 0.821768 0.012085 0.010396
2 0.432858 0.795520 0.010525 0.019232
2 0.433248 0.818910 0.015983 0.008836
2 0.453714 0.799158 0.019492 0.015074
2 0.450985 0.819689 0.015593 0.010396
2 0.439485 0.855554 0.013644 0.015593
2 0.487785 0.818234 0.020271 0.012475
2 0.500260 0.860336 0.011695 0.013514
2 0.514099 0.878788 0.018322 0.011955
2 0.480768 0.867353 0.014034 0.012994
2 0.479599 0.883206 0.009356 0.010396
2 0.484277 0.892562 0.019492 0.015593
2 0.494217 0.898539 0.024559 0.010915
2 0.499675 0.914393 0.015983 0.012475
2 0.489929 0.930506 0.017542 0.010396
2 0.497453 0.799106 0.015593 0.012475
2 0.463927 0.751806 0.014034 0.023910
2 0.444436 0.762981 0.018712 0.024430
2 0.428842 0.697489 0.029627 0.007797
2 0.500182 0.661105 0.014814 0.018192
2 0.513241 0.628879 0.009746 0.020271
2 0.424086 0.595509 0.008576 0.021311
2 0.421747 0.547949 0.021051 0.009356
2 0.424086 0.566402 0.016373 0.012994
2 0.378008 0.532616 0.012475 0.015074
2 0.372161 0.514944 0.027288 0.011955
2 0.281875 0.473933 0.011695 0.012475
2 0.408181 0.496284 0.017153 0.013514
2 0.431961 0.518374 0.014034 0.019232
2 0.470633 0.516815 0.015593 0.022350
2 0.502989 0.418837 0.008576 0.027028
2 0.519946 0.383752 0.015983 0.014034
2 0.534760 0.503353 0.015203 0.017672
2 0.523260 0.562087 0.014814 0.014554
2 0.469268 0.573003 0.016763 0.011435
2 0.599200 0.513904 0.007017 0.023390
2 0.591598 0.512605 0.007407 0.018712
2 0.606801 0.491814 0.014424 0.016633
2 0.635259 0.526898 0.016763 0.030667
2 0.611674 0.519362 0.008576 0.009356
2 0.637403 0.456729 0.017932 0.014034
2 0.739578 0.577317 0.011305 0.014034
2 0.735875 0.618379 0.018712 0.023390
2 0.746011 0.657103 0.006237 0.017672
2 0.730807 0.664120 0.012475 0.018192
2 0.770570 0.730391 0.008576 0.015593
2 0.873486 0.711160 0.007017 0.016633
2 0.894537 0.715838 0.014814 0.009356
2 0.859998 0.574614 0.014034 0.010915
2 0.891964 0.498986 0.007797 0.011435
2 0.975583 0.911950 0.011305 0.008836
2 0.935820 0.889339 0.008966 0.011435
2 0.854150 0.864910 0.010915 0.015593
2 0.743633 0.800457 0.006627 0.020791
2 0.766048 0.719372 0.008576 0.020791
2 0.807955 0.729248 0.012864 0.013514
2 0.794116 0.739124 0.007017 0.015593
2 0.695683 0.763553 0.009746 0.017672
2 0.712056 0.711575 0.013644 0.018712
2 0.671514 0.764333 0.008186 0.024430
2 0.671124 0.711575 0.010525 0.017672
2 0.649293 0.696710 0.009746 0.013514
2 0.654556 0.715682 0.010915 0.021311
2 0.699192 0.606736 0.005068 0.019232
2 0.639547 0.577837 0.018322 0.014034
2 0.657207 0.498311 0.007017 0.021311
2 0.592105 0.600239 0.010915 0.022870
2 0.573393 0.599459 0.017153 0.010915
2 0.557020 0.600499 0.010915 0.010915
2 0.580994 0.612194 0.010525 0.010396
2 0.593274 0.626748 0.013254 0.019752
2 0.614715 0.642601 0.011695 0.008836
2 0.583333 0.680857 0.009746 0.007797
2 0.605944 0.677478 0.012864 0.010396
2 0.600876 0.707105 0.008186 0.021831
2 0.613740 0.738292 0.014424 0.013514
2 0.596783 0.738032 0.005458 0.010915
2 0.576901 0.744789 0.017932 0.008836
2 0.527782 0.719060 0.010136 0.010396
2 0.516087 0.738032 0.017932 0.008836
2 0.518816 0.771038 0.011695 0.022870
2 0.534604 0.803264 0.011305 0.017672
2 0.542596 0.833151 0.017153 0.010915
2 0.550977 0.856282 0.008966 0.014554
2 0.577291 0.853943 0.015593 0.018192
2 0.575927 0.912677 0.008966 0.019232
2 0.599122 0.906180 0.012475 0.020791
2 0.608672 0.833931 0.006627 0.013514
2 0.638885 0.808462 0.013254 0.018712
2 0.641808 0.774417 0.009746 0.018192
2 0.640444 0.739072 0.010136 0.025469
2 0.643173 0.717969 0.008576 0.023390
2 0.563647 0.781901 0.010136 0.016113
2 0.497765 0.759551 0.011695 0.017153
2 0.694046 0.863610 0.008966 0.019232
2 0.702622 0.845418 0.011305 0.012994
2 0.721919 0.881283 0.013254 0.008836
2 0.705741 0.888040 0.005068 0.030667
2 0.719385 0.896876 0.015983 0.009876
2 0.695410 0.891418 0.007797 0.020791
2 0.686054 0.861011 0.007017 0.030667
2 0.669292 0.855554 0.015593 0.009356
2 0.660910 0.899995 0.008186 0.019232
2 0.679817 0.917407 0.016373 0.022870
2 0.678453 0.895317 0.012864 0.014034
2 0.663834 0.886221 0.010136 0.016633
2 0.672605 0.875305 0.007407 0.018712
2 0.647851 0.879723 0.007797 0.009876
2 0.008135 0.855502 0.014034 0.017153
2 0.066025 0.728156 0.015983 0.011955
2 0.575732 0.806955 0.016373 0.022350
2 0.982795 0.687666 0.013254 0.024949
1 0.986499 0.591455 0.013644 0.017153
1 0.882218 0.613026 0.011695 0.018712
1 0.549496 0.943136 0.007407 0.011955
1 0.503885 0.937419 0.006627 0.007797
1 0.709327 0.989397 0.007407 0.008836
1 0.538775 0.701960 0.007797 0.011955
1 0.529224 0.639066 0.007407 0.009876
1 0.528250 0.608400 0.005458 0.007797
1 0.555148 0.545247 0.010915 0.020791
1 0.330605 0.776028 0.009356 0.009356
1 0.331384 0.806955 0.012475 0.016113
1 0.141457 0.832164 0.010915 0.014554
1 0.200712 0.955871 0.008576 0.016633
1 0.114559 0.816311 0.012475 0.020271
1 0.022169 0.723011 0.012475 0.012475
2 0.135805 0.872187 0.008186 0.027028
1 0.071287 0.437601 0.010136 0.012994
1 0.054720 0.471126 0.009746 0.013514
1 0.056084 0.360934 0.010136 0.012475
1 0.269323 0.132751 0.014034 0.016633
1 0.392978 0.316960 0.007797 0.014554
1 0.737707 0.493165 0.006627 0.019752
1 0.776808 0.511721 0.007797 0.015074
1 0.730573 0.038464 0.014034 0.019752
1 0.507667 0.200530 0.007017 0.012475
1 0.568091 0.372005 0.004678 0.009876
1 0.600252 0.390197 0.006627 0.009876
1 0.519791 0.462238 0.009746 0.016113
1 0.558774 0.525495 0.009746 0.014554
0 0.702193 0.406726 0.042102 0.051458
0 0.335789 0.655803 0.037814 0.030667
1 0.110325 0.587669 0.019297 0.021917
1 0.057795 0.836764 0.017153 0.023823
1 0.235175 0.091889 0.008270 0.008576
1 0.236554 0.221269 0.006432 0.009802
1 0.212892 0.346239 0.007811 0.009802
1 0.138462 0.383301 0.005973 0.009189
1 0.272620 0.346422 0.006892 0.011639