0 0.475399 0.525709 0.025266 0.031915
0 0.573803 0.575355 0.022606 0.028369
0 0.555186 0.592199 0.017287 0.019504
0 0.651596 0.502660 0.015957 0.014184
0 0.714096 0.459220 0.018617 0.012411
0 0.718085 0.352837 0.018617 0.015957
0 0.690824 0.296099 0.006649 0.023050
0 0.680851 0.197695 0.010638 0.031915
0 0.606383 0.183511 0.021277 0.014184
0 0.557181 0.217199 0.015957 0.021277
1 0.619681 0.309397 0.015957 0.010638
1 0.458112 0.188830 0.011968 0.021277
0 0.474069 0.970745 0.027926 0.039007
1 0.343750 0.476950 0.011968 0.012411
1 0.860372 0.882092 0.007979 0.021277
1 0.839096 0.580674 0.010638 0.024823
1 0.954122 0.527482 0.009309 0.017730
2 0.888298 0.545213 0.021277 0.039007
2 0.829787 0.517730 0.007979 0.015957
2 0.985372 0.498227 0.013298 0.026596
2 0.929521 0.728723 0.013298 0.033688
2 0.861702 0.748227 0.018617 0.008865
2 0.849069 0.768617 0.019947 0.017730
2 0.833777 0.781915 0.015957 0.019504
2 0.821809 0.902482 0.015957 0.015957
2 0.764628 0.971631 0.013298 0.026596
2 0.847739 0.930851 0.017287 0.026596
2 0.866356 0.981383 0.009309 0.014184
2 0.918218 0.860816 0.011968 0.024823
2 0.886303 0.854610 0.009309 0.023050
2 0.939495 0.848404 0.014628 0.017730
2 0.932846 0.815603 0.017287 0.005319
2 0.908245 0.652482 0.013298 0.008865
2 0.890293 0.629433 0.006649 0.012411
2 0.893617 0.706560 0.010638 0.017730
2 0.910904 0.671986 0.015957 0.012411
2 0.980053 0.668440 0.018617 0.026596
2 0.984043 0.725177 0.013298 0.030142
2 0.994016 0.852837 0.011968 0.015957
2 0.968085 0.714539 0.015957 0.015957
2 0.434840 0.790780 0.021277 0.015957
2 0.409574 0.836879 0.018617 0.026596
2 0.537234 0.815603 0.015957 0.030142
2 0.447473 0.912234 0.003989 0.017730
2 0.436170 0.864362 0.010638 0.017730
2 0.446144 0.831560 0.017287 0.026596
2 0.410239 0.940603 0.030585 0.039007
2 0.363032 0.921986 0.010638 0.023050
2 0.403590 0.875887 0.017287 0.015957
2 0.384973 0.810284 0.017287 0.023050
1 0.616356 0.770390 0.019947 0.014184
1 0.596410 0.742021 0.011968 0.014184
1 0.583777 0.681738 0.007979 0.010638
1 0.609043 0.668440 0.010638 0.015957
1 0.630319 0.694149 0.018617 0.021277
1 0.591090 0.612589 0.022606 0.021277
1 0.579122 0.537234 0.025266 0.030142
1 0.512633 0.498227 0.006649 0.008865
1 0.374335 0.734929 0.014628 0.017730
1 0.307181 0.812943 0.013298 0.035461
1 0.287899 0.803191 0.017287 0.019504
1 0.242686 0.880319 0.009309 0.017730
1 0.234043 0.914007 0.010638 0.007092
1 0.227394 0.891844 0.018617 0.023050
2 0.168883 0.936170 0.023936 0.037234
2 0.320479 0.409574 0.010638 0.019504
1 0.870346 0.192376 0.011968 0.017730
1 0.962101 0.909574 0.006649 0.012411
1 0.247340 0.720745 0.021277 0.014184
1 0.220080 0.679078 0.011968 0.012411
1 0.215426 0.613475 0.007979 0.015957
1 0.279920 0.585993 0.014628 0.017730
1 0.223404 0.182624 0.015957 0.019504
1 0.103059 0.039894 0.025266 0.021277
1 0.775266 0.315603 0.015957 0.023050
1 0.324468 0.344858 0.007979 0.024823
1 0.202793 0.219858 0.006649 0.008865
1 0.156250 0.796099 0.011968 0.019504
1 0.354388 0.978723 0.027926 0.008865
1 0.541223 0.949468 0.010638 0.035461
1 0.584441 0.939716 0.011968 0.023050
1 0.519947 0.988475 0.010638 0.017730
1 0.505319 0.838652 0.007979 0.019504
1 0.468750 0.881206 0.006649 0.015957
1 0.422207 0.906028 0.017287 0.026596
1 0.690824 0.804078 0.011968 0.017730
1 0.704787 0.706560 0.013298 0.017730
1 0.719415 0.773050 0.013298 0.015957
1 0.562500 0.792553 0.018617 0.015957
1 0.559840 0.835993 0.010638 0.028369
1 0.473404 0.569149 0.021277 0.015957
1 0.502660 0.638298 0.002660 0.015957
1 0.392287 0.601064 0.010638 0.026596
1 0.509973 0.285461 0.006649 0.023050
1 0.105053 0.838652 0.029255 0.019504
1 0.086436 0.594858 0.010638 0.010638
1 0.133644 0.507092 0.011968 0.019504
1 0.021277 0.644504 0.029255 0.010638
1 0.089761 0.882092 0.022606 0.017730
1 0.077128 0.849291 0.015957 0.033688