1 0.322473 0.188830 0.019947 0.024823
1 0.631649 0.151596 0.018617 0.017730
1 0.630319 0.355496 0.015957 0.024823
1 0.519947 0.529255 0.015957 0.024823
2 0.934176 0.627660 0.011968 0.033688
2 0.660904 0.703901 0.021277 0.015957
1 0.348404 0.986702 0.010638 0.014184
1 0.829122 0.865248 0.011968 0.012411
1 0.724069 0.858156 0.011968 0.015957
1 0.961436 0.624113 0.005319 0.019504
1 0.160239 0.520390 0.009309 0.014184
1 0.117686 0.471631 0.009309 0.015957
1 0.143617 0.676418 0.013298 0.007092
1 0.059176 0.800532 0.011968 0.014184
1 0.081782 0.831560 0.014628 0.023050
0 0.236702 0.626773 0.021277 0.039007