0 0.784574 0.342199 0.013298 0.015957
0 0.877660 0.385638 0.021277 0.039007
0 0.374335 0.120567 0.014628 0.019504
0 0.207447 0.100177 0.013298 0.014184
0 0.255319 0.072695 0.010638 0.023050
0 0.261303 0.095745 0.017287 0.026596
0 0.011303 0.111702 0.011968 0.023050
0 0.226729 0.428191 0.019947 0.017730
0 0.222074 0.510638 0.018617 0.033688
0 0.234707 0.746454 0.011968 0.023050
0 0.740027 0.791667 0.017287 0.017730
0 0.712766 0.844858 0.018617 0.017730
0 0.851064 0.669326 0.015957 0.028369
0 0.799867 0.671099 0.017287 0.010638
0 0.928191 0.913121 0.018617 0.019504
0 0.631649 0.820035 0.013298 0.024823
1 0.660239 0.894504 0.014628 0.017730
1 0.690824 0.693262 0.014628 0.015957
1 0.831117 0.821809 0.013298 0.017730
1 0.855053 0.889184 0.005319 0.017730
1 0.875665 0.913121 0.009309 0.019504
1 0.855053 0.475177 0.015957 0.012411
1 0.797207 0.426418 0.009309 0.010638
1 0.630984 0.195922 0.017287 0.014184
1 0.790559 0.153369 0.011968 0.014184
1 0.849734 0.054078 0.002660 0.010638
1 0.859043 0.102837 0.005319 0.008865
1 0.972739 0.184397 0.006649 0.015957
1 0.889628 0.163121 0.007979 0.008865
1 0.985372 0.246454 0.010638 0.015957
1 0.905585 0.248227 0.007979 0.012411
1 0.109707 0.468972 0.006649 0.010638
1 0.966090 0.402482 0.006649 0.012411
1 0.980718 0.641844 0.009309 0.008865
1 0.990691 0.956560 0.007979 0.017730