1 0.903475 0.989719 0.020748 0.015690
2 0.780844 0.910855 0.019509 0.008258
1 0.607426 0.915603 0.009600 0.013626
1 0.304255 0.647756 0.008361 0.008258
1 0.585470 0.356745 0.018580 0.021471
1 0.839527 0.427350 0.019819 0.018168
1 0.785891 0.221438 0.013006 0.006193
1 0.959526 0.238367 0.011458 0.009497
2 0.989564 0.249721 0.016413 0.006606
2 0.733680 0.297205 0.007432 0.008258
2 0.563174 0.057599 0.018580 0.011974
1 0.611947 0.082993 0.012697 0.014039
1 0.777654 0.346876 0.008052 0.005368
1 0.751486 0.146042 0.005264 0.009497