0 0.345883 0.234134 0.018010 0.022298
3 0.714451 0.336192 0.034734 0.051458
2 0.281561 0.449400 0.025729 0.024014
0 0.197204 0.443441 0.019486 0.019861
2 0.493182 0.453688 0.027015 0.025729
2 0.872684 0.419383 0.014151 0.029160
2 0.639194 0.632933 0.020583 0.037736
2 0.798070 0.681818 0.019297 0.022298
2 0.889408 0.651801 0.011578 0.027444
2 0.577444 0.951115 0.018010 0.022298
2 0.199871 0.668954 0.016724 0.020583
3 0.112393 0.820755 0.032161 0.025729
1 0.026201 0.951747 0.011578 0.017604
1 0.100172 0.887650 0.015437 0.022298
2 0.884262 0.030017 0.019297 0.018868
0 0.095026 0.253002 0.018010 0.036021