0 0.563165 0.561170 0.019947 0.017730
0 0.326463 0.015957 0.022606 0.015957
0 0.541888 0.165780 0.011968 0.031915
0 0.672872 0.293440 0.018617 0.028369
0 0.594415 0.115248 0.013298 0.030142
0 0.244681 0.031028 0.010638 0.010638
0 0.307181 0.046099 0.015957 0.015957
0 0.732048 0.076241 0.014628 0.015957
0 0.837101 0.192376 0.011968 0.021277
0 0.961436 0.024823 0.010638 0.023050
0 0.910239 0.134752 0.014628 0.023050
0 0.938830 0.132979 0.010638 0.023050
0 0.861702 0.213652 0.018617 0.024823
0 0.894947 0.180851 0.018617 0.019504
0 0.914229 0.441489 0.011968 0.026596
0 0.884309 0.390071 0.010638 0.030142
0 0.827128 0.356383 0.018617 0.023050
0 0.745346 0.390957 0.014628 0.031915
0 0.755984 0.652482 0.009309 0.026596
0 0.741356 0.635638 0.011968 0.028369
0 0.721410 0.634752 0.014628 0.019504
0 0.748670 0.741135 0.013298 0.015957
0 0.847739 0.733156 0.014628 0.021277
0 0.905585 0.625887 0.013298 0.030142
0 0.980718 0.359929 0.014628 0.019504
0 0.994016 0.522163 0.009309 0.031915
0 0.349734 0.734929 0.013298 0.017730
0 0.216755 0.256206 0.021277 0.021277
0 0.326463 0.537234 0.009309 0.023050
0 0.365691 0.571809 0.015957 0.017730
0 0.460106 0.697695 0.021277 0.024823
0 0.540559 0.593085 0.017287 0.021277
0 0.561170 0.587766 0.018617 0.028369
0 0.621676 0.641844 0.022606 0.015957
0 0.669548 0.659574 0.019947 0.019504
0 0.632314 0.664894 0.019947 0.019504
0 0.625665 0.486702 0.017287 0.017730
0 0.654255 0.462766 0.018617 0.012411
0 0.710106 0.232270 0.013298 0.026596
0 0.640957 0.805851 0.018617 0.024823
0 0.386968 0.735816 0.010638 0.012411
0 0.206117 0.923759 0.018617 0.015957
0 0.329122 0.872340 0.009309 0.023050
0 0.648936 0.862589 0.010638 0.017730
0 0.632979 0.900709 0.010638 0.026596
2 0.728723 0.931738 0.010638 0.024823
2 0.678856 0.913121 0.017287 0.015957
2 0.575798 0.935284 0.015957 0.024823
2 0.582447 0.984043 0.013298 0.023050
2 0.545213 0.964539 0.015957 0.015957
2 0.297872 0.971631 0.018617 0.012411
2 0.255984 0.921986 0.014628 0.012411
2 0.184840 0.960106 0.023936 0.017730
2 0.170213 0.587766 0.013298 0.017730
2 0.397606 0.263298 0.018617 0.024823
2 0.403590 0.319149 0.009309 0.023050
2 0.546543 0.358156 0.005319 0.026596
2 0.581117 0.337766 0.018617 0.017730
2 0.600399 0.370567 0.011968 0.012411
2 0.626330 0.539894 0.015957 0.017730
2 0.601729 0.601950 0.017287 0.028369
2 0.642952 0.726064 0.014628 0.031915
2 0.676862 0.794326 0.018617 0.019504
2 0.823803 0.837766 0.014628 0.017730
2 0.392287 0.609043 0.013298 0.017730
2 0.065160 0.419326 0.018617 0.039007
2 0.176862 0.170213 0.013298 0.015957
2 0.664894 0.408688 0.018617 0.014184
2 0.646941 0.424645 0.011968 0.017730
2 0.626330 0.398936 0.013298 0.012411
2 0.819814 0.795213 0.009309 0.021277
0 0.664894 0.749113 0.021277 0.017730
0 0.885638 0.983156 0.013298 0.017730
0 0.402261 0.990691 0.014628 0.018617
0 0.274601 0.878546 0.019947 0.017730
0 0.098404 0.554965 0.010638 0.023050
1 0.376995 0.493794 0.009309 0.014184
0 0.600399 0.718972 0.017287 0.017730
0 0.530585 0.649823 0.007979 0.017730
0 0.511968 0.828901 0.013298 0.021277
0 0.302527 0.669326 0.014628 0.021277
0 0.686170 0.581560 0.010638 0.012411
0 0.847739 0.925532 0.014628 0.023050
2 0.763298 0.162234 0.010638 0.024823
2 0.769282 0.221631 0.017287 0.015957
2 0.694149 0.546986 0.010638 0.028369
2 0.397606 0.685284 0.013298 0.010638
2 0.414229 0.880319 0.009309 0.021277
2 0.366356 0.854610 0.009309 0.019504
2 0.354388 0.953014 0.014628 0.014184
2 0.605053 0.820035 0.010638 0.021277
2 0.906250 0.899823 0.017287 0.014184
2 0.880319 0.946809 0.018617 0.023050
2 0.910239 0.939716 0.014628 0.023050
2 0.909574 0.793440 0.023936 0.024823
2 0.954787 0.774823 0.013298 0.012411
2 0.958112 0.819149 0.011968 0.012411
2 0.931516 0.818262 0.011968 0.031915
2 0.912234 0.864362 0.007979 0.017730
2 0.982713 0.843085 0.007979 0.021277
2 0.907580 0.703014 0.017287 0.010638
2 0.954122 0.903369 0.011968 0.021277
2 0.928856 0.938830 0.011968 0.017730
2 0.978059 0.897163 0.009309 0.019504
2 0.990691 0.892730 0.015957 0.021277
2 0.995346 0.943262 0.009308 0.015957
2 0.926197 0.901596 0.019947 0.021277
2 0.847739 0.409574 0.014628 0.023050
2 0.875665 0.218085 0.014628 0.030142
2 0.492686 0.734929 0.009309 0.017730
2 0.612367 0.887411 0.022606 0.021277
2 0.538564 0.230496 0.015957 0.023050
2 0.536569 0.376773 0.006649 0.021277
1 0.557181 0.393617 0.005319 0.012411
1 0.563165 0.434397 0.009309 0.015957
1 0.613032 0.250000 0.002660 0.005319
1 0.607713 0.462766 0.005319 0.008865
1 0.766622 0.431738 0.014628 0.010638
1 0.426197 0.570922 0.009309 0.012411
1 0.644282 0.216312 0.009309 0.008865