1 0.592604 0.661194 0.014090 0.035122
1 0.622927 0.794331 0.024504 0.022053
1 0.547272 0.786164 0.011639 0.025321
1 0.500102 0.925835 0.010414 0.025321
1 0.815405 0.517439 0.012252 0.023687
1 0.846341 0.642000 0.010414 0.022870
1 0.908519 0.568488 0.017153 0.017969
1 0.986931 0.153966 0.013477 0.015519
1 0.701768 0.133546 0.010414 0.025321
1 0.511190 0.112309 0.014702 0.017153
1 0.627338 0.733317 0.011027 0.016336
1 0.900555 0.953851 0.013477 0.017969
1 0.917402 0.891366 0.010414 0.013885
1 0.983562 0.871355 0.012864 0.017969