0 0.586436 0.187057 0.015957 0.021277
0 0.571809 0.097518 0.013298 0.019504
0 0.601064 0.013298 0.021277 0.010638
0 0.692154 0.143617 0.019947 0.019504
0 0.613697 0.237589 0.017287 0.015957
0 0.662234 0.375887 0.021277 0.023050
0 0.527261 0.419326 0.019947 0.021277
0 0.620346 0.468085 0.017287 0.015957
0 0.646941 0.460993 0.017287 0.026596
0 0.917553 0.166667 0.018617 0.030142
0 0.684176 0.073582 0.009309 0.007092
0 0.724069 0.118794 0.009309 0.023050
0 0.896941 0.092199 0.019947 0.019504
0 0.902926 0.439716 0.013298 0.026596
0 0.972074 0.293440 0.013298 0.021277
0 0.412234 0.519504 0.018617 0.023050
0 0.256649 0.401596 0.013298 0.024823
0 0.208112 0.490248 0.011968 0.010638
0 0.009973 0.468085 0.019946 0.023050
0 0.534574 0.585993 0.015957 0.031915
0 0.575133 0.643617 0.011968 0.026596
0 0.548537 0.531028 0.022606 0.021277
0 0.559840 0.397163 0.023936 0.026596
0 0.565160 0.519504 0.018617 0.033688
0 0.571144 0.707447 0.014628 0.033688
2 0.562500 0.985816 0.010638 0.026596
0 0.865691 0.872340 0.018617 0.019504
0 0.910904 0.840426 0.013298 0.026596
0 0.994681 0.702128 0.010638 0.015957
1 0.977394 0.479610 0.010638 0.014184
1 0.846410 0.706560 0.006649 0.007092
1 0.769282 0.410461 0.009309 0.017730
1 0.801197 0.388298 0.009309 0.008865
1 0.793883 0.831560 0.005319 0.012411
1 0.886303 0.761525 0.006649 0.017730
1 0.853723 0.810284 0.013298 0.015957
1 0.924867 0.917553 0.009309 0.010638
1 0.951463 0.857270 0.009309 0.017730