0 0.755319 0.168440 0.023936 0.026596
0 0.951463 0.085993 0.014628 0.021277
0 0.531250 0.338652 0.011968 0.026596
0 0.561170 0.352837 0.010638 0.026596
0 0.656915 0.282801 0.018617 0.014184
0 0.635638 0.385638 0.018617 0.031915
0 0.646941 0.432624 0.011968 0.015957
0 0.748670 0.345745 0.010638 0.019504
0 0.732048 0.330674 0.017287 0.014184
0 0.892952 0.301418 0.009309 0.023050
0 0.788564 0.369681 0.013298 0.021277
0 0.684176 0.479610 0.014628 0.017730
0 0.657580 0.602837 0.011968 0.023050
0 0.720745 0.513298 0.015957 0.031915
0 0.720080 0.445035 0.011968 0.019504
0 0.735372 0.617908 0.023936 0.021277
0 0.781915 0.645390 0.018617 0.023050
0 0.886303 0.691489 0.017287 0.026596
0 0.959441 0.704787 0.014628 0.017730
0 0.678191 0.828014 0.013298 0.019504
0 0.735372 0.848404 0.015957 0.021277
0 0.765957 0.942376 0.010638 0.028369
0 0.658245 0.680851 0.010638 0.019504
0 0.676197 0.777482 0.027926 0.021277
0 0.328457 0.856383 0.021277 0.030142
0 0.527261 0.972518 0.017287 0.014184
0 0.610372 0.874113 0.013298 0.015957
0 0.260638 0.956560 0.013298 0.028369
3 0.134309 0.427305 0.021277 0.040780
1 0.287234 0.702128 0.013298 0.023050
1 0.139628 0.624113 0.013298 0.015957
1 0.404255 0.132092 0.023936 0.024823
1 0.679521 0.033688 0.010638 0.019504
1 0.410904 0.093085 0.015957 0.028369
3 0.234707 0.257092 0.014628 0.030142
1 0.203457 0.670213 0.018617 0.026596
1 0.240027 0.541667 0.022606 0.014184
1 0.147606 0.293440 0.010638 0.028369
1 0.195479 0.302305 0.010638 0.017730
1 0.087766 0.553191 0.023936 0.019504
1 0.054521 0.628546 0.021277 0.021277
1 0.039894 0.394504 0.034574 0.031915
1 0.168218 0.070922 0.027926 0.019504
1 0.011303 0.431738 0.022606 0.035461
1 0.007314 0.594858 0.014628 0.035461
1 0.005319 0.664007 0.010638 0.035461
1 0.035239 0.718972 0.011968 0.021277
1 0.059840 0.713652 0.013298 0.010638
1 0.130319 0.727837 0.007979 0.014184
1 0.232713 0.718085 0.015957 0.026596
1 0.291888 0.620567 0.022606 0.015957
1 0.112367 0.582447 0.022606 0.010638
1 0.039894 0.517730 0.005319 0.008865
1 0.016622 0.811170 0.017287 0.028369
1 0.031250 0.760638 0.009309 0.012411
1 0.048537 0.817376 0.003989 0.015957
3 0.179521 0.923759 0.029255 0.047872
2 0.351729 0.437057 0.011968 0.031915
2 0.204122 0.728723 0.009309 0.026596
2 0.664894 0.888298 0.021277 0.023050
2 0.744016 0.960106 0.009309 0.031915
0 0.702793 0.599291 0.009309 0.023050
0 0.346410 0.226950 0.009309 0.015957
0 0.267952 0.787234 0.011968 0.019504