2 0.208554 0.789992 0.014542 0.024610
2 0.165486 0.804161 0.021254 0.024610
2 0.091935 0.833619 0.025170 0.014915
2 0.094451 0.807517 0.012305 0.031322
2 0.019222 0.875755 0.008390 0.027593
2 0.218062 0.836975 0.007831 0.023119
2 0.187020 0.833992 0.010627 0.026102
2 0.178071 0.922366 0.007271 0.019390
2 0.190935 0.936535 0.012864 0.017898
2 0.168282 0.944366 0.013424 0.021627
2 0.136121 0.976061 0.013983 0.014915
2 0.211351 0.866433 0.012305 0.023865
2 0.219461 0.906332 0.013983 0.014170
2 0.199325 0.906332 0.012864 0.017153
2 0.185062 0.900365 0.008949 0.018644
2 0.304199 0.809009 0.010068 0.028339
2 0.312980 0.941383 0.017339 0.012678
2 0.293963 0.986874 0.012864 0.020136
2 0.274387 0.982027 0.015102 0.013424
2 0.350287 0.944739 0.012305 0.023865
2 0.331158 0.793348 0.016780 0.011932
2 0.326963 0.830263 0.011746 0.027593
2 0.241834 0.569170 0.020695 0.014915
2 0.066206 0.591543 0.012864 0.019390
2 0.362033 0.610113 0.013424 0.018644
2 0.349728 0.608248 0.015661 0.020881
2 0.598963 0.522112 0.011187 0.026102
2 0.598963 0.622940 0.020136 0.015661
2 0.632747 0.762025 0.017898 0.017898
2 0.615128 0.778432 0.018458 0.014915
2 0.603662 0.794094 0.017898 0.020881
2 0.594601 0.914162 0.017898 0.014915
2 0.538109 0.974942 0.011187 0.024610
2 0.664237 0.871653 0.008390 0.028339
2 0.704508 0.751212 0.009509 0.030576
2 0.689966 0.725110 0.013983 0.015661
2 0.658364 0.548512 0.014542 0.035051
2 0.909725 0.669923 0.020136 0.024610
2 0.938530 0.569617 0.013983 0.023865
2 0.941886 0.804534 0.008390 0.022373
2 0.983556 0.781788 0.008949 0.023119
2 0.970691 0.812365 0.007831 0.021627
2 0.990547 0.844433 0.010627 0.024610
2 0.995414 0.879484 0.009172 0.021627
2 0.973768 0.885823 0.011746 0.011932
2 0.976005 0.898501 0.017339 0.013424
2 0.932937 0.828772 0.015102 0.021627
2 0.918394 0.801924 0.022932 0.024610
2 0.899657 0.760907 0.015661 0.023119
2 0.935454 0.743381 0.012305 0.028339
2 0.883716 0.770602 0.011746 0.020136
2 0.898384 0.783489 0.013279 0.014386
2 0.860206 0.793725 0.009960 0.014939
2 0.840702 0.808112 0.020749 0.011620
2 0.844851 0.827754 0.014109 0.022132
2 0.833854 0.857080 0.019504 0.013279
2 0.827422 0.890002 0.012450 0.027112
2 0.813313 0.895535 0.011620 0.017153
2 0.767250 0.884192 0.014939 0.021026
2 0.717866 0.863443 0.011620 0.021579
2 0.706662 0.853206 0.009130 0.023239
2 0.696287 0.850717 0.009130 0.019366
2 0.689440 0.853483 0.010375 0.017153
2 0.696702 0.877552 0.011620 0.026559
2 0.620055 0.941183 0.012864 0.028772
2 0.760319 0.677253 0.021164 0.012173
2 0.791236 0.704642 0.016599 0.013833
2 0.776379 0.866597 0.009130 0.019919
2 0.714962 0.896475 0.008300 0.018813
2 0.681970 0.867039 0.013694 0.015493
2 0.488897 0.782075 0.018388 0.023730
2 0.559094 0.891219 0.006640 0.017153
2 0.243125 0.885409 0.016599 0.017706
2 0.353884 0.683727 0.008715 0.028219
2 0.846719 0.341947 0.019504 0.015493
2 0.864148 0.294362 0.011205 0.021026
2 0.800241 0.629281 0.015354 0.013833
2 0.767457 0.739114 0.010375 0.021026
2 0.754593 0.727494 0.010375 0.018813
2 0.742392 0.726387 0.011703 0.019919
2 0.768909 0.722238 0.016599 0.011620
2 0.820243 0.525314 0.012864 0.013279
2 0.107633 0.358269 0.008715 0.021579
2 0.729279 0.008300 0.019504 0.016599
2 0.828252 0.113429 0.012450 0.028772
2 0.779077 0.131135 0.010375 0.014386
2 0.662075 0.178030 0.011256 0.022156
2 0.238350 0.960192 0.013937 0.023585
2 0.184748 0.876572 0.017153 0.019297
2 0.154463 0.738279 0.015545 0.022870
2 0.078884 0.800457 0.013401 0.012864
2 0.038683 0.868353 0.010184 0.020011
2 0.472163 0.713979 0.012864 0.018582
2 0.845233 0.743425 0.012864 0.027158
2 0.809052 0.798814 0.012328 0.035020
2 0.780375 0.929603 0.010720 0.020726
1 0.624385 0.306575 0.027444 0.030875
1 0.612336 0.468096 0.019297 0.017724
1 0.784591 0.586564 0.017153 0.014294
1 0.836907 0.684048 0.012007 0.016009
1 0.752216 0.762493 0.014151 0.013722
1 0.760363 0.813665 0.010720 0.012007
1 0.721126 0.829388 0.013722 0.014866
1 0.918082 0.714923 0.009005 0.012579
1 0.569068 0.910006 0.006861 0.012579
1 0.581075 0.856547 0.008576 0.010863
1 0.431890 0.786221 0.005575 0.013150
1 0.397713 0.697141 0.006861 0.014294
1 0.514994 0.653002 0.026158 0.032590
1 0.222927 0.609663 0.018010 0.016581
1 0.169325 0.522756 0.012864 0.021155
1 0.053330 0.529331 0.009863 0.016009
1 0.041967 0.583076 0.013722 0.025157
1 0.643725 0.187822 0.009863 0.020011
1 0.738836 0.316867 0.007290 0.022870
1 0.519197 0.748656 0.006432 0.013722
1 0.424643 0.517553 0.008576 0.013722
1 0.389051 0.265580 0.006003 0.014294
1 0.296427 0.188393 0.009434 0.012007
1 0.146341 0.911435 0.008576 0.012007
1 0.145698 0.924014 0.009005 0.013150
1 0.280217 0.842539 0.009434 0.018296
1 0.193596 0.950600 0.012864 0.011435
1 0.679960 0.660949 0.006861 0.010292
1 0.688107 0.663808 0.007719 0.011435
1 0.785706 0.530074 0.009434 0.010863
1 0.361607 0.744082 0.015437 0.013722
1 0.211650 0.243796 0.006432 0.012579
1 0.017095 0.197484 0.015437 0.018296
1 0.035106 0.269811 0.010292 0.012007
1 0.038751 0.251801 0.008148 0.014866
1 0.827987 0.557004 0.014580 0.019440
1 0.807404 0.559863 0.013722 0.012579
1 0.868125 0.735506 0.009434 0.010292
1 0.776358 0.682905 0.008576 0.011435
1 0.762636 0.839966 0.006861 0.012007
1 0.196439 0.688320 0.011205 0.012173
1 0.436715 0.555691 0.007885 0.010513
1 0.557475 0.656670 0.008715 0.009960
1 0.674791 0.643667 0.007470 0.008300
1 0.643045 0.655564 0.007055 0.009960
1 0.666201 0.798373 0.007055 0.011620
1 0.678858 0.818016 0.007470 0.007746
1 0.637360 0.841808 0.006640 0.009960
1 0.648149 0.851768 0.005810 0.009960
1 0.630637 0.924307 0.006640 0.011620
1 0.571460 0.846290 0.005810 0.011620
1 0.542328 0.883639 0.008300 0.011066
1 0.526351 0.820284 0.007055 0.011620
1 0.606609 0.700492 0.007885 0.012173
1 0.575693 0.772146 0.005810 0.009406
1 0.758493 0.588170 0.007055 0.008853
1 0.794182 0.617219 0.009545 0.010513
1 0.774470 0.618326 0.007470 0.009406
1 0.866846 0.346539 0.009130 0.014939
1 0.826177 0.039562 0.008300 0.013833
1 0.517939 0.503931 0.007504 0.012150
1 0.527587 0.376001 0.009648 0.013579
1 0.598342 0.354560 0.006432 0.010720
1 0.620855 0.420455 0.009648 0.007862
1 0.661110 0.241352 0.008040 0.013579
1 0.818164 0.706118 0.006968 0.012864