1 0.441489 0.325355 0.015957 0.028369
1 0.677527 0.249113 0.011968 0.024823
1 0.784574 0.154255 0.021277 0.023050
1 0.796543 0.059397 0.018617 0.017730
1 0.900931 0.127660 0.011968 0.019504
1 0.988032 0.071809 0.015957 0.014184
1 0.839761 0.264184 0.014628 0.019504
1 0.754654 0.523936 0.019947 0.028369
1 0.682181 0.561170 0.015957 0.021277
1 0.837101 0.570035 0.009309 0.014184
1 0.669548 0.663121 0.011968 0.026596
1 0.783910 0.618794 0.022606 0.026596
1 0.634973 0.804078 0.022606 0.024823
2 0.791223 0.321809 0.010638 0.028369
2 0.792553 0.718972 0.034574 0.017730
2 0.818484 0.731383 0.011968 0.021277
2 0.803191 0.778369 0.015957 0.015957
2 0.834441 0.804078 0.006649 0.014184
2 0.878989 0.931738 0.010638 0.028369
2 0.824468 0.969858 0.021277 0.037234
2 0.676197 0.820035 0.011968 0.024823
2 0.570479 0.768617 0.013298 0.028369
2 0.597739 0.763298 0.017287 0.017730
2 0.571809 0.676418 0.007979 0.024823
2 0.595745 0.616135 0.021277 0.024823
2 0.586436 0.552305 0.013298 0.024823
2 0.644282 0.451241 0.019947 0.021277
2 0.689495 0.384752 0.009309 0.026596
2 0.605053 0.385638 0.023936 0.014184
2 0.626995 0.407801 0.009309 0.019504
2 0.650931 0.421099 0.019947 0.028369
2 0.664229 0.382979 0.011968 0.019504
2 0.677527 0.513298 0.011968 0.017730
2 0.693484 0.625887 0.022606 0.023050
2 0.744681 0.592199 0.015957 0.019504
2 0.763298 0.572695 0.031915 0.015957
2 0.712766 0.581560 0.015957 0.019504
2 0.726064 0.549645 0.015957 0.012411
2 0.712101 0.541667 0.011968 0.017730
2 0.780585 0.410461 0.018617 0.031915
2 0.865691 0.575355 0.013298 0.021277
2 0.611037 0.715426 0.022606 0.028369
2 0.533245 0.454787 0.015957 0.014184
2 0.578457 0.401596 0.023936 0.017730
2 0.540559 0.308511 0.011968 0.008865
2 0.420878 0.293440 0.014628 0.031915
2 0.237367 0.505319 0.011968 0.015957
2 0.257979 0.571809 0.013298 0.024823
2 0.279255 0.533688 0.010638 0.012411
2 0.309840 0.496454 0.018617 0.008865
2 0.371676 0.522163 0.019947 0.021277
2 0.434176 0.501773 0.017287 0.023050
2 0.419933 0.564716 0.015398 0.014184
2 0.429521 0.531915 0.013298 0.015957
2 0.418218 0.382979 0.014628 0.015957
2 0.630984 0.087766 0.009309 0.021277
2 0.689495 0.109929 0.019947 0.023050
2 0.763963 0.195922 0.011968 0.021277
2 0.756649 0.124113 0.010638 0.012411
2 0.720745 0.171986 0.021277 0.015957
2 0.843085 0.149823 0.010638 0.017730
2 0.795213 0.226950 0.010638 0.023050
2 0.529255 0.517730 0.018617 0.023050
2 0.599734 0.517730 0.013298 0.023050
2 0.552527 0.292553 0.019947 0.026596
2 0.450133 0.266844 0.014628 0.017730
2 0.474734 0.296099 0.007979 0.026596
2 0.334441 0.206560 0.017287 0.014184
2 0.323803 0.596631 0.014628 0.024823
2 0.369016 0.570922 0.017287 0.019504
2 0.332447 0.515957 0.018617 0.023050
2 0.552527 0.354610 0.014628 0.023050
2 0.779920 0.644504 0.017287 0.028369
2 0.642952 0.656915 0.017287 0.024823
2 0.664229 0.723404 0.003989 0.019504
2 0.607048 0.892730 0.014628 0.031915
2 0.577793 0.920213 0.019947 0.026596
2 0.551197 0.880319 0.019947 0.024823
2 0.567819 0.854610 0.023936 0.015957
2 0.605053 0.848404 0.015957 0.014184
2 0.625000 0.863475 0.029255 0.015957
2 0.627660 0.886525 0.013298 0.012411
2 0.583777 0.893617 0.010638 0.019504
2 0.779255 0.841312 0.015957 0.017730
2 0.696809 0.711879 0.013298 0.017730
2 0.686835 0.758865 0.006649 0.023050
2 0.699468 0.795213 0.010638 0.017730
2 0.400266 0.660461 0.015957 0.028369
2 0.442819 0.647163 0.013298 0.015957
2 0.321809 0.557624 0.026596 0.028369
2 0.323803 0.697695 0.019947 0.017730
2 0.261303 0.687943 0.014628 0.019504
2 0.250665 0.697695 0.006649 0.031915
2 0.225399 0.703014 0.017287 0.014184
2 0.270612 0.720745 0.019947 0.021277
2 0.316489 0.763298 0.013298 0.021277
2 0.408735 0.203901 0.008399 0.011198
1 0.462276 0.189903 0.017497 0.018664
1 0.631999 0.247760 0.008399 0.013065
1 0.741881 0.273423 0.006999 0.013998
1 0.720185 0.392870 0.005599 0.012131
1 0.567259 0.424599 0.007699 0.008399
1 0.598404 0.451661 0.005599 0.006532
1 0.583357 0.505319 0.002100 0.005599
1 0.570059 0.495521 0.004899 0.004666
1 0.531565 0.485256 0.006299 0.012131
1 0.472424 0.443729 0.005599 0.011198
1 0.555011 0.577641 0.005599 0.006532
1 0.580557 0.621501 0.004899 0.013998
1 0.616951 0.597704 0.004899 0.009332
2 0.604353 0.543580 0.021697 0.011198
2 0.705137 0.606103 0.016097 0.018664
2 0.721235 0.627100 0.014698 0.010265
2 0.640048 0.628033 0.016097 0.017730
2 0.640747 0.578108 0.011898 0.014931
2 0.536114 0.579974 0.018197 0.014931
2 0.557461 0.497387 0.011898 0.019597
2 0.557811 0.397536 0.012598 0.017730
2 0.530865 0.405002 0.017497 0.015864
2 0.496571 0.392404 0.018897 0.009332
2 0.559560 0.330814 0.011898 0.018664
2 0.631649 0.286487 0.009099 0.021463
2 0.659994 0.273423 0.004199 0.004666
2 0.477324 0.683091 0.019597 0.015864
2 0.428681 0.546846 0.013298 0.017730
2 0.482923 0.492721 0.006999 0.017730
2 0.502170 0.489922 0.013298 0.008399
2 0.493841 0.521673 0.008959 0.036441
2 0.460526 0.413867 0.013998 0.013065
2 0.515118 0.526316 0.013998 0.015864
2 0.510568 0.541247 0.011898 0.013998
2 0.509518 0.567376 0.015398 0.008399
2 0.559560 0.621967 0.009099 0.020530
2 0.513018 0.644830 0.016797 0.010265
2 0.495171 0.636898 0.013298 0.013065
2 0.496920 0.653229 0.013998 0.012131
2 0.478024 0.656495 0.016797 0.009332
2 0.501470 0.589306 0.014698 0.029862
2 0.510918 0.611702 0.011198 0.009332
2 0.455977 0.576241 0.037094 0.014931
2 0.479423 0.594438 0.015398 0.015864
2 0.370241 0.732083 0.012598 0.016797
2 0.363242 0.752613 0.013998 0.020530
2 0.415384 0.737682 0.013298 0.014931
2 0.383189 0.711086 0.009099 0.015864
2 0.419233 0.775009 0.015398 0.022396
2 0.438480 0.805338 0.013298 0.023330
0 0.610372 0.263741 0.011968 0.024823
1 0.705120 0.737589 0.009973 0.009752
1 0.745013 0.799202 0.009973 0.008865
1 0.673537 0.735372 0.010638 0.015957
1 0.663896 0.761082 0.004654 0.008865
1 0.691157 0.661348 0.005984 0.009752
1 0.620346 0.365691 0.007979 0.007092
2 0.571144 0.242021 0.007979 0.020390
2 0.632646 0.666223 0.013963 0.017730
2 0.499668 0.710106 0.008644 0.027482
2 0.521941 0.767287 0.019947 0.012411
2 0.538896 0.812500 0.012633 0.019504
2 0.399601 0.798759 0.014628 0.009752
2 0.357380 0.798759 0.016622 0.013298
2 0.354388 0.825355 0.013298 0.009752
2 0.334774 0.819149 0.009973 0.007979
2 0.343418 0.764628 0.011303 0.019504
2 0.334774 0.792110 0.011303 0.015957
2 0.293551 0.744681 0.013963 0.015071
2 0.266290 0.757092 0.016622 0.013298
2 0.277593 0.814273 0.017952 0.017730
2 0.256981 0.808067 0.005984 0.014184
2 0.335993 0.939125 0.019504 0.009456
2 0.339096 0.853428 0.009752 0.017730
2 0.387855 0.816785 0.018617 0.010638
2 0.400709 0.858156 0.014184 0.020095
2 0.452571 0.852246 0.015071 0.017730
2 0.463652 0.781324 0.014184 0.017730
2 0.485372 0.823877 0.015071 0.013002
2 0.500000 0.908392 0.012411 0.023641
2 0.476507 0.911939 0.011525 0.018913
2 0.492908 0.743499 0.012411 0.015366
2 0.505762 0.683806 0.015071 0.016548
2 0.545213 0.774823 0.012411 0.018913
2 0.535018 0.742317 0.016844 0.017730
2 0.568262 0.707447 0.017730 0.028369
2 0.726507 0.855201 0.007979 0.016548
2 0.760638 0.871749 0.012411 0.011820
2 0.826684 0.914894 0.011525 0.027187
2 0.804521 0.928487 0.007979 0.009456
2 0.814716 0.927305 0.012411 0.035461
2 0.794770 0.744681 0.013298 0.010638
2 0.689273 0.292553 0.007979 0.023641
2 0.378989 0.875887 0.009752 0.027187
2 0.411791 0.879433 0.011525 0.022459
2 0.393174 0.930260 0.018617 0.015366
2 0.401596 0.910757 0.021277 0.016548
2 0.296543 0.871749 0.009752 0.014184
2 0.263298 0.872340 0.010638 0.013002
2 0.289007 0.924941 0.010638 0.016548
2 0.364805 0.992021 0.009752 0.015957
0 0.279255 0.966312 0.019504 0.021277
1 0.450798 0.942671 0.006206 0.007092
1 0.529699 0.915485 0.006206 0.009456
1 0.273050 0.450946 0.008865 0.014184
1 0.294770 0.320331 0.007979 0.008274
1 0.361259 0.271277 0.009752 0.011820
1 0.430851 0.346336 0.005319 0.005910
1 0.218528 0.621749 0.004433 0.008274
2 0.200355 0.638889 0.017730 0.028369
2 0.180851 0.703310 0.010638 0.024823
2 0.207447 0.661939 0.017730 0.010638
2 0.162234 0.743499 0.012411 0.020095
2 0.148936 0.726359 0.015957 0.018913
2 0.167110 0.774232 0.013298 0.010638
2 0.178635 0.906619 0.011525 0.022459
2 0.155585 0.919622 0.007979 0.015366
2 0.223848 0.912530 0.013298 0.022459
2 0.210106 0.905437 0.005319 0.005910
2 0.236702 0.872931 0.010638 0.014184
2 0.205230 0.788416 0.011525 0.013002
2 0.179078 0.818558 0.014184 0.009456
2 0.152482 0.839243 0.010638 0.022459
2 0.214096 0.841608 0.013298 0.029551
2 0.234043 0.803191 0.010638 0.009456
2 0.292110 0.846336 0.018617 0.010638
2 0.309840 0.790780 0.027482 0.020095
2 0.681294 0.782506 0.023936 0.008274
2 0.676418 0.761820 0.014184 0.028369
2 0.677305 0.371749 0.008865 0.028369
2 0.400709 0.417849 0.012411 0.028369
2 0.417996 0.465130 0.007979 0.016548
2 0.253989 0.835106 0.006206 0.011820
2 0.310284 0.812648 0.017730 0.014184
2 0.254433 0.908392 0.010638 0.021277
2 0.189273 0.785461 0.004433 0.011820
2 0.179078 0.954492 0.008865 0.018913
2 0.238918 0.830969 0.015071 0.015366
2 0.236259 0.857565 0.009752 0.009456
2 0.547429 0.107565 0.016844 0.015366
2 0.566489 0.121749 0.014184 0.022459
2 0.767287 0.010047 0.015071 0.016548
2 0.843085 0.384752 0.007092 0.009456